0.0005524861878452876  4.873531466311043
0.0011049723756906033  4.770051438369213
0.002762430939226522  4.655013653394297
0.004972375690607739  4.5629326220867465
0.005524861878453045  4.47094684701848
0.006077348066298341  4.378961071950213
0.006629834254143633  4.252492538261256
0.007182320441988952  4.149012510319426
0.007734806629834253  4.045532482377595
0.00828729281767956  3.930558201562202
0.009392265193370167  3.850034927287737
0.01104972375690607  3.8499396710484537
0.013259668508287283  3.861306915602972
0.0154696132596685  3.94163967739887
0.017127071823204425  4.010509938400966
0.02099447513812155  3.98729916809551
0.023756906077348056  3.9411633962024513
0.025414364640883973  3.918079634216041
0.02762430939226518  3.848987108655617
0.029834254143646412  3.7454118244745027
0.031491712707182325  3.6763510509938397
0.03259668508287293  3.6188162824665016
0.037016574585635356  3.6645392773226644
0.039779005524861896  3.5609322410617894
0.0425414364640884  3.491807963421604
0.04475138121546961  3.42271543786118
0.046961325966850834  3.3881056709214454
0.04861878453038673  3.3650219089350353
0.05082872928176795  3.422366164983806
0.05248618784530387  3.4682479202387757
0.05580110497237569  3.410586143392392
0.0569060773480663  3.3990283863593063
0.06187845303867403  3.387248364767892
0.06685082872928176  3.4099511017971675
0.07016574585635359  3.3752778306979105
0.07127071823204419  3.3637200736648247
0.07458563535911603  3.3520353083126944
0.08011049723756906  3.3402235346415186
0.087292817679558  3.3283165047310597
0.09337016574585637  3.327967231853686
0.09834254143646409  3.3046929573887085
0.10497237569060772  3.2813234266844473
0.1104972375690608  3.2580174001397086
0.11657458563535912  3.2576681272623356
0.12320441988950276  3.2342985965580744
0.1298342541436464  3.210929065853813
0.13701657458563538  3.1990220359433543
0.14419889502762429  3.1871150060328945
0.15082872928176796  3.18673398107576
0.1580110497237569  3.1863212040388644
0.16408839779005524  3.1859719311614905
0.1701657458563536  3.185622658284117
0.18011049723756908  3.185051120848415
0.18674033149171274  3.1846700958912804
0.19171270718232045  3.18438432717343
0.1988950276243094  3.1839715501365338
0.28571428571428514  3.234806629834254
0.38095238095238004  3.207182320441989
0.547619047619047  3.2182320441988947
0.6190476190476188  3.212707182320442
0.6904761904761896  3.1961325966850826
0.7619047619047619  3.201657458563536
0.8333333333333333  3.207182320441989
0.9047619047619044  3.185082872928177
0.9761904761904756  3.1629834254143647
1.047619047619048  3.1906077348066297
1.0952380952380953  3.201657458563536
1.1904761904761902  3.179558011049724
1.2857142857142851  3.1906077348066297
1.3571428571428572  3.1629834254143647
1.380952380952381  3.1519337016574585
1.4285714285714277  3.185082872928177
1.452380952380952  3.1629834254143647
1.5714285714285716  3.1906077348066297
1.7142857142857135  3.1629834254143647
1.7857142857142851  3.185082872928177
1.8809523809523812  3.179558011049724
1.952380952380952  3.179558011049724
2.071428571428571  3.1906077348066297
2.261904761904761  3.1906077348066297
2.3809523809523805  3.1740331491712706
2.452380952380952  3.1906077348066297
2.5238095238095237  3.174033149171271
2.595238095238095  3.1685082872928176
2.6428571428571432  3.185082872928177
2.7857142857142856  3.1740331491712706
3.071428571428571  3.1574585635359114
3.2380952380952377  3.1464088397790055
3.404761904761904  3.1243093922651934
3.5238095238095233  3.113259668508287
3.5952380952380945  3.1077348066298343
3.8095238095238093  3.1077348066298343
3.9523809523809517  3.091160220994475
4.142857142857142  3.074585635359116
4.285714285714285  3.06353591160221
4.428571428571428  3.052486187845304
4.619047619047619  3.041436464088398
4.80952380952381  3.0193370165745854
4.999999999999999  3.0027624309392267
5.309523809523809  2.9751381215469612
5.571428571428572  2.947513812154696
5.809523809523809  2.930939226519337
6.0476190476190474  2.908839779005525
6.309523809523809  2.8812154696132595
6.523809523809524  2.8646408839779007
6.761904761904762  2.8370165745856353
7.023809523809524  2.8093922651933703
7.2142857142857135  2.776243093922652
7.476190476190476  2.743093922651934
7.7142857142857135  2.7044198895027622
7.833333333333334  2.6988950276243093
8.071428571428571  2.6712707182320443
8.261904761904763  2.643646408839779
8.38095238095238  2.6160220994475134
8.547619047619047  2.5828729281767955
8.69047619047619  2.5386740331491713
8.833333333333332  2.4944751381215458

