0.003314917127071824  2.8503842001651107
0.004419889502762432  3.091700006350416
0.004972375690607737  3.2525877945005397
0.006077348066298345  3.459420842065155
0.008839779005524854  3.6431701276433603
0.00883977900552486  3.792595414999682
0.013812154696132601  3.8382866577760844
0.01878453038674033  3.9414491649203023
0.020994475138121547  4.010287673842637
0.02320441988950276  4.11360894138566
0.025966850828729283  4.0904616752397285
0.029834254143646405  4.124722169302089
0.032044198895027624  4.193560678224424
0.03370165745856353  4.124499904743761
0.03535911602209943  4.043944878389534
0.037569060773480656  4.170254651679685
0.038121546961325956  4.250682669714866
0.04033149171270718  4.101130374039499
0.04088397790055248  4.055121610465486
0.04309392265193371  4.08947736076713
0.04806629834254143  4.158157109290658
0.04917127071823204  4.158093605131136
0.05082872928176795  4.135009843144726
0.05469613259668509  4.088810567092144
0.060220994475138144  4.122975804915222
0.06408839779005523  4.122753540356893
0.06906077348066299  4.0420080015241
0.07237569060773479  4.018828983298405
0.07955801104972375  4.0069219533879465
0.08950276243093921  4.0063504159522445
0.09723756906077347  3.9484346224677713
0.10497237569060772  3.9020130818568615
0.11381215469613258  3.8555280370864287
0.12375690607734804  3.8089794881564742
0.1320441988950276  3.7625261954658025
0.1425414364640884  3.7159458944560866
0.15138121546961325  3.6694608496856542
0.16132596685082876  3.6344065536292627
0.1696132596685083  3.599447513812154
0.18066298342541437  3.56432971359624
0.18950276243093922  3.5178446688258074
0.1988950276243094  3.49431637772274
0.30952380952380953  3.251381215469613
0.4285714285714286  3.1519337016574585
0.5952380952380945  3.0801104972375692
0.7619047619047619  2.9917127071823204
0.9999999999999998  2.9198895027624308
1.2857142857142854  2.842541436464088
1.4999999999999996  2.770718232044199
1.8095238095238095  2.6933701657458564
2.0714285714285716  2.62707182320442
2.3809523809523805  2.5552486187845305
2.6904761904761907  2.4889502762430937
2.9761904761904763  2.4171270718232045
3.380952380952381  2.3508287292817673
3.6666666666666665  2.3011049723756902
4  2.2569060773480665
4.404761904761905  2.229281767955801
4.904761904761905  2.2182320441988947
5.166666666666666  2.2182320441988947
5.69047619047619  2.234806629834253
6.023809523809524  2.2569060773480665
6.404761904761905  2.290055248618784
6.761904761904762  2.3287292817679552
7.214285714285714  2.37292817679558
7.571428571428571  2.417127071823204
7.904761904761903  2.444751381215469
8.333333333333332  2.488950276243093
8.761904761904763  2.4613259668508287
