0.0022099447513812104  3.4481488537499208
0.0022099447513812156  3.1837810376579667
0.002762430939226517  2.953864228106941
0.00718232044198895  2.8156791769860927
0.008839779005524857  2.7006413920111765
0.012154696132596687  2.7464278910268622
0.017127071823204415  2.84959039817108
0.022099447513812154  2.9642471581888614
0.028729281767955802  3.0213373975995426
0.03535911602209944  3.1129103956309137
0.03922651933701657  3.089699625325459
0.043646408839779  3.043468597193116
0.049171270718232046  3.0891280878897565
0.05524861878453038  3.0428018035181306
0.06298342541436464  3.03086302152791
0.0701657458563536  3.018955991617451
0.07734806629834254  2.9955547088334282
0.08397790055248619  2.9836794310027295
0.09171270718232045  2.9602463961389467
0.09779005524861879  2.936908617514446
0.10607734806629834  2.901949577697339
0.112707182320442  2.878580046993077
0.12044198895027625  2.855147012129294
0.12817679558011053  2.83171397726551
0.13480662983425415  2.808344446561248
0.1430939226519337  2.7963739124912657
0.15580110497237568  2.772655108909633
0.16353591160220998  2.760716326919412
0.17071823204419892  2.7488092970089526
0.17845303867403317  2.736870515018731
0.1856353591160221  2.724963485108274
0.1922651933701658  2.7245824601511375
0.1988950276243094  2.7127071823204387
0.3809523809523814  2.5994475138121547
0.5714285714285718  2.5497237569060776
0.785714285714286  2.516574585635359
1.0714285714285716  2.4668508287292816
1.380952380952381  2.4337016574585633
1.6666666666666667  2.4171270718232045
1.976190476190476  2.4005524861878453
2.2857142857142856  2.3950276243093924
2.619047619047619  2.378453038674033
2.857142857142857  2.3453038674033144
3.119047619047619  2.3232044198895028
3.4761904761904763  2.3011049723756902
3.7142857142857144  2.284530386740331
4.071428571428571  2.2624309392265194
4.476190476190476  2.262430939226519
4.738095238095238  2.2679558011049723
5.0476190476190474  2.273480662983425
5.333333333333333  2.2845303867403315
5.619047619047619  2.2955801104972373
5.928571428571429  2.312154696132597
6.19047619047619  2.3342541436464086
6.476190476190476  2.356353591160221
6.714285714285714  2.3839779005524857
7.071428571428571  2.4116022099447503
7.357142857142857  2.4337016574585633
7.642857142857142  2.4668508287292807
7.928571428571428  2.494475138121546
8.238095238095237  2.516574585635359
8.571428571428571  2.522099447513812
8.785714285714285  2.5
