-0.01911764705882353  8.301724137931034
-0.011764705882352948  8.301724137931034
-0.0058823529411764774  8.301724137931034
-0.003676470588235309  8.198275862068966
0.0007352941176470562  8.301724137931034
0.0014705882352941124  8.612068965517242
0.002941176470588218  9.28448275862069
0.002941176470588232  8.948275862068966
0.002941176470588232  9.724137931034482
0.002941176470588232  10.112068965517242
0.002941176470588232  10.551724137931034
0.002941176470588232  10.939655172413794
0.003676470588235274  11.275862068965518
0.003676470588235295  11.71551724137931
0.0051470588235294  12
0.0058823529411764705  12.413793103448276
0.009558823529411765  12.155172413793103
0.012500000000000004  11.793103448275861
0.014705882352941166  11.405172413793103
0.016176470588235292  10.965517241379311
0.018382352941176454  10.5
0.02058823529411763  9.905172413793103
0.02279411764705882  9.543103448275863
0.023529411764705882  9.310344827586206
0.028676470588235293  9.051724137931034
0.03161764705882353  8.818965517241379
0.03529411764705882  8.534482758620689
0.04191176470588236  8.560344827586206
0.04852941176470588  8.689655172413794
0.05294117647058824  8.818965517241379
0.061764705882352944  8.870689655172415
0.06764705882352942  8.974137931034482
0.07205882352941177  9.051724137931034
0.07573529411764707  9.181034482758621
0.08529411764705884  9.258620689655173
0.09705882352941177  9.362068965517242
0.10882352941176471  9.491379310344827
0.1235294117647059  9.594827586206897
0.1411764705882353  9.698275862068964
0.15588235294117647  9.698275862068966
0.17058823529411765  9.672413793103448
0.18382352941176472  9.672413793103448
0.19632352941176473  9.672413793103448
0.31545741324921117  9.77966142509693
0.5141955835962142  10.00758542634912
0.7791798107255519  10.158812338960196
1.0441640378548895  10.233703373708668
1.309148264984227  10.232258530594557
1.596214511041009  10.23069328388759
1.9053627760252365  10.114503816793892
2.1924290220820186  9.99843475329304
2.4353312302839116  9.806270619115278
2.7444794952681386  9.690081152021577
3.009463722397476  9.497796614250971
3.3186119873817033  9.381607147157272
3.4952681388012614  9.227972162689335
3.826498422712934  9.111662292002794
4.157728706624606  8.919016543453658
4.555205047318612  8.726009584125991
4.886435331230285  8.533363835576854
5.239747634069401  8.416933561297471
5.548895899053628  8.18624027740988
6.034700315457414  7.992751703710839
6.454258675078865  7.723288462927734
6.785488958990537  7.492474775447299
7.182965299684543  7.2612998771883355
7.6025236593059935  6.953668697473933
7.911671924290221  6.684807474655043
8.242902208201894  6.415825848243312
8.529968454258675  6.147085029017266
8.861198738170348  5.878103402605534
