0.003676470588235281  10.21551724137931
0.003676470588235281  10.629310344827587
0.003676470588235295  10.913793103448276
0.004411764705882358  11.224137931034482
0.0058823529411764774  11.53448275862069
0.00735294117647059  11.89655172413793
0.009558823529411752  12.439655172413794
0.009558823529411759  12.181034482758621
0.011029411764705857  12.75
0.013235294117647033  13.086206896551722
0.015441176470588208  13.396551724137932
0.020588235294117636  13.525862068965518
0.029411764705882342  13.448275862068964
0.03823529411764706  13.39655172413793
0.04264705882352941  13.39655172413793
0.04705882352941174  13.31896551724138
0.05294117647058824  13.39655172413793
0.06323529411764706  13.39655172413793
0.07279411764705881  13.422413793103448
0.07941176470588235  13.422413793103448
0.08823529411764705  13.370689655172413
0.09779411764705882  13.318965517241379
0.1051470588235294  13.31896551724138
0.1161764705882353  13.31896551724138
0.1235294117647059  13.293103448275863
0.13676470588235295  13.267241379310345
0.14264705882352943  13.267241379310345
0.15220588235294122  13.241379310344826
0.15955882352941178  13.163793103448274
0.16985294117647062  13.163793103448274
0.1772058823529412  13.163793103448276
0.18750000000000006  13.13793103448276
0.19558823529411767  13.137931034482758
0.5141955835962142  13.022852601921645
0.779179810725552  13.021407758807522
1.088328075709779  12.867050352782531
1.2870662460567823  12.789630842584344
1.5520504731861196  12.597346304813735
1.772870662460568  12.443470513160117
2.0157728706624605  12.174970501119752
2.2365930599369084  11.982926770534839
2.4132492113564665  11.752955908204303
2.6782334384858046  11.4461675536398
2.899053627760252  11.177787945192286
3.1198738170347  10.909408336744772
3.3848580441640372  10.602619982180268
3.6277602523659307  10.448623786933801
3.9369085173501577  10.141594625183615
4.290220820189274  9.834324656247745
4.643533123028391  9.565222626243168
5.041009463722398  9.25771185012161
5.350157728706624  8.988850627302718
5.681388012618297  8.719869000890988
5.990536277602524  8.451007778072098
6.321766561514196  8.220194090591663
6.608832807570978  8.065957088159513
6.94006309148265  7.720639583885184
7.227129337539432  7.451898764659138
7.558359621451104  7.182917138247406
7.9116719242902205  6.837479230380235
8.331230283911673  6.529848050665832
8.728706624605678  6.031497579887784
