0.005147058823529407  8.560344827586206
0.0051470588235294  8.974137931034482
0.005147058823529407  9.362068965517242
0.007352941176470576  9.801724137931034
0.009558823529411765  10.267241379310345
0.013235294117647053  10.60344827586207
0.01691176470588234  10.991379310344827
0.02205882352941177  11.379310344827587
0.029411764705882346  11.71551724137931
0.04044117647058822  11.896551724137932
0.04852941176470588  12.129310344827585
0.06102941176470587  12.206896551724139
0.06985294117647058  12.28448275862069
0.09044117647058825  12.362068965517242
0.10955882352941176  12.465517241379311
0.12058823529411763  12.543103448275863
0.1301470588235294  12.543103448275863
0.14264705882352943  12.56896551724138
0.15661764705882358  12.594827586206897
0.16617647058823531  12.594827586206897
0.18161764705882355  12.594827586206897
0.19264705882352945  12.64655172413793
0.19779411764705884  12.64655172413793
0.33753943217665594  12.871144074939199
0.712933753943217  12.983601030654757
1.0220820189274442  13.058251258217545
1.3974763406940058  12.865364702482724
1.7507886435331232  12.672598550340744
2.05993690851735  12.403737327521853
2.3911671924290214  12.096587762178823
2.6561514195583595  11.789799407614321
2.9432176656151423  11.521058588388279
3.296529968454258  11.099284802658511
3.6277602523659302  10.792135237315485
3.892744479495268  10.485346882750981
4.201892744479495  10.25465359886339
4.511041009463721  9.909456498181907
4.886435331230285  9.60206612565319
5.261829652996846  9.256507814193178
5.526813880126182  9.102391215353865
5.880126182965299  8.718785368555398
6.189274447949527  8.44992414573651
6.520504731861199  8.257278397187372
6.785488958990537  7.950490042622873
7.138801261829654  7.643220073686999
7.447949526813881  7.450694728730705
7.823343848580442  7.028800539408096
8.132492113564668  6.683603438726612
8.419558359621451  6.4530305584318635
8.77287066246057  6.145760589495991
