0 -0.019 3.03585e-05
1 -0.0189692 3.12942e-05
2 -0.0189374 3.22588e-05
3 -0.0189047 3.32531e-05
4 -0.0188709 3.42781e-05
5 -0.0188361 3.53346e-05
6 -0.0188002 3.64237e-05
7 -0.0187632 3.75464e-05
8 -0.0187251 3.87037e-05
9 -0.0186858 3.98967e-05
10 -0.0186453 4.11264e-05
11 -0.0186036 4.2394e-05
12 -0.0185605 4.37007e-05
13 -0.0185161 4.50477e-05
14 -0.0184704 4.64362e-05
15 -0.0184233 4.78675e-05
16 -0.0183747 4.93429e-05
17 -0.0183246 5.08638e-05
18 -0.0182729 5.24315e-05
19 -0.0182197 5.40476e-05
20 -0.0181648 5.57135e-05
21 -0.0181082 5.74308e-05
22 -0.0180499 5.9201e-05
23 -0.0179898 6.10257e-05
24 -0.0179279 6.29067e-05
25 -0.017864 6.48456e-05
26 -0.0177982 6.68444e-05
27 -0.0177303 6.89047e-05
28 -0.0176603 7.10285e-05
29 -0.0175882 7.32178e-05
30 -0.0175139 7.54746e-05
31 -0.0174373 7.7801e-05
32 -0.0173583 8.0199e-05
33 -0.0172768 8.2671e-05
34 -0.0171929 8.52191e-05
35 -0.0171064 8.78458e-05
36 -0.0170172 9.05535e-05
37 -0.0169253 9.33446e-05
38 -0.0168305 9.62217e-05
39 -0.0167328 9.91875e-05
40 -0.0166321 0.000102245
41 -0.0165283 0.000105396
42 -0.0164213 0.000108645
43 -0.016311 0.000111994
44 -0.0161973 0.000115446
45 -0.01608 0.000119004
46 -0.0159592 0.000122672
47 -0.0158347 0.000126453
48 -0.0157063 0.000130351
49 -0.0155739 0.000134368
50 -0.0154375 0.00013851
51 -0.0152969 0.000142779
52 -0.0151519 0.00014718
53 -0.0150025 0.000151717
54 -0.0148485 0.000156393
55 -0.0146897 0.000161214
56 -0.014526 0.000166183
57 -0.0143573 0.000171305
58 -0.0141833 0.000176585
59 -0.0140041 0.000182028
60 -0.0138192 0.000187638
61 -0.0136287 0.000193422
62 -0.0134324 0.000199384
63 -0.0132299 0.000205529
64 -0.0130213 0.000211864
65 -0.0128061 0.000218394
66 -0.0125844 0.000225126
67 -0.0123558 0.000232065
68 -0.0121202 0.000239218
69 -0.0118774 0.000246591
70 -0.011627 0.000254192
71 -0.0113689 0.000262027
72 -0.0111029 0.000270103
73 -0.0108286 0.000278429
74 -0.010546 0.000287011
75 -0.0102546 0.000295857
76 -0.00995417 0.000304976
77 -0.00964453 0.000314376
78 -0.00932535 0.000324066
79 -0.00899633 0.000334055
80 -0.00865716 0.000344352
81 -0.00830754 0.000354965
82 -0.00794715 0.000365906
83 -0.00757565 0.000377185
84 -0.00719269 0.000388811
85 -0.00679794 0.000400795
86 -0.00639101 0.000413148
87 -0.00597154 0.000425883
88 -0.00553915 0.00043901
89 -0.00509342 0.000452541
90 -0.00463396 0.00046649
91 -0.00416034 0.000480868
92 -0.00367211 0.00049569
93 -0.00316884 0.000510969
94 -0.00265006 0.000526718
95 -0.00211528 0.000542953
96 -0.00156403 0.000559688
97 -0.000995777 0.00057694
98 -0.000410014 0.000594723
99 0.000193805 0.000613054
100 0.000816235 0.00063195
101 0.00145785 0.000651428
102 0.00211924 0.000671507
103 0.00280102 0.000692205
104 0.00350381 0.00071354
105 0.00422826 0.000735534
106 0.00497505 0.000758205
107 0.00574485 0.000781575
108 0.00653838 0.000805665
109 0.00735636 0.000830498
110 0.00819956 0.000856096
111 0.00906875 0.000882484
112 0.00996473 0.000909684
113 0.0108883 0.000937723
114 0.0118404 0.000966627
115 0.0128218 0.000996421
116 0.0138335 0.00102713
117 0.0148763 0.00105879
118 0.0159513 0.00109143
119 0.0170594 0.00112507
120 0.0182017 0.00115975
121 0.0193792 0.00119549
122 0.020593 0.00123234
123 0.0218441 0.00127033
124 0.0231339 0.00130948
125 0.0244634 0.00134984
126 0.0258339 0.00139145
127 0.0272466 0.00143434
128 0.0287029 0.00147855
129 0.0302041 0.00152412
130 0.0317515 0.0015711
131 0.0333466 0.00161952
132 0.0349909 0.00166944
133 0.0366859 0.0017209
134 0.0384331 0.00177394
135 0.0402342 0.00182862
136 0.0420908 0.00188498
137 0.0440046 0.00194308
138 0.0459774 0.00200297
139 0.048011 0.00206471
140 0.0501073 0.00212835
141 0.0522682 0.00219395
142 0.0544957 0.00226158
143 0.0567918 0.00233129
144 0.0591588 0.00240314
145 0.0615987 0.00247721
146 0.0641138 0.00255357
147 0.0667064 0.00263228
148 0.0693789 0.00271341
149 0.0721339 0.00279705
150 0.0749737 0.00288326
151 0.077901 0.00297213
152 0.0809186 0.00306374
153 0.0840292 0.00315817
154 0.0872357 0.00325551
155 0.090541 0.00335586
156 0.0939482 0.0034593
157 0.0974604 0.00356592
158 0.101081 0.00367583
159 0.104813 0.00378913
160 0.10866 0.00390592
161 0.112626 0.00402632
162 0.116714 0.00415042
163 0.120927 0.00427835
164 0.125271 0.00441022
165 0.129749 0.00454615
166 0.134365 0.00468628
167 0.139123 0.00483072
168 0.144027 0.00497962
169 0.149083 0.0051331
170 0.154295 0.00529132
171 0.159667 0.00545441
172 0.165205 0.00562253
173 0.170913 0.00579584
174 0.176798 0.00597448
175 0.182863 0.00615863
176 0.189116 0.00634846
177 0.195562 0.00654413
178 0.202206 0.00674584
179 0.209055 0.00695377
180 0.216115 0.0071681
181 0.223393 0.00738904
182 0.230895 0.00761679
183 0.238628 0.00785157
184 0.2466 0.00809357
185 0.254817 0.00834304
186 0.263288 0.0086002
187 0.27202 0.00886528
188 0.281021 0.00913853
189 0.290299 0.00942021
190 0.299863 0.00971056
191 0.309722 0.0100099
192 0.319885 0.0103184
193 0.330361 0.0106364
194 0.34116 0.0109643
195 0.352292 0.0113022
196 0.363768 0.0116506
197 0.375596 0.0120097
198 0.38779 0.0123799
199 0.400359 0.0127615
200 0.413316 0.0131548
201 0.426672 0.0135603
202 0.440439 0.0139782
203 0.454631 0.0144091
204 0.469261 0.0148532
205 0.484341 0.015311
206 0.499886 0.015783
207 0.515911 0.0162694
208 0.532429 0.0167709
209 0.549456 0.0172878
210 0.567009 0.0178207
211 0.585102 0.01837
212 0.603753 0.0189362
213 0.622979 0.0195199
214 0.642797 0.0201215
215 0.663226 0.0207417
216 0.684285 0.021381
217 0.705993 0.0220401
218 0.728371 0.0227194
219 0.751438 0.0234197
220 0.775215 0.0241415
221 0.799726 0.0248857
222 0.824992 0.0256527
223 0.851038 0.0264434
224 0.877885 0.0272585
225 0.905561 0.0280986
226 0.934089 0.0289647
227 0.963497 0.0298575
228 0.993811 0.0307778
229 1.02506 0.0317264
230 1.05727 0.0327043
231 1.09048 0.0337124
232 1.1247 0.0347515
233 1.15999 0.0358226
234 1.19636 0.0369268
235 1.23385 0.038065
236 1.2725 0.0392382
237 1.31233 0.0404477
238 1.3534 0.0416944
239 1.39573 0.0429795
240 1.43937 0.0443043
241 1.48435 0.0456698
242 1.53072 0.0470775
243 1.57852 0.0485286
244 1.62779 0.0500244
245 1.67858 0.0515663
246 1.73093 0.0531557
247 1.7849 0.0547941
248 1.84053 0.056483
249 1.89788 0.058224
250 1.95699 0.0600186
251 2.01793 0.0618685
252 2.08075 0.0637755
253 2.1455 0.0657412
254 2.21224 0.0677676
255 2.28105 0.0698563
256 2.35197 0.0720095
257 2.42508 0.074229
258 2.50045 0.076517
259 2.57813 0.0788755
260 2.65822 0.0813066
261 2.74077 0.0838127
262 2.82586 0.0863961
263 2.91358 0.089059
264 3.004 0.0918041
265 3.09721 0.0946338
266 3.19329 0.0975506
267 3.29233 0.100557
268 3.39443 0.103657
269 3.49967 0.106852
270 3.60816 0.110145
271 3.71999 0.11354
272 3.83526 0.11704
273 3.95409 0.120647
274 4.07659 0.124366
275 4.20285 0.128199
276 4.33301 0.132151
277 4.46719 0.136224
278 4.60549 0.140423
279 4.74806 0.144751
280 4.89503 0.149213
281 5.04652 0.153812
282 5.20269 0.158553
283 5.36367 0.16344
284 5.52961 0.168478
285 5.70066 0.173671
286 5.87699 0.179024
287 6.05875 0.184542
288 6.24611 0.19023
289 6.43925 0.196093
290 6.63835 0.202137
291 6.84357 0.208368
292 7.05513 0.21479
293 7.2732 0.221411
294 7.498 0.228235
295 7.72973 0.23527
296 7.9686 0.242522
297 8.21483 0.249997
298 8.46865 0.257703
299 8.73029 0.265646
