-0.019852941176470587  2.2857142857142856
-0.01544117647058824  3.1164465786314524
-0.013235294117647062  3.613445378151261
-0.010294117647058825  4.765906362545017
-0.008088235294117655  5.915966386554621
-0.006617647058823521  7.226890756302522
-0.005882352941176477  8.535414165666266
-0.004411764705882352  9.846338535414164
-0.002941176470588242  11.157262905162066
-0.0014705882352941306  12.468187274909962
0  13.452581032412965
0.0014705882352941126  11.987995198079233
0.0029411764705882253  9.054021608643456
0.0036764705882352754  10.6890756302521
0.0036764705882352798  15.750300120048017
0.0036764705882353153  11.831932773109243
0.0036764705882353153  13.464585834333732
0.0036764705882353374  20.48499399759904
0.004411764705882286  24.56902761104441
0.004411764705882315  26.5282112845138
0.0044117647058824  29.140456182472985
0.005147058823529417  32.40816326530612
0.005147058823529447  33.71428571428571
0.00514705882352949  35.51020408163265
0.005882352941176459  38.12484993997599
0.007352941176470588  36.98679471788715
0.008088235294117563  35.51980792316927
0.008088235294117615  34.37695078031212
0.008823529411764777  32.746698679471784
0.009558823529411826  29.483793517406962
0.010294117647058794  27.853541416566628
0.01102941176470586  25.73349339735895
0.011764705882352932  24.266506602641055
0.012500000000000027  22.472989195678277
0.01323529411764704  21.00600240096038
0.013970588235294106  19.049219687875144
0.014705882352941166  17.092436974789916
0.016176470588235313  15.301320528211283
0.017647058823529405  13.673469387755102
0.01911764705882352  12.208883553421368
0.020588235294117657  10.744297719087635
0.02205882352941176  9.279711884753901
0.024264705882352924  7.817527010804322
0.02867647058823529  6.525810324129654
0.033088235294117654  5.397358943577431
0.03676470588235294  4.593037214885956
0.04191176470588236  4.44657863145258
0.046323529411764715  4.460984393757502
0.049264705882352954  4.470588235294119
0.05073529411764705  3.9020408163265308
0.055882352941176466  3.8040816326530615
0.05955882352941175  3.6244897959183677
0.06470588235294118  3.4775510204081637
0.06911764705882353  3.3632653061224493
0.07205882352941174  3.29795918367347
0.07352941176470587  3.29795918367347
0.07352941176470587  3.2163265306122453
0.07720588235294117  3.183673469387755
0.08161764705882354  3.053061224489796
0.08750000000000001  2.922448979591837
0.09632352941176472  2.7918367346938777
0.10514705882352943  2.628571428571429
0.11470588235294117  2.46530612244898
0.12132352941176472  2.3346938775510204
0.12941176470588234  2.2040816326530615
0.13823529411764707  2.0571428571428574
0.14558823529411766  1.942857142857143
0.15294117647058825  1.8612244897959187
0.16176470588235298  1.7469387755102042
0.1698529411764706  1.66530612244898
0.1772058823529412  1.551020408163266
0.1852941176470589  1.5020408163265309
0.1933823529411765  1.4204081632653063
0.1985294117647059  1.3877551020408168
0.2961753580550255  1.1486846188873152
0.4051437069606538  0.922711547538235
0.5816656428825443  0.7863887450927949
0.7807054411431888  0.683561116485871
1.0463935857230608  0.5822761112911337
1.4014742491351713  0.5056902031114164
1.7119718082182918  0.4392886298808629
2.0222430571271532  0.37410346398506855
2.332966926384533  0.3314979199436395
2.6655297274578897  0.2822719002411525
2.953735734376515  0.2452381307601423
3.3311079499531213  0.21295538990230897
3.686414923539491  0.1886547998419331
4.041721897125861  0.16712717870032134
4.5082603213604475  0.14505343247938615
4.996411367236753  0.11859955079168383
5.440431929132585  0.10092418351566014
5.906970353367171  0.08759436587735468
6.3066341211082735  0.07605396921494186
6.728589441013869  0.06602564742107013
6.951052342310303  0.06337472383430774
7.283162523035141  0.051862757952949395
7.726504154408198  0.04158118306720387
8.081132197471792  0.03470604276842037
8.435760240535384  0.028967655939386973
8.678704212602245  0.023717701154231143
8.87706508034011  0.019424134970285604
