0.013157894736842106  0.20451127819548978
0.016315789473684214  0.3780880773361989
0.020000000000000004  1.0431793770139655
0.024210526315789477  2.0365198711063397
0.02842105263157895  2.703329752953815
0.03578947368421054  2.727389903329756
0.0436842105263158  2.9164339419978567
0.04947368421052632  3.0986036519871156
0.053676470588235305  2.7102040816326536
0.06102941176470589  2.6285714285714286
0.07058823529411763  2.5306122448979593
0.075  2.43265306122449
0.0801470588235294  2.3836734693877553
0.0875  2.3346938775510204
0.09632352941176472  2.1714285714285717
0.10661764705882354  2.089795918367347
0.11544117647058824  1.959183673469388
0.12573529411764708  1.8612244897959185
0.13823529411764707  1.7632653061224488
0.1448529411764706  1.6816326530612247
0.1536764705882353  1.6326530612244898
0.1647058823529412  1.5510204081632657
0.17500000000000004  1.502040816326531
0.18455882352941178  1.4367346938775512
0.19338235294117645  1.4040816326530614
0.199264705882353  1.3714285714285719
0.3855678768872649  1.171129040797479
0.4722446736283986  0.9408596163229647
0.6935760240535385  0.8177300577175232
1.0036209627881405  0.6826971235735833
1.2254049335617987  0.6173913176401977
1.4026058000064652  0.5584738183389025
1.6246160809543821  0.5151799091124333
1.9130483980472657  0.4565653241659053
2.178962852801396  0.39671461669734315
2.5117519640490125  0.34457891318764783
2.7114706928324326  0.3179067321850273
2.866380007112605  0.2876053449190738
3.044259804080048  0.27612785529131506
3.2655911545051888  0.23999121986682684
3.5763150237625685  0.21265932515868113
3.909104135010184  0.18471192151284246
4.264184798422294  0.16041703806087707
4.642009634347419  0.14494339973960724
4.974798745595034  0.12589513230388416
5.374462513336135  0.10930868008059828
5.7964178332417315  0.09489545970529334
6.151498496653842  0.08241400147142128
6.596197989072451  0.07443619558412036
6.995635446639294  0.06335869512369778
7.305906695548155  0.05395702439595917
7.705117842940739  0.04502424010518301
8.03700171349132  0.036121207858149526
8.436212860883902  0.03014120874345962
8.767417800911705  0.02278271988299399
8.921648184669102  0.01941922222559101
