0.011052631578947368  0.03437164339420086
0.01842105263157895  0.05843179377014147
0.023684210526315794  0.8919441460794869
0.026842105263157896  1.3920515574650945
0.031578947368421054  1.8973147153598304
0.03578947368421053  2.890655209452206
0.04105263157894737  3.234371643394203
0.04684210526315789  3.4165413533834634
0.05000000000000001  3.426852846401724
0.05  3.575510204081633
0.05441176470588235  3.6244897959183677
0.06102941176470588  3.591836734693878
0.06764705882352942  3.5265306122448985
0.07426470588235295  3.4612244897959186
0.07867647058823528  3.3469387755102047
0.08529411764705881  3.248979591836735
0.09044117647058822  3.118367346938776
0.0963235294117647  2.987755102040817
0.10294117647058823  2.857142857142857
0.10882352941176471  2.775510204081633
0.11617647058823528  2.644897959183674
0.1264705882352941  2.4653061224489803
0.1323529411764706  2.3020408163265307
0.14411764705882352  2.138775510204082
0.1536764705882353  2.0244897959183676
0.16250000000000003  1.8775510204081634
0.17426470588235293  1.7632653061224492
0.1875  1.648979591836735
0.19485294117647062  1.5836734693877552
0.20073529411764712  1.5346938775510204
0.27456273641330653  1.2193452766466604
0.44950050111538575  0.9043414661079262
0.6708318515405253  0.7859910091230196
0.8921632019656648  0.6831289834369874
1.1803692088842905  0.5935031961135275
1.3573437651546991  0.5263101028342541
1.5570624939381204  0.48557099260710407
1.845268500856745  0.42186460103389417
2.0672787818046614  0.38916088755033973
2.422359445216772  0.33797513662715667
2.7549222462901293  0.2877872780204191
3.0431282532087547  0.25002989691138766
3.287203776146908  0.22608380760465455
3.7758074423717303  0.19234097083561386
4.286250040412531  0.15724321322912382
4.7969189486275905  0.1311280707688527
5.330105719181404  0.1115290906548941
5.907196663541431  0.0893510845887775
6.240664705311823  0.08237231850863368
6.595745368723933  0.07153801035220918
7.017926998803788  0.06335068228869757
7.350263489702886  0.052882804685004586
7.682599980601983  0.04414460792399841
8.059293265655814  0.03611663968833467
8.435986550709643  0.029548606811113473
8.723287316931234  0.02371170248244
8.899809252853125  0.020208499621499572
