0.0001 0 0 0 0 0 0
0.0003 6.0484e+06 4.4221e+06 4.4221e+06 2.50403e+06 4.4221e+06 4.4221e+06
0.0005 1.52943e+07 1.19512e+07 1.19512e+07 6.9922e+06 1.19512e+07 1.19512e+07
0.0007 3.02268e+07 2.25709e+07 2.25709e+07 1.36342e+07 2.25709e+07 2.25709e+07
0.0009 4.6871e+07 3.66197e+07 3.66197e+07 2.31404e+07 3.66197e+07 3.66197e+07
0.0011 6.79236e+07 5.3191e+07 5.3191e+07 3.48844e+07 5.3191e+07 5.3191e+07
0.0013 8.96739e+07 7.29154e+07 7.29154e+07 4.85413e+07 7.29154e+07 7.29154e+07
0.0015 1.17125e+08 9.39173e+07 9.39173e+07 6.51344e+07 9.39173e+07 9.39173e+07
0.0017 1.44883e+08 1.18331e+08 1.18331e+08 8.00438e+07 1.18331e+08 1.18331e+08
0.0019 1.72539e+08 1.42618e+08 1.42618e+08 1.06465e+08 1.42618e+08 1.42618e+08
0.0021 2.02829e+08 1.72652e+08 1.72652e+08 1.16675e+08 1.72652e+08 1.72652e+08
0.0023 2.38289e+08 1.97327e+08 1.97327e+08 1.51226e+08 1.97327e+08 1.97327e+08
0.0025 2.7255e+08 2.26655e+08 2.26655e+08 1.7547e+08 2.26655e+08 2.26655e+08
0.0027 3.04353e+08 2.55476e+08 2.55476e+08 2.09943e+08 2.55476e+08 2.55476e+08
0.0029 3.38024e+08 2.88678e+08 2.88678e+08 2.29777e+08 2.88678e+08 2.88678e+08
0.0031 3.74213e+08 3.20992e+08 3.20992e+08 2.5415e+08 3.20992e+08 3.20992e+08
0.0033 4.10756e+08 3.51825e+08 3.51825e+08 2.86529e+08 3.51825e+08 3.51825e+08
0.0035 4.4732e+08 3.81961e+08 3.81961e+08 3.231e+08 3.81961e+08 3.81961e+08
0.0037 4.84162e+08 4.13974e+08 4.13974e+08 3.52399e+08 4.13974e+08 4.13974e+08
0.0039 5.20046e+08 4.46318e+08 4.46318e+08 3.80976e+08 4.46318e+08 4.46318e+08
0.0041 5.54125e+08 4.78998e+08 4.78998e+08 4.08853e+08 4.78998e+08 4.78998e+08
0.0043 5.8741e+08 5.10285e+08 5.10285e+08 4.41195e+08 5.10285e+08 5.10285e+08
0.0045 6.21027e+08 5.41869e+08 5.41869e+08 4.69419e+08 5.41869e+08 5.41869e+08
0.0047 6.54818e+08 5.73317e+08 5.73317e+08 4.94801e+08 5.73317e+08 5.73317e+08
0.0049 6.87849e+08 6.03071e+08 6.03071e+08 5.23923e+08 6.03071e+08 6.03071e+08
0.0051 7.19593e+08 6.35498e+08 6.35498e+08 5.39333e+08 6.35498e+08 6.35498e+08
0.0053 7.50088e+08 6.61103e+08 6.61103e+08 5.78508e+08 6.61103e+08 6.61103e+08
0.0055 7.793e+08 6.89876e+08 6.89876e+08 6.01105e+08 6.89876e+08 6.89876e+08
0.0057 8.07056e+08 7.16941e+08 7.16941e+08 6.26445e+08 7.16941e+08 7.16941e+08
0.0059 8.33413e+08 7.45743e+08 7.45743e+08 6.40365e+08 7.45743e+08 7.45743e+08
0.0061 8.5872e+08 7.70587e+08 7.70587e+08 6.65041e+08 7.70587e+08 7.70587e+08
0.0063 8.831e+08 7.92259e+08 7.92259e+08 6.96962e+08 7.92259e+08 7.92259e+08
0.0065 9.06238e+08 8.17247e+08 8.17247e+08 7.10305e+08 8.17247e+08 8.17247e+08
0.0067 9.27847e+08 8.38313e+08 8.38313e+08 7.34174e+08 8.38313e+08 8.38313e+08
0.0069 9.47893e+08 8.61474e+08 8.61474e+08 7.44406e+08 8.61474e+08 8.61474e+08
0.0071 9.65471e+08 8.77529e+08 8.77529e+08 7.78635e+08 8.77529e+08 8.77529e+08
0.0073 9.73718e+08 9.01706e+08 9.01706e+08 7.82755e+08 9.01706e+08 9.01706e+08
0.0075 9.49172e+08 9.25584e+08 9.25584e+08 8.13901e+08 9.25584e+08 9.25584e+08
0.0077 8.74365e+08 9.65952e+08 9.65952e+08 8.22381e+08 9.65952e+08 9.65952e+08
0.0079 7.96523e+08 1.00265e+09 1.00265e+09 8.41638e+08 1.00265e+09 1.00265e+09
0.0081 7.56375e+08 1.02907e+09 1.02907e+09 8.5746e+08 1.02907e+09 1.02907e+09
0.0083 7.42407e+08 1.04857e+09 1.04857e+09 8.67915e+08 1.04857e+09 1.04857e+09
0.0085 7.39477e+08 1.06338e+09 1.06338e+09 8.79431e+08 1.06338e+09 1.06338e+09
0.0087 7.41415e+08 1.07321e+09 1.07321e+09 8.99331e+08 1.07321e+09 1.07321e+09
0.0089 7.46173e+08 1.08375e+09 1.08375e+09 9.07103e+08 1.08375e+09 1.08375e+09
0.0091 7.52902e+08 1.08885e+09 1.08885e+09 9.28293e+08 1.08885e+09 1.08885e+09
0.0093 7.60952e+08 1.09587e+09 1.09587e+09 9.34253e+08 1.09587e+09 1.09587e+09
0.0095 7.69609e+08 1.10208e+09 1.10208e+09 9.3674e+08 1.10208e+09 1.10208e+09
0.0097 7.78301e+08 1.10133e+09 1.10133e+09 9.61172e+08 1.10133e+09 1.10133e+09
0.0099 7.86663e+08 1.10757e+09 1.10757e+09 9.52237e+08 1.10757e+09 1.10757e+09
0.0101 7.94512e+08 1.1073e+09 1.1073e+09 9.64272e+08 1.1073e+09 1.1073e+09
0.0103 8.01746e+08 1.10696e+09 1.10696e+09 9.71834e+08 1.10696e+09 1.10696e+09
0.0105 8.08346e+08 1.10513e+09 1.10513e+09 9.80801e+08 1.10513e+09 1.10513e+09
0.0107 8.14313e+08 1.10273e+09 1.10273e+09 9.87647e+08 1.10273e+09 1.10273e+09
0.0109 8.19654e+08 1.10372e+09 1.10372e+09 9.76764e+08 1.10372e+09 1.10372e+09
0.0111 8.24336e+08 1.09777e+09 1.09777e+09 9.89634e+08 1.09777e+09 1.09777e+09
0.0113 8.28401e+08 1.09058e+09 1.09058e+09 1.00364e+09 1.09058e+09 1.09058e+09
0.0115 8.31888e+08 1.08781e+09 1.08781e+09 9.96289e+08 1.08781e+09 1.08781e+09
0.0117 8.34743e+08 1.08629e+09 1.08629e+09 9.80508e+08 1.08629e+09 1.08629e+09
0.0119 8.37056e+08 1.07894e+09 1.07894e+09 9.84698e+08 1.07894e+09 1.07894e+09
0.0121 8.38767e+08 1.07078e+09 1.07078e+09 9.89071e+08 1.07078e+09 1.07078e+09
0.0123 8.39959e+08 1.05845e+09 1.05845e+09 1.00708e+09 1.05845e+09 1.05845e+09
0.0125 8.4058e+08 1.05838e+09 1.05838e+09 9.73327e+08 1.05838e+09 1.05838e+09
0.0127 8.40713e+08 1.0458e+09 1.0458e+09 9.8693e+08 1.0458e+09 1.0458e+09
0.0129 8.40329e+08 1.04014e+09 1.04014e+09 9.70381e+08 1.04014e+09 1.04014e+09
0.0131 8.39439e+08 1.0321e+09 1.0321e+09 9.61033e+08 1.0321e+09 1.0321e+09
0.0133 8.38102e+08 1.01891e+09 1.01891e+09 9.70104e+08 1.01891e+09 1.01891e+09
0.0135 8.36297e+08 1.01076e+09 1.01076e+09 9.56988e+08 1.01076e+09 1.01076e+09
0.0137 8.34042e+08 1.00089e+09 1.00089e+09 9.489e+08 1.00089e+09 1.00089e+09
0.0139 8.31359e+08 9.90336e+08 9.90336e+08 9.41776e+08 9.90336e+08 9.90336e+08
0.0141 8.2828e+08 9.78369e+08 9.78369e+08 9.38688e+08 9.78369e+08 9.78369e+08
0.0143 8.24808e+08 9.68842e+08 9.68842e+08 9.24347e+08 9.68842e+08 9.68842e+08
0.0145 8.20966e+08 9.55791e+08 9.55791e+08 9.22738e+08 9.55791e+08 9.55791e+08
0.0147 8.16747e+08 9.44569e+08 9.44569e+08 9.12592e+08 9.44569e+08 9.44569e+08
0.0149 8.12186e+08 9.3061e+08 9.3061e+08 9.12253e+08 9.3061e+08 9.3061e+08
0.0151 8.0731e+08 9.1951e+08 9.1951e+08 8.99452e+08 9.1951e+08 9.1951e+08
0.0153 8.02114e+08 9.07096e+08 9.07096e+08 8.91001e+08 9.07096e+08 9.07096e+08
0.0155 7.96613e+08 8.94907e+08 8.94907e+08 8.80847e+08 8.94907e+08 8.94907e+08
0.0157 7.90846e+08 8.83281e+08 8.83281e+08 8.6771e+08 8.83281e+08 8.83281e+08
0.0159 7.84804e+08 8.70777e+08 8.70777e+08 8.57473e+08 8.70777e+08 8.70777e+08
0.0161 7.78506e+08 8.58158e+08 8.58158e+08 8.47166e+08 8.58158e+08 8.58158e+08
0.0163 7.71982e+08 8.46573e+08 8.46573e+08 8.32273e+08 8.46573e+08 8.46573e+08
0.0165 7.6522e+08 8.32425e+08 8.32425e+08 8.27279e+08 8.32425e+08 8.32425e+08
0.0167 7.58259e+08 8.19176e+08 8.19176e+08 8.18386e+08 8.19176e+08 8.19176e+08
0.0169 7.51096e+08 8.06353e+08 8.06353e+08 8.07583e+08 8.06353e+08 8.06353e+08
0.0171 7.43751e+08 7.93654e+08 7.93654e+08 7.96135e+08 7.93654e+08 7.93654e+08
0.0173 7.36237e+08 7.80404e+08 7.80404e+08 7.86812e+08 7.80404e+08 7.80404e+08
0.0175 7.28562e+08 7.68213e+08 7.68213e+08 7.73239e+08 7.68213e+08 7.68213e+08
0.0177 7.20744e+08 7.54122e+08 7.54122e+08 7.67306e+08 7.54122e+08 7.54122e+08
0.0179 7.12789e+08 7.42425e+08 7.42425e+08 7.519e+08 7.42425e+08 7.42425e+08
0.0181 7.04713e+08 7.30398e+08 7.30398e+08 7.37963e+08 7.30398e+08 7.30398e+08
0.0183 6.96523e+08 7.17358e+08 7.17358e+08 7.28281e+08 7.17358e+08 7.17358e+08
0.0185 6.88234e+08 7.04533e+08 7.04533e+08 7.17988e+08 7.04533e+08 7.04533e+08
0.0187 6.79852e+08 6.9219e+08 6.9219e+08 7.06062e+08 6.9219e+08 6.9219e+08
0.0189 6.7139e+08 6.79912e+08 6.79912e+08 6.94208e+08 6.79912e+08 6.79912e+08
0.0191 6.62856e+08 6.67502e+08 6.67502e+08 6.83257e+08 6.67502e+08 6.67502e+08
0.0193 6.54263e+08 6.55155e+08 6.55155e+08 6.72453e+08 6.55155e+08 6.55155e+08
0.0195 6.45613e+08 6.42982e+08 6.42982e+08 6.61406e+08 6.42982e+08 6.42982e+08
0.0197 6.36921e+08 6.30461e+08 6.30461e+08 6.52219e+08 6.30461e+08 6.30461e+08
0.0199 6.28193e+08 6.19007e+08 6.19007e+08 6.3927e+08 6.19007e+08 6.19007e+08
0.0201 6.19434e+08 6.07057e+08 6.07057e+08 6.28831e+08 6.07057e+08 6.07057e+08
0.0203 6.10661e+08 5.95186e+08 5.95186e+08 6.18629e+08 5.95186e+08 5.95186e+08
0.0205 6.01867e+08 5.83584e+08 5.83584e+08 6.07932e+08 5.83584e+08 5.83584e+08
0.0207 5.93072e+08 5.72149e+08 5.72149e+08 5.97161e+08 5.72149e+08 5.72149e+08
0.0209 5.84279e+08 5.60678e+08 5.60678e+08 5.87152e+08 5.60678e+08 5.60678e+08
0.0211 5.75485e+08 5.49528e+08 5.49528e+08 5.76498e+08 5.49528e+08 5.49528e+08
0.0213 5.66713e+08 5.38448e+08 5.38448e+08 5.66206e+08 5.38448e+08 5.38448e+08
0.0215 5.5796e+08 5.27557e+08 5.27557e+08 5.55827e+08 5.27557e+08 5.27557e+08
0.0217 5.49222e+08 5.16792e+08 5.16792e+08 5.45623e+08 5.16792e+08 5.16792e+08
0.0219 5.40526e+08 5.0626e+08 5.0626e+08 5.3517e+08 5.0626e+08 5.0626e+08
0.0221 5.31863e+08 4.95424e+08 4.95424e+08 5.26626e+08 4.95424e+08 4.95424e+08
0.0223 5.2323e+08 4.85158e+08 4.85158e+08 5.16522e+08 4.85158e+08 4.85158e+08
0.0225 5.14654e+08 4.75023e+08 4.75023e+08 5.066e+08 4.75023e+08 4.75023e+08
0.0227 5.06126e+08 4.6492e+08 4.6492e+08 4.97263e+08 4.6492e+08 4.6492e+08
0.0229 4.97642e+08 4.55242e+08 4.55242e+08 4.86964e+08 4.55242e+08 4.55242e+08
0.0231 4.89218e+08 4.45228e+08 4.45228e+08 4.78738e+08 4.45228e+08 4.45228e+08
0.0233 4.80866e+08 4.35812e+08 4.35812e+08 4.68835e+08 4.35812e+08 4.35812e+08
0.0235 4.72566e+08 4.26262e+08 4.26262e+08 4.60218e+08 4.26262e+08 4.26262e+08
0.0237 4.64327e+08 4.17311e+08 4.17311e+08 4.49947e+08 4.17311e+08 4.17311e+08
0.0239 4.56176e+08 4.07986e+08 4.07986e+08 4.41889e+08 4.07986e+08 4.07986e+08
0.0241 4.48093e+08 3.99258e+08 3.99258e+08 4.32186e+08 3.99258e+08 3.99258e+08
0.0243 4.40072e+08 3.90146e+08 3.90146e+08 4.24768e+08 3.90146e+08 3.90146e+08
0.0245 4.32137e+08 3.81928e+08 3.81928e+08 4.14496e+08 3.81928e+08 3.81928e+08
0.0247 4.2429e+08 3.726e+08 3.726e+08 4.09395e+08 3.726e+08 3.726e+08
0.0249 4.1652e+08 3.64296e+08 3.64296e+08 4.00924e+08 3.64296e+08 3.64296e+08
0.0251 4.08822e+08 3.56507e+08 3.56507e+08 3.91131e+08 3.56507e+08 3.56507e+08
0.0253 4.0121e+08 3.49281e+08 3.49281e+08 3.79811e+08 3.49281e+08 3.49281e+08
0.0255 3.937e+08 3.41112e+08 3.41112e+08 3.7296e+08 3.41112e+08 3.41112e+08
0.0257 3.8627e+08 3.33138e+08 3.33138e+08 3.66055e+08 3.33138e+08 3.33138e+08
0.0259 3.78905e+08 3.26017e+08 3.26017e+08 3.5647e+08 3.26017e+08 3.26017e+08
0.0261 3.71635e+08 3.18385e+08 3.18385e+08 3.49623e+08 3.18385e+08 3.18385e+08
0.0263 3.64466e+08 3.11104e+08 3.11104e+08 3.42061e+08 3.11104e+08 3.11104e+08
0.0265 3.57374e+08 3.03807e+08 3.03807e+08 3.35262e+08 3.03807e+08 3.03807e+08
0.0267 3.50352e+08 2.97078e+08 2.97078e+08 3.26904e+08 2.97078e+08 2.97078e+08
0.0269 3.43415e+08 2.90178e+08 2.90178e+08 3.19909e+08 2.90178e+08 2.90178e+08
0.0271 3.36566e+08 2.83362e+08 2.83362e+08 3.13255e+08 2.83362e+08 2.83362e+08
0.0273 3.29803e+08 2.76844e+08 2.76844e+08 3.06082e+08 2.76844e+08 2.76844e+08
0.0275 3.23117e+08 2.70336e+08 2.70336e+08 2.99534e+08 2.70336e+08 2.70336e+08
0.0277 3.16384e+08 2.63987e+08 2.63987e+08 2.92915e+08 2.63987e+08 2.63987e+08
0.0279 3.11102e+08 2.58687e+08 2.58687e+08 2.84144e+08 2.58687e+08 2.58687e+08
0.0281 3.04509e+08 2.52441e+08 2.52441e+08 2.78391e+08 2.52441e+08 2.52441e+08
0.0283 2.98129e+08 2.46434e+08 2.46434e+08 2.72419e+08 2.46434e+08 2.46434e+08
0.0285 2.91806e+08 2.40096e+08 2.40096e+08 2.68407e+08 2.40096e+08 2.40096e+08
0.0287 2.85539e+08 2.34964e+08 2.34964e+08 2.60213e+08 2.34964e+08 2.34964e+08
0.0289 2.79355e+08 2.28642e+08 2.28642e+08 2.57387e+08 2.28642e+08 2.28642e+08
0.0291 2.7327e+08 2.23786e+08 2.23786e+08 2.49283e+08 2.23786e+08 2.23786e+08
0.0293 2.67273e+08 2.18531e+08 2.18531e+08 2.43358e+08 2.18531e+08 2.18531e+08
0.0295 2.61352e+08 2.13662e+08 2.13662e+08 2.36486e+08 2.13662e+08 2.13662e+08
0.0297 2.55505e+08 2.08052e+08 2.08052e+08 2.33157e+08 2.08052e+08 2.08052e+08
0.0299 2.49742e+08 2.03556e+08 2.03556e+08 2.2593e+08 2.03556e+08 2.03556e+08
0.0301 2.44072e+08 1.99066e+08 1.99066e+08 2.19229e+08 1.99066e+08 1.99066e+08
0.0303 2.38495e+08 1.93547e+08 1.93547e+08 2.17178e+08 1.93547e+08 1.93547e+08
0.0305 2.33014e+08 1.89263e+08 1.89263e+08 2.10708e+08 1.89263e+08 1.89263e+08
0.0307 2.27622e+08 1.84666e+08 1.84666e+08 2.06011e+08 1.84666e+08 1.84666e+08
0.0309 2.22314e+08 1.80424e+08 1.80424e+08 2.0041e+08 1.80424e+08 1.80424e+08
0.0311 2.17085e+08 1.75923e+08 1.75923e+08 1.96352e+08 1.75923e+08 1.75923e+08
0.0313 2.11946e+08 1.71719e+08 1.71719e+08 1.91603e+08 1.71719e+08 1.71719e+08
0.0315 2.06913e+08 1.67126e+08 1.67126e+08 1.88872e+08 1.67126e+08 1.67126e+08
0.0317 2.01984e+08 1.64477e+08 1.64477e+08 1.7882e+08 1.64477e+08 1.64477e+08
0.0319 1.97142e+08 1.59106e+08 1.59106e+08 1.80127e+08 1.59106e+08 1.59106e+08
0.0321 1.92376e+08 1.56028e+08 1.56028e+08 1.72725e+08 1.56028e+08 1.56028e+08
0.0323 1.87689e+08 1.51882e+08 1.51882e+08 1.70048e+08 1.51882e+08 1.51882e+08
0.0325 1.83095e+08 1.48247e+08 1.48247e+08 1.65762e+08 1.48247e+08 1.48247e+08
0.0327 1.78598e+08 1.44825e+08 1.44825e+08 1.6104e+08 1.44825e+08 1.44825e+08
0.0329 1.74197e+08 1.40664e+08 1.40664e+08 1.59684e+08 1.40664e+08 1.40664e+08
0.0331 1.69891e+08 1.38201e+08 1.38201e+08 1.5194e+08 1.38201e+08 1.38201e+08
0.0333 1.65668e+08 1.33726e+08 1.33726e+08 1.52644e+08 1.33726e+08 1.33726e+08
0.0335 1.61525e+08 1.31066e+08 1.31066e+08 1.4649e+08 1.31066e+08 1.31066e+08
0.0337 1.57459e+08 1.28123e+08 1.28123e+08 1.41856e+08 1.28123e+08 1.28123e+08
0.0339 1.53477e+08 1.25172e+08 1.25172e+08 1.37638e+08 1.25172e+08 1.25172e+08
0.0341 1.4958e+08 1.21564e+08 1.21564e+08 1.36411e+08 1.21564e+08 1.21564e+08
0.0343 1.45773e+08 1.18636e+08 1.18636e+08 1.32817e+08 1.18636e+08 1.18636e+08
0.0345 1.42058e+08 1.15906e+08 1.15906e+08 1.28777e+08 1.15906e+08 1.15906e+08
0.0347 1.38431e+08 1.13458e+08 1.13458e+08 1.23945e+08 1.13458e+08 1.13458e+08
0.0349 1.34881e+08 1.10058e+08 1.10058e+08 1.23264e+08 1.10058e+08 1.10058e+08
0.0351 1.314e+08 1.07756e+08 1.07756e+08 1.18533e+08 1.07756e+08 1.07756e+08
0.0353 1.27987e+08 1.05519e+08 1.05519e+08 1.13876e+08 1.05519e+08 1.05519e+08
0.0355 1.24646e+08 1.02268e+08 1.02268e+08 1.13594e+08 1.02268e+08 1.02268e+08
0.0357 1.21383e+08 9.96161e+07 9.96161e+07 1.11226e+08 9.96161e+07 9.96161e+07
0.0359 1.18196e+08 9.75367e+07 9.75367e+07 1.0687e+08 9.75367e+07 9.75367e+07
0.0361 1.15083e+08 9.49669e+07 9.49669e+07 1.04772e+08 9.49669e+07 9.49669e+07
0.0363 1.1204e+08 9.24902e+07 9.24902e+07 1.02595e+08 9.24902e+07 9.24902e+07
0.0365 1.09064e+08 8.98116e+07 8.98116e+07 1.01514e+08 8.98116e+07 8.98116e+07
0.0367 1.06153e+08 8.75998e+07 8.75998e+07 9.8849e+07 8.75998e+07 8.75998e+07
0.0369 1.03302e+08 8.58934e+07 8.58934e+07 9.44437e+07 8.58934e+07 8.58934e+07
0.0371 1.00506e+08 8.32672e+07 8.32672e+07 9.39961e+07 8.32672e+07 8.32672e+07
0.0373 9.77634e+07 8.13735e+07 8.13735e+07 9.0892e+07 8.13735e+07 8.13735e+07
0.0375 9.50714e+07 7.98233e+07 7.98233e+07 8.66827e+07 7.98233e+07 7.98233e+07
0.0377 9.24293e+07 7.73632e+07 7.73632e+07 8.63759e+07 7.73632e+07 7.73632e+07
0.0379 8.98374e+07 7.53729e+07 7.53729e+07 8.44463e+07 7.53729e+07 7.53729e+07
0.0381 8.72984e+07 7.39047e+07 7.39047e+07 8.06754e+07 7.39047e+07 7.39047e+07
0.0383 8.48119e+07 7.19817e+07 7.19817e+07 7.89646e+07 7.19817e+07 7.19817e+07
0.0385 8.23761e+07 6.99374e+07 6.99374e+07 7.79747e+07 6.99374e+07 6.99374e+07
0.0387 7.99857e+07 6.84389e+07 6.84389e+07 7.50372e+07 6.84389e+07 6.84389e+07
0.0389 7.76369e+07 6.65355e+07 6.65355e+07 7.39517e+07 6.65355e+07 6.65355e+07
0.0391 7.53277e+07 6.49503e+07 6.49503e+07 7.18226e+07 6.49503e+07 6.49503e+07
0.0393 7.30578e+07 6.3696e+07 6.3696e+07 6.85928e+07 6.3696e+07 6.3696e+07
0.0395 7.08267e+07 6.17611e+07 6.17611e+07 6.83034e+07 6.17611e+07 6.17611e+07
0.0397 6.86318e+07 6.03231e+07 6.03231e+07 6.62415e+07 6.03231e+07 6.03231e+07
0.0399 6.64716e+07 5.8358e+07 5.8358e+07 6.64981e+07 5.8358e+07 5.8358e+07
0.0401 6.43449e+07 5.71978e+07 5.71978e+07 6.37414e+07 5.71978e+07 5.71978e+07
0.0403 6.22535e+07 5.564e+07 5.564e+07 6.27745e+07 5.564e+07 5.564e+07
0.0405 6.02012e+07 5.44212e+07 5.44212e+07 6.06416e+07 5.44212e+07 5.44212e+07
0.0407 5.81916e+07 5.29859e+07 5.29859e+07 5.95562e+07 5.29859e+07 5.29859e+07
0.0409 5.62271e+07 5.1335e+07 5.1335e+07 5.95071e+07 5.1335e+07 5.1335e+07
0.0411 5.43103e+07 5.05477e+07 5.05477e+07 5.61698e+07 5.05477e+07 5.05477e+07
0.0413 5.24396e+07 4.94462e+07 4.94462e+07 5.4252e+07 4.94462e+07 4.94462e+07
0.0415 5.06132e+07 4.77921e+07 4.77921e+07 5.47051e+07 4.77921e+07 4.77921e+07
0.0417 4.88281e+07 4.69412e+07 4.69412e+07 5.2103e+07 4.69412e+07 4.69412e+07
0.0419 4.70805e+07 4.5894e+07 4.5894e+07 5.04441e+07 4.5894e+07 4.5894e+07
0.0421 4.53688e+07 4.4739e+07 4.4739e+07 4.93707e+07 4.4739e+07 4.4739e+07
0.0423 4.36931e+07 4.34651e+07 4.34651e+07 4.8923e+07 4.34651e+07 4.34651e+07
0.0425 4.20559e+07 4.25491e+07 4.25491e+07 4.71863e+07 4.25491e+07 4.25491e+07
0.0427 4.04617e+07 4.18714e+07 4.18714e+07 4.46314e+07 4.18714e+07 4.18714e+07
0.0429 3.89139e+07 4.08358e+07 4.08358e+07 4.36346e+07 4.08358e+07 4.08358e+07
0.0431 3.74152e+07 3.98404e+07 3.98404e+07 4.25972e+07 3.98404e+07 3.98404e+07
0.0433 3.5968e+07 3.9038e+07 3.9038e+07 4.0902e+07 3.9038e+07 3.9038e+07
0.0435 3.45708e+07 3.82577e+07 3.82577e+07 3.92292e+07 3.82577e+07 3.82577e+07
0.0437 3.32245e+07 3.72365e+07 3.72365e+07 3.8627e+07 3.72365e+07 3.72365e+07
0.0439 3.19279e+07 3.65631e+07 3.65631e+07 3.67377e+07 3.65631e+07 3.65631e+07
0.0441 3.06788e+07 3.56452e+07 3.56452e+07 3.59288e+07 3.56452e+07 3.56452e+07
0.0443 2.94766e+07 3.48543e+07 3.48543e+07 3.47119e+07 3.48543e+07 3.48543e+07
0.0445 2.83176e+07 3.41024e+07 3.41024e+07 3.34384e+07 3.41024e+07 3.41024e+07
0.0447 2.72005e+07 3.32025e+07 3.32025e+07 3.28546e+07 3.32025e+07 3.32025e+07
0.0449 2.6123e+07 3.2396e+07 3.2396e+07 3.19942e+07 3.2396e+07 3.2396e+07
0.0451 2.50841e+07 3.15801e+07 3.15801e+07 3.12649e+07 3.15801e+07 3.15801e+07
0.0453 2.40837e+07 3.07086e+07 3.07086e+07 3.08496e+07 3.07086e+07 3.07086e+07
0.0455 2.31215e+07 3.0203e+07 3.0203e+07 2.90592e+07 3.0203e+07 3.0203e+07
0.0457 2.21981e+07 2.91977e+07 2.91977e+07 2.93516e+07 2.91977e+07 2.91977e+07
0.0459 2.13135e+07 2.87438e+07 2.87438e+07 2.75206e+07 2.87438e+07 2.87438e+07
0.0461 2.04677e+07 2.7852e+07 2.7852e+07 2.75192e+07 2.7852e+07 2.7852e+07
0.0463 1.96605e+07 2.71869e+07 2.71869e+07 2.6688e+07 2.71869e+07 2.71869e+07
0.0465 1.88912e+07 2.66747e+07 2.66747e+07 2.53181e+07 2.66747e+07 2.66747e+07
0.0467 1.81586e+07 2.5897e+07 2.5897e+07 2.50836e+07 2.5897e+07 2.5897e+07
0.0469 1.74609e+07 2.51827e+07 2.51827e+07 2.4666e+07 2.51827e+07 2.51827e+07
0.0471 1.67955e+07 2.4602e+07 2.4602e+07 2.37858e+07 2.4602e+07 2.4602e+07
0.0473 1.61601e+07 2.3951e+07 2.3951e+07 2.32579e+07 2.3951e+07 2.3951e+07
0.0475 1.55529e+07 2.34286e+07 2.34286e+07 2.2286e+07 2.34286e+07 2.34286e+07
0.0477 1.49713e+07 2.27601e+07 2.27601e+07 2.1969e+07 2.27601e+07 2.27601e+07
0.0479 1.44141e+07 2.22244e+07 2.22244e+07 2.11905e+07 2.22244e+07 2.22244e+07
0.0481 1.38801e+07 2.15147e+07 2.15147e+07 2.11755e+07 2.15147e+07 2.15147e+07
0.0483 1.33687e+07 2.11568e+07 2.11568e+07 1.98202e+07 2.11568e+07 2.11568e+07
0.0485 1.28793e+07 2.04912e+07 2.04912e+07 1.97605e+07 2.04912e+07 2.04912e+07
0.0487 1.24108e+07 2.00087e+07 2.00087e+07 1.90325e+07 2.00087e+07 2.00087e+07
0.0489 1.19627e+07 1.9566e+07 1.9566e+07 1.82071e+07 1.9566e+07 1.9566e+07
0.0491 1.15343e+07 1.90023e+07 1.90023e+07 1.79266e+07 1.90023e+07 1.90023e+07
0.0493 1.11251e+07 1.85409e+07 1.85409e+07 1.72962e+07 1.85409e+07 1.85409e+07
0.0495 1.07343e+07 1.80772e+07 1.80772e+07 1.67327e+07 1.80772e+07 1.80772e+07
0.0497 1.03614e+07 1.7526e+07 1.7526e+07 1.65763e+07 1.7526e+07 1.7526e+07
0.0499 1.00057e+07 1.70707e+07 1.70707e+07 1.60911e+07 1.70707e+07 1.70707e+07
0.0501 9.66622e+06 1.65921e+07 1.65921e+07 1.57544e+07 1.65921e+07 1.65921e+07
0.0503 9.34229e+06 1.62088e+07 1.62088e+07 1.50896e+07 1.62088e+07 1.62088e+07
0.0505 9.03268e+06 1.57837e+07 1.57837e+07 1.46449e+07 1.57837e+07 1.57837e+07
0.0507 8.73642e+06 1.53783e+07 1.53783e+07 1.41732e+07 1.53783e+07 1.53783e+07
0.0509 8.45231e+06 1.48891e+07 1.48891e+07 1.40888e+07 1.48891e+07 1.48891e+07
0.0511 8.17938e+06 1.46273e+07 1.46273e+07 1.31457e+07 1.46273e+07 1.46273e+07
0.0513 7.91689e+06 1.40729e+07 1.40729e+07 1.34231e+07 1.40729e+07 1.40729e+07
0.0515 7.66409e+06 1.38022e+07 1.38022e+07 1.26153e+07 1.38022e+07 1.38022e+07
0.0517 7.4205e+06 1.33691e+07 1.33691e+07 1.2505e+07 1.33691e+07 1.33691e+07
0.0519 7.18569e+06 1.30428e+07 1.30428e+07 1.20146e+07 1.30428e+07 1.30428e+07
0.0521 6.95945e+06 1.26023e+07 1.26023e+07 1.20275e+07 1.26023e+07 1.26023e+07
0.0523 6.74165e+06 1.23479e+07 1.23479e+07 1.13406e+07 1.23479e+07 1.23479e+07
0.0525 6.53228e+06 1.18743e+07 1.18743e+07 1.15736e+07 1.18743e+07 1.18743e+07
0.0527 6.33121e+06 1.16985e+07 1.16985e+07 1.06578e+07 1.16985e+07 1.16985e+07
0.0529 6.13836e+06 1.13803e+07 1.13803e+07 1.03521e+07 1.13803e+07 1.13803e+07
0.0531 5.95355e+06 1.10529e+07 1.10529e+07 1.01232e+07 1.10529e+07 1.10529e+07
0.0533 5.77646e+06 1.07115e+07 1.07115e+07 9.98937e+06 1.07115e+07 1.07115e+07
0.0535 5.60655e+06 1.04547e+07 1.04547e+07 9.55542e+06 1.04547e+07 1.04547e+07
0.0537 5.44329e+06 1.02168e+07 1.02168e+07 9.08324e+06 1.02168e+07 1.02168e+07
0.0539 5.28602e+06 9.81048e+06 9.81048e+06 9.32183e+06 9.81048e+06 9.81048e+06
0.0541 5.13411e+06 9.59569e+06 9.59569e+06 8.83083e+06 9.59569e+06 9.59569e+06
0.0543 4.98703e+06 9.33128e+06 9.33128e+06 8.57433e+06 9.33128e+06 9.33128e+06
0.0545 4.8443e+06 9.04531e+06 9.04531e+06 8.43942e+06 9.04531e+06 9.04531e+06
0.0547 4.70564e+06 8.79601e+06 8.79601e+06 8.19252e+06 8.79601e+06 8.79601e+06
0.0549 4.57098e+06 8.62254e+06 8.62254e+06 7.67592e+06 8.62254e+06 8.62254e+06
0.0551 4.4402e+06 8.31879e+06 8.31879e+06 7.71329e+06 8.31879e+06 8.31879e+06
0.0553 4.31338e+06 8.11885e+06 8.11885e+06 7.36722e+06 8.11885e+06 8.11885e+06
0.0555 4.19065e+06 7.88269e+06 7.88269e+06 7.19666e+06 7.88269e+06 7.88269e+06
0.0557 4.07207e+06 7.63873e+06 7.63873e+06 7.08703e+06 7.63873e+06 7.63873e+06
0.0559 3.95756e+06 7.48783e+06 7.48783e+06 6.63404e+06 7.48783e+06 7.48783e+06
0.0561 3.84717e+06 7.23358e+06 7.23358e+06 6.62242e+06 7.23358e+06 7.23358e+06
0.0563 3.74067e+06 7.0508e+06 7.0508e+06 6.3523e+06 7.0508e+06 7.0508e+06
0.0565 3.63803e+06 6.83457e+06 6.83457e+06 6.24249e+06 6.83457e+06 6.83457e+06
0.0567 3.53896e+06 6.59693e+06 6.59693e+06 6.24434e+06 6.59693e+06 6.59693e+06
0.0569 3.44321e+06 6.52997e+06 6.52997e+06 5.58899e+06 6.52997e+06 6.52997e+06
0.0571 3.35056e+06 6.29039e+06 6.29039e+06 5.64907e+06 6.29039e+06 6.29039e+06
0.0573 3.26067e+06 6.10523e+06 6.10523e+06 5.51596e+06 6.10523e+06 6.10523e+06
0.0575 3.17338e+06 5.94497e+06 5.94497e+06 5.30726e+06 5.94497e+06 5.94497e+06
0.0577 3.08847e+06 5.79169e+06 5.79169e+06 5.0941e+06 5.79169e+06 5.79169e+06
0.0579 3.00583e+06 5.64134e+06 5.64134e+06 4.89208e+06 5.64134e+06 5.64134e+06
0.0581 2.92531e+06 5.44007e+06 5.44007e+06 4.91614e+06 5.44007e+06 5.44007e+06
0.0583 2.84683e+06 5.28145e+06 5.28145e+06 4.79138e+06 5.28145e+06 5.28145e+06
0.0585 2.7704e+06 5.13066e+06 5.13066e+06 4.65641e+06 5.13066e+06 5.13066e+06
0.0587 2.696e+06 5.00743e+06 5.00743e+06 4.4318e+06 5.00743e+06 5.00743e+06
0.0589 2.6236e+06 4.85352e+06 4.85352e+06 4.34977e+06 4.85352e+06 4.85352e+06
0.0591 2.5533e+06 4.69541e+06 4.69541e+06 4.30386e+06 4.69541e+06 4.69541e+06
0.0593 2.48505e+06 4.5642e+06 4.5642e+06 4.16909e+06 4.5642e+06 4.5642e+06
0.0595 2.41883e+06 4.47231e+06 4.47231e+06 3.89523e+06 4.47231e+06 4.47231e+06
0.0597 2.35455e+06 4.29733e+06 4.29733e+06 3.97145e+06 4.29733e+06 4.29733e+06
0.0599 2.29221e+06 4.22125e+06 4.22125e+06 3.66929e+06 4.22125e+06 4.22125e+06
0.0601 2.23163e+06 4.08554e+06 4.08554e+06 3.6225e+06 4.08554e+06 4.08554e+06
0.0603 2.17288e+06 3.9814e+06 3.9814e+06 3.46576e+06 3.9814e+06 3.9814e+06
0.0605 2.11569e+06 3.8282e+06 3.8282e+06 3.52132e+06 3.8282e+06 3.8282e+06
0.0607 2.06009e+06 3.73886e+06 3.73886e+06 3.33699e+06 3.73886e+06 3.73886e+06
0.0609 2.00595e+06 3.59579e+06 3.59579e+06 3.3828e+06 3.59579e+06 3.59579e+06
0.0611 1.95318e+06 3.52703e+06 3.52703e+06 3.14626e+06 3.52703e+06 3.52703e+06
0.0613 1.90181e+06 3.42131e+06 3.42131e+06 3.07192e+06 3.42131e+06 3.42131e+06
0.0615 1.85176e+06 3.29956e+06 3.29956e+06 3.07576e+06 3.29956e+06 3.29956e+06
0.0617 1.80299e+06 3.22641e+06 3.22641e+06 2.89882e+06 3.22641e+06 3.22641e+06
0.0619 1.75558e+06 3.10825e+06 3.10825e+06 2.9151e+06 3.10825e+06 3.10825e+06
0.0621 1.70947e+06 3.03067e+06 3.03067e+06 2.78197e+06 3.03067e+06 3.03067e+06
0.0623 1.66463e+06 2.96894e+06 2.96894e+06 2.59785e+06 2.96894e+06 2.96894e+06
0.0625 1.62107e+06 2.8559e+06 2.8559e+06 2.63109e+06 2.8559e+06 2.8559e+06
0.0627 1.57877e+06 2.78901e+06 2.78901e+06 2.49142e+06 2.78901e+06 2.78901e+06
0.0629 1.53767e+06 2.71092e+06 2.71092e+06 2.40809e+06 2.71092e+06 2.71092e+06
0.0631 1.49772e+06 2.61518e+06 2.61518e+06 2.40642e+06 2.61518e+06 2.61518e+06
0.0633 1.4586e+06 2.551e+06 2.551e+06 2.28961e+06 2.551e+06 2.551e+06
0.0635 1.42265e+06 2.47369e+06 2.47369e+06 2.23487e+06 2.47369e+06 2.47369e+06
0.0637 1.3884e+06 2.3964e+06 2.3964e+06 2.19069e+06 2.3964e+06 2.3964e+06
0.0639 1.35132e+06 2.33217e+06 2.33217e+06 2.10647e+06 2.33217e+06 2.33217e+06
0.0641 1.30665e+06 2.2726e+06 2.2726e+06 2.02403e+06 2.2726e+06 2.2726e+06
0.0643 1.27434e+06 2.20044e+06 2.20044e+06 1.99056e+06 2.20044e+06 2.20044e+06
0.0645 1.23439e+06 2.13204e+06 2.13204e+06 1.96039e+06 2.13204e+06 2.13204e+06
0.0647 1.21088e+06 2.08714e+06 2.08714e+06 1.82839e+06 2.08714e+06 2.08714e+06
0.0649 1.19177e+06 2.01063e+06 2.01063e+06 1.8292e+06 2.01063e+06 2.01063e+06
0.0651 1.17656e+06 1.9551e+06 1.9551e+06 1.75366e+06 1.9551e+06 1.9551e+06
0.0653 1.10708e+06 1.91134e+06 1.91134e+06 1.70602e+06 1.91134e+06 1.91134e+06
0.0655 1.10848e+06 1.82081e+06 1.82081e+06 1.76303e+06 1.82081e+06 1.82081e+06
0.0657 1.0741e+06 1.78898e+06 1.78898e+06 1.63105e+06 1.78898e+06 1.78898e+06
0.0659 1.07823e+06 1.72798e+06 1.72798e+06 1.58563e+06 1.72798e+06 1.72798e+06
0.0661 1.01257e+06 1.69047e+06 1.69047e+06 1.52413e+06 1.69047e+06 1.69047e+06
0.0663 983074 1.64458e+06 1.64458e+06 1.46787e+06 1.64458e+06 1.64458e+06
0.0665 966951 1.58647e+06 1.58647e+06 1.45482e+06 1.58647e+06 1.58647e+06
0.0667 938692 1.54184e+06 1.54184e+06 1.40749e+06 1.54184e+06 1.54184e+06
0.0669 909835 1.49291e+06 1.49291e+06 1.38539e+06 1.49291e+06 1.49291e+06
0.0671 885377 1.45694e+06 1.45694e+06 1.31569e+06 1.45694e+06 1.45694e+06
0.0673 869031 1.41914e+06 1.41914e+06 1.25004e+06 1.41914e+06 1.41914e+06
0.0675 836361 1.37205e+06 1.37205e+06 1.24464e+06 1.37205e+06 1.37205e+06
0.0677 838639 1.31234e+06 1.31234e+06 1.26122e+06 1.31234e+06 1.31234e+06
0.0679 797232 1.28781e+06 1.28781e+06 1.18709e+06 1.28781e+06 1.28781e+06
0.0681 779336 1.2457e+06 1.2457e+06 1.16586e+06 1.2457e+06 1.2457e+06
0.0683 751730 1.21368e+06 1.21368e+06 1.11993e+06 1.21368e+06 1.21368e+06
0.0685 732877 1.17584e+06 1.17584e+06 1.09433e+06 1.17584e+06 1.17584e+06
0.0687 698192 1.14344e+06 1.14344e+06 1.06838e+06 1.14344e+06 1.14344e+06
0.0689 704457 1.11153e+06 1.11153e+06 1.00499e+06 1.11153e+06 1.11153e+06
0.0691 682560 1.07303e+06 1.07303e+06 1.00146e+06 1.07303e+06 1.07303e+06
0.0693 659754 1.0517e+06 1.0517e+06 935252 1.0517e+06 1.0517e+06
0.0695 649575 1.00985e+06 1.00985e+06 943540 1.00985e+06 1.00985e+06
0.0697 622363 988400 988400 892122 988400 988400
0.0699 614981 959223 959223 856497 959223 959223
0.0701 596243 927006 927006 848993 927006 927006
0.0703 578501 903861 903861 808662 903861 903861
0.0705 560357 875885 875885 792401 875885 875885
0.0707 536465 847587 847587 787384 847587 847587
0.0709 537026 829800 829800 719971 829800 829800
0.0711 517308 801243 801243 719899 801243 801243
0.0713 503929 775103 775103 707685 775103 775103
0.0715 489068 752976 752976 684651 752976 752976
0.0717 479562 737408 737408 633687 737408 737408
0.0719 459238 709523 709523 646357 709523 709523
0.0721 448622 689117 689117 622846 689117 689117
0.0723 439958 665356 665356 614155 665356 665356
0.0725 433603 651710 651710 565946 651710 651710
0.0727 415810 632222 632222 555708 632222 632222
0.0729 403957 608936 608936 557786 608936 608936
0.0731 395879 598717 598717 506814 598717 598717
0.0733 385081 571828 571828 528134 571828 571828
0.0735 374626 556869 556869 504215 556869 556869
0.0737 362461 541590 541590 486021 541590 541590
0.0739 351017 523468 523468 481133 523468 523468
0.0741 343672 512071 512071 447824 512071 512071
0.0743 332549 491521 491521 457422 491521 491521
0.0745 326143 475150 475150 448019 475150 475150
0.0747 315942 465186 465186 419149 465186 465186
0.0749 307685 447732 447732 420594 447732 447732
0.0751 299212 437960 437960 393767 437960 437960
0.0753 285477 425652 425652 384508 425652 425652
0.0755 284144 410262 410262 377284 410262 410262
0.0757 276067 398851 398851 362933 398851 398851
0.0759 266546 386184 386184 357036 386184 386184
0.0761 261931 374788 374788 343082 374788 374788
0.0763 254006 365171 365171 327198 365171 365171
0.0765 246385 354255 354255 318023 354255 354255
0.0767 240805 341395 341395 316351 341395 341395
0.0769 231236 333363 333363 301077 333363 333363
0.0771 226299 322694 322694 293385 322694 322694
0.0773 219167 314689 314689 278865 314689 314689
0.0775 211873 302427 302427 283075 302427 302427
0.0777 209293 293222 293222 272621 293222 293222
0.0779 202856 286365 286365 257306 286365 286365
0.0781 191253 277649 277649 256083 277649 277649
0.0783 191101 268508 268508 246519 268508 268508
0.0785 187047 261605 261605 233258 261605 261605
0.0787 179732 252733 252733 232455 252733 252733
0.0789 176320 245143 245143 223902 245143 245143
0.0791 170814 237426 237426 219195 237426 237426
0.0793 166152 230301 230301 212482 230301 230301
0.0795 162065 225694 225694 196299 225694 225694
0.0797 158242 216597 216597 198950 216597 216597
0.0799 152831 210648 210648 191700 210648 210648
0.0801 147477 203761 203761 189224 203761 203761
0.0803 145610 197971 197971 179909 197971 197971
0.0805 140472 190356 190356 182183 190356 190356
0.0807 136417 187561 187561 165073 187561 187561
0.0809 132284 181914 181914 160405 181914 181914
0.0811 129384 174924 174924 160801 174924 174924
0.0813 124842 169170 169170 158798 169170 169170
0.0815 122960 163819 163819 153394 163819 163819
0.0817 117973 159777 159777 146708 159777 159777
0.0819 114248 155543 155543 140359 155543 155543
0.0821 111762 150371 150371 137374 150371 150371
0.0823 108193 145717 145717 134109 145717 145717
0.0825 105409 142059 142059 126832 142059 142059
0.0827 102981 136749 136749 126632 136749 136749
0.0829 98534 134441 134441 117112 134441 134441
0.0831 96511.7 129740 129740 115373 129740 129740
0.0833 94123.6 124482 124482 116893 124482 124482
0.0835 90764.8 121030 121030 112809 121030 121030
0.0837 89077.8 117710 117710 107155 117710 117710
0.0839 85538.3 113847 113847 106139 113847 113847
0.0841 84047.4 110833 110833 100272 110833 110833
0.0843 81860.4 108076 108076 94649.3 108076 108076
0.0845 78294.5 103905 103905 96620.5 103905 103905
0.0847 77379.5 100521 100521 93338.8 100521 100521
0.0849 75425.9 97853 97853 88754.3 97853 97853
0.0851 72101.6 94742.9 94742.9 87822.6 94742.9 94742.9
0.0853 69622 91655.4 91655.4 86445.8 91655.4 91655.4
0.0855 68291.3 88913.8 88913.8 83129.4 88913.8 88913.8
0.0857 66916.1 85937.5 85937.5 81150.8 85937.5 85937.5
0.0859 65392.3 83124.7 83124.7 79178.9 83124.7 83124.7
0.0861 63701.7 81288.3 81288.3 73852.3 81288.3 81288.3
0.0863 61725.6 78936.8 78936.8 71305 78936.8 78936.8
0.0865 60094.8 76097.2 76097.2 70779 76097.2 76097.2
0.0867 58046 73688.2 73688.2 69352 73688.2 73688.2
0.0869 55926.7 71257.4 71257.4 68473.3 71257.4 71257.4
0.0871 53928.3 69529.5 69529.5 65041.6 69529.5 69529.5
0.0873 52928.4 67917.8 67917.8 60511 67917.8 67917.8
0.0875 51599.7 65249.4 65249.4 60970.5 65249.4 65249.4
0.0877 50539.9 63220.6 63220.6 58874 63220.6 63220.6
0.0879 48321.6 61228.6 61228.6 58127.9 61228.6 61228.6
0.0881 46725.2 60004.4 60004.4 54015.3 60004.4 60004.4
0.0883 46394.9 57628.5 57628.5 53559.7 57628.5 57628.5
0.0885 43891.9 56263.7 56263.7 51540.4 56263.7 56263.7
0.0887 43336.9 53972.7 53972.7 51577.1 53972.7 53972.7
0.0889 41779.1 52653.8 52653.8 49017.4 52653.8 52653.8
0.0891 40623 51055.9 51055.9 47454 51055.9 51055.9
0.0893 39337.5 49212.3 49212.3 47275.9 49212.3 49212.3
0.0895 38348.5 48137.2 48137.2 43990.6 48137.2 48137.2
0.0897 36765 46491.4 46491.4 43889.1 46491.4 46491.4
0.0899 36549.4 45179.4 45179.4 41280.6 45179.4 45179.4
0.0901 35034.6 43887 43887 40137.6 43887 43887
0.0903 33801.6 42404.9 42404.9 39706.8 42404.9 42404.9
0.0905 33369.4 40905.7 40905.7 38772 40905.7 40905.7
0.0907 32184.1 39626.7 39626.7 37930.3 39626.7 39626.7
0.0909 30695.1 38809.6 38809.6 35759.5 38809.6 38809.6
0.0911 29834.5 37747.4 37747.4 34145.5 37747.4 37747.4
0.0913 29458.1 36336.3 36336.3 33686.7 36336.3 36336.3
0.0915 28529.9 34872.2 34872.2 34144.1 34872.2 34872.2
0.0917 27421.4 34296.5 34296.5 31421.8 34296.5 34296.5
0.0919 27027 33143.9 33143.9 30476.8 33143.9 33143.9
0.0921 26099.9 31889.5 31889.5 30678.5 31889.5 31889.5
0.0923 24960.1 30986.7 30986.7 29836.1 30986.7 30986.7
0.0925 24853.4 30109.9 30109.9 28022.4 30109.9 30109.9
0.0927 23470.1 29255.4 29255.4 27571.3 29255.4 29255.4
0.0929 23451.4 28351.2 28351.2 26107.5 28351.2 28351.2
0.0931 22104.8 27496.1 27496.1 25921.8 27496.1 27496.1
0.0933 22040.6 26575.9 26575.9 24863.1 26575.9 26575.9
0.0935 20975.9 25797.8 25797.8 24380.7 25797.8 25797.8
0.0937 20484.4 24904.5 24904.5 23926.9 24904.5 24904.5
0.0939 20206.7 24097.1 24097.1 23051.2 24097.1 24097.1
0.0941 19098.7 23632.3 23632.3 21782.5 23632.3 23632.3
0.0943 18795.5 22742 22742 21527 22742 22742
0.0945 18553 22162.3 22162.3 20090.8 22162.3 22162.3
0.0947 17728.5 21512 21512 19645.8 21512 21512
0.0949 16946.3 20722.7 20722.7 19828.2 20722.7 20722.7
0.0951 16580.1 20121.9 20121.9 18951.7 20121.9 20121.9
0.0953 16381.9 19511.4 19511.4 18058.6 19511.4 19511.4
0.0955 15970.2 18822.5 18822.5 17802.4 18822.5 18822.5
0.0957 15520.6 18319.1 18319.1 16939.8 18319.1 18319.1
0.0959 14911.7 17596.2 17596.2 17214.8 17596.2 17596.2
0.0961 14477.7 17138.2 17138.2 16353.4 17138.2 17138.2
0.0963 13994.2 16612.3 16612.3 15907.2 16612.3 16612.3
0.0965 13556.1 16030.2 16030.2 15732.5 16030.2 16030.2
0.0967 13233 15731.4 15731.4 14398.6 15731.4 15731.4
0.0969 12882 15130.4 15130.4 14388.2 15130.4 15130.4
0.0971 12595.6 14569.1 14569.1 14237.6 14569.1 14569.1
0.0973 12225.6 14155.6 14155.6 13661.1 14155.6 14155.6
0.0975 11828 13819.7 13819.7 12880.6 13819.7 13819.7
0.0977 11302.4 13486.4 13486.4 12293.9 13486.4 13486.4
0.0979 10830.6 12904.6 12904.6 12722.2 12904.6 12904.6
0.0981 10597.2 12609.6 12609.6 11836.4 12609.6 12609.6
0.0983 10506.4 12082.1 12082.1 11807.8 12082.1 12082.1
0.0985 10150.3 11800 11800 11130.7 11800 11800
0.0987 9614.96 11455.2 11455.2 10949.3 11455.2 11455.2
0.0989 9448.02 11042.5 11042.5 10734.9 11042.5 11042.5
0.0991 9323.97 10695.4 10695.4 10275.9 10695.4 10695.4
0.0993 8771.75 10400.1 10400.1 10109.5 10400.1 10400.1
0.0995 8679.77 10122.2 10122.2 9459.13 10122.2 10122.2
0.0997 8429.01 9759.59 9759.59 9363.98 9759.59 9759.59
0.0999 8024.43 9549.93 9549.93 8865.41 9549.93 9549.93
0.1001 8007.71 9114.22 9114.22 8936.94 9114.22 9114.22
