              0              0              0              0              0              0              0
         0.0002     1.3428e+07    1.18187e+06    1.18187e+06    3.86087e+06    1.18187e+06    1.18187e+06
         0.0004    5.20554e+07    4.64645e+06    4.64645e+06    1.50953e+07    4.64645e+06    4.64645e+06
         0.0006    1.13412e+08    1.02724e+07    1.02724e+07    3.31828e+07    1.02724e+07    1.02724e+07
         0.0008    1.95056e+08    1.79388e+07    1.79388e+07    5.76062e+07    1.79388e+07    1.79388e+07
          0.001    2.94596e+08    2.75255e+07    2.75255e+07    8.78538e+07    2.75255e+07    2.75255e+07
         0.0012    4.09696e+08    3.89136e+07    3.89136e+07    1.23421e+08    3.89136e+07    3.89136e+07
         0.0014    5.38096e+08     5.1985e+07     5.1985e+07    1.63812e+08     5.1985e+07     5.1985e+07
         0.0016    6.77618e+08    6.66233e+07    6.66233e+07    2.08541e+08    6.66233e+07    6.66233e+07
         0.0018    8.26183e+08    8.27137e+07    8.27137e+07    2.57134e+08    8.27137e+07    8.27137e+07
          0.002    9.81813e+08    1.00143e+08    1.00143e+08     3.0913e+08    1.00143e+08    1.00143e+08
         0.0022    1.14265e+09    1.18801e+08    1.18801e+08    3.64082e+08    1.18801e+08    1.18801e+08
         0.0024    1.30694e+09     1.3858e+08     1.3858e+08     4.2156e+08     1.3858e+08     1.3858e+08
         0.0026    1.47306e+09    1.59371e+08    1.59371e+08    4.81149e+08    1.59371e+08    1.59371e+08
         0.0028    1.63953e+09    1.81074e+08    1.81074e+08     5.4245e+08    1.81074e+08    1.81074e+08
          0.003    1.80497e+09    2.03586e+08    2.03586e+08    6.05086e+08    2.03586e+08    2.03586e+08
         0.0032    1.96813e+09     2.2681e+08     2.2681e+08    6.68695e+08     2.2681e+08     2.2681e+08
         0.0034    2.12792e+09    2.50652e+08    2.50652e+08    7.32936e+08    2.50652e+08    2.50652e+08
         0.0036    2.28334e+09    2.75019e+08    2.75019e+08    7.97488e+08    2.75019e+08    2.75019e+08
         0.0038    2.43352e+09    2.99824e+08    2.99824e+08    8.62047e+08    2.99824e+08    2.99824e+08
          0.004     2.5777e+09    3.24981e+08    3.24981e+08    9.26331e+08    3.24981e+08    3.24981e+08
         0.0042    2.71526e+09    3.50409e+08    3.50409e+08    9.90078e+08    3.50409e+08    3.50409e+08
         0.0044    2.84566e+09    3.76031e+08    3.76031e+08    1.05305e+09    3.76031e+08    3.76031e+08
         0.0046    2.96846e+09     4.0177e+08     4.0177e+08    1.11501e+09     4.0177e+08     4.0177e+08
         0.0048    3.08333e+09    4.27557e+08    4.27557e+08    1.17576e+09    4.27557e+08    4.27557e+08
          0.005    3.19001e+09    4.53324e+08    4.53324e+08    1.23512e+09    4.53324e+08    4.53324e+08
         0.0052    3.28833e+09    4.79006e+08    4.79006e+08    1.29292e+09    4.79006e+08    4.79006e+08
         0.0054    3.37819e+09    5.04543e+08    5.04543e+08    1.34901e+09    5.04543e+08    5.04543e+08
         0.0056    3.45955e+09    5.29879e+08    5.29879e+08    1.40325e+09    5.29879e+08    5.29879e+08
         0.0058    3.53246e+09    5.54959e+08    5.54959e+08    1.45553e+09    5.54959e+08    5.54959e+08
          0.006    3.59697e+09    5.79734e+08    5.79734e+08    1.50575e+09    5.79734e+08    5.79734e+08
         0.0062    3.65323e+09    6.04157e+08    6.04157e+08    1.55382e+09    6.04157e+08    6.04157e+08
         0.0064     3.7014e+09    6.28185e+08    6.28185e+08    1.59967e+09    6.28185e+08    6.28185e+08
         0.0066    3.74169e+09    6.51777e+08    6.51777e+08    1.64324e+09    6.51777e+08    6.51777e+08
         0.0068    3.77432e+09    6.74896e+08    6.74896e+08    1.68449e+09    6.74896e+08    6.74896e+08
          0.007    3.79956e+09    6.97509e+08    6.97509e+08    1.72338e+09    6.97509e+08    6.97509e+08
         0.0072    3.81769e+09    7.19584e+08    7.19584e+08    1.75989e+09    7.19584e+08    7.19584e+08
         0.0074      3.829e+09    7.41094e+08    7.41094e+08      1.794e+09    7.41094e+08    7.41094e+08
         0.0076    3.83381e+09    7.62014e+08    7.62014e+08    1.82572e+09    7.62014e+08    7.62014e+08
         0.0078    3.83244e+09     7.8232e+08     7.8232e+08    1.85506e+09     7.8232e+08     7.8232e+08
          0.008    3.82521e+09    8.01994e+08    8.01994e+08    1.88201e+09    8.01994e+08    8.01994e+08
         0.0082    3.81244e+09    8.21017e+08    8.21017e+08    1.90662e+09    8.21017e+08    8.21017e+08
         0.0084    3.79448e+09    8.39375e+08    8.39375e+08    1.92889e+09    8.39375e+08    8.39375e+08
         0.0086    3.77165e+09    8.57056e+08    8.57056e+08    1.94888e+09    8.57056e+08    8.57056e+08
         0.0088    3.74427e+09    8.74048e+08    8.74048e+08    1.96662e+09    8.74048e+08    8.74048e+08
          0.009    3.71267e+09    8.90343e+08    8.90343e+08    1.98215e+09    8.90343e+08    8.90343e+08
         0.0092    3.67715e+09    9.05935e+08    9.05935e+08    1.99553e+09    9.05935e+08    9.05935e+08
         0.0094    3.63804e+09    9.20819e+08    9.20819e+08     2.0068e+09    9.20819e+08    9.20819e+08
         0.0096    3.59561e+09    9.34993e+08    9.34993e+08    2.01603e+09    9.34993e+08    9.34993e+08
         0.0098    3.55018e+09    9.48456e+08    9.48456e+08    2.02326e+09    9.48456e+08    9.48456e+08
           0.01      3.502e+09    9.61207e+08    9.61207e+08    2.02857e+09    9.61207e+08    9.61207e+08
         0.0102    3.45136e+09    9.73249e+08    9.73249e+08    2.03202e+09    9.73249e+08    9.73249e+08
         0.0104    3.39851e+09    9.84585e+08    9.84585e+08    2.03367e+09    9.84585e+08    9.84585e+08
         0.0106    3.34369e+09    9.95219e+08    9.95219e+08    2.03358e+09    9.95219e+08    9.95219e+08
         0.0108    3.28715e+09    1.00516e+09    1.00516e+09    2.03183e+09    1.00516e+09    1.00516e+09
          0.011     3.2291e+09    1.01441e+09    1.01441e+09    2.02848e+09    1.01441e+09    1.01441e+09
         0.0112    3.16975e+09    1.02298e+09    1.02298e+09    2.02359e+09    1.02298e+09    1.02298e+09
         0.0114    3.10931e+09    1.03087e+09    1.03087e+09    2.01725e+09    1.03087e+09    1.03087e+09
         0.0116    3.04796e+09    1.03811e+09    1.03811e+09    2.00951e+09    1.03811e+09    1.03811e+09
         0.0118    2.98589e+09    1.04469e+09    1.04469e+09    2.00044e+09    1.04469e+09    1.04469e+09
          0.012    2.92325e+09    1.05063e+09    1.05063e+09     1.9901e+09    1.05063e+09    1.05063e+09
         0.0122    2.86022e+09    1.05594e+09    1.05594e+09    1.97857e+09    1.05594e+09    1.05594e+09
         0.0124    2.79692e+09    1.06063e+09    1.06063e+09    1.96591e+09    1.06063e+09    1.06063e+09
         0.0126    2.73351e+09    1.06472e+09    1.06472e+09    1.95218e+09    1.06472e+09    1.06472e+09
         0.0128     2.6701e+09    1.06821e+09    1.06821e+09    1.93744e+09    1.06821e+09    1.06821e+09
          0.013    2.60681e+09    1.07113e+09    1.07113e+09    1.92175e+09    1.07113e+09    1.07113e+09
         0.0132    2.54376e+09    1.07348e+09    1.07348e+09    1.90518e+09    1.07348e+09    1.07348e+09
         0.0134    2.48104e+09    1.07529e+09    1.07529e+09    1.88778e+09    1.07529e+09    1.07529e+09
         0.0136    2.41874e+09    1.07656e+09    1.07656e+09    1.86961e+09    1.07656e+09    1.07656e+09
         0.0138    2.35695e+09     1.0773e+09     1.0773e+09    1.85073e+09     1.0773e+09     1.0773e+09
          0.014    2.29574e+09    1.07754e+09    1.07754e+09    1.83118e+09    1.07754e+09    1.07754e+09
         0.0142    2.23519e+09    1.07729e+09    1.07729e+09    1.81102e+09    1.07729e+09    1.07729e+09
         0.0144    2.17536e+09    1.07657e+09    1.07657e+09    1.79029e+09    1.07657e+09    1.07657e+09
         0.0146    2.11629e+09    1.07538e+09    1.07538e+09    1.76906e+09    1.07538e+09    1.07538e+09
         0.0148    2.05806e+09    1.07374e+09    1.07374e+09    1.74736e+09    1.07374e+09    1.07374e+09
          0.015    2.00069e+09    1.07168e+09    1.07168e+09    1.72523e+09    1.07168e+09    1.07168e+09
         0.0152    1.94423e+09    1.06919e+09    1.06919e+09    1.70273e+09    1.06919e+09    1.06919e+09
         0.0154    1.88871e+09    1.06631e+09    1.06631e+09    1.67989e+09    1.06631e+09    1.06631e+09
         0.0156    1.83417e+09    1.06304e+09    1.06304e+09    1.65676e+09    1.06304e+09    1.06304e+09
         0.0158    1.78063e+09    1.05939e+09    1.05939e+09    1.63337e+09    1.05939e+09    1.05939e+09
          0.016    1.72811e+09    1.05539e+09    1.05539e+09    1.60975e+09    1.05539e+09    1.05539e+09
         0.0162    1.67664e+09    1.05104e+09    1.05104e+09    1.58595e+09    1.05104e+09    1.05104e+09
         0.0164    1.62621e+09    1.04636e+09    1.04636e+09    1.56199e+09    1.04636e+09    1.04636e+09
         0.0166    1.57685e+09    1.04137e+09    1.04137e+09    1.53791e+09    1.04137e+09    1.04137e+09
         0.0168    1.52857e+09    1.03607e+09    1.03607e+09    1.51374e+09    1.03607e+09    1.03607e+09
          0.017    1.48136e+09    1.03048e+09    1.03048e+09    1.48951e+09    1.03048e+09    1.03048e+09
         0.0172    1.43524e+09    1.02462e+09    1.02462e+09    1.46524e+09    1.02462e+09    1.02462e+09
         0.0174     1.3902e+09    1.01849e+09    1.01849e+09    1.44096e+09    1.01849e+09    1.01849e+09
         0.0176    1.34624e+09    1.01212e+09    1.01212e+09    1.41669e+09    1.01212e+09    1.01212e+09
         0.0178    1.30335e+09     1.0055e+09     1.0055e+09    1.39246e+09     1.0055e+09     1.0055e+09
          0.018    1.26154e+09    9.98664e+08    9.98664e+08    1.36829e+09    9.98664e+08    9.98664e+08
         0.0182    1.22079e+09     9.9161e+08     9.9161e+08     1.3442e+09     9.9161e+08     9.9161e+08
         0.0184    1.18109e+09    9.84353e+08    9.84353e+08    1.32021e+09    9.84353e+08    9.84353e+08
         0.0186    1.14244e+09    9.76906e+08    9.76906e+08    1.29634e+09    9.76906e+08    9.76906e+08
         0.0188    1.10482e+09    9.69279e+08    9.69279e+08     1.2726e+09    9.69279e+08    9.69279e+08
          0.019    1.06822e+09    9.61483e+08    9.61483e+08    1.24901e+09    9.61483e+08    9.61483e+08
         0.0192    1.03263e+09    9.53528e+08    9.53528e+08    1.22559e+09    9.53528e+08    9.53528e+08
         0.0194    9.98024e+08    9.45425e+08    9.45425e+08    1.20235e+09    9.45425e+08    9.45425e+08
         0.0196      9.644e+08    9.37184e+08    9.37184e+08    1.17929e+09    9.37184e+08    9.37184e+08
         0.0198    9.31736e+08    9.28814e+08    9.28814e+08    1.15645e+09    9.28814e+08    9.28814e+08
           0.02    9.00016e+08    9.20325e+08    9.20325e+08    1.13381e+09    9.20325e+08    9.20325e+08
         0.0202    8.69223e+08    9.11726e+08    9.11726e+08     1.1114e+09    9.11726e+08    9.11726e+08
         0.0204     8.3934e+08    9.03025e+08    9.03025e+08    1.08923e+09    9.03025e+08    9.03025e+08
         0.0206    8.10348e+08    8.94232e+08    8.94232e+08     1.0673e+09    8.94232e+08    8.94232e+08
         0.0208    7.82229e+08    8.85355e+08    8.85355e+08    1.04562e+09    8.85355e+08    8.85355e+08
          0.021    7.54966e+08    8.76401e+08    8.76401e+08     1.0242e+09    8.76401e+08    8.76401e+08
         0.0212    7.28539e+08    8.67379e+08    8.67379e+08    1.00304e+09    8.67379e+08    8.67379e+08
         0.0214     7.0293e+08    8.58295e+08    8.58295e+08    9.82158e+08    8.58295e+08    8.58295e+08
         0.0216     6.7812e+08    8.49158e+08    8.49158e+08    9.61547e+08    8.49158e+08    8.49158e+08
         0.0218    6.54091e+08    8.39974e+08    8.39974e+08    9.41216e+08    8.39974e+08    8.39974e+08
          0.022    6.30823e+08     8.3075e+08     8.3075e+08    9.21169e+08     8.3075e+08     8.3075e+08
         0.0222    6.08298e+08    8.21492e+08    8.21492e+08     9.0141e+08    8.21492e+08    8.21492e+08
         0.0224    5.86497e+08    8.12208e+08    8.12208e+08    8.81941e+08    8.12208e+08    8.12208e+08
         0.0226    5.65403e+08    8.02902e+08    8.02902e+08    8.62765e+08    8.02902e+08    8.02902e+08
         0.0228    5.44996e+08     7.9358e+08     7.9358e+08    8.43883e+08     7.9358e+08     7.9358e+08
          0.023    5.25258e+08    7.84249e+08    7.84249e+08    8.25298e+08    7.84249e+08    7.84249e+08
         0.0232    5.06172e+08    7.74914e+08    7.74914e+08    8.07011e+08    7.74914e+08    7.74914e+08
         0.0234     4.8772e+08    7.65579e+08    7.65579e+08    7.89021e+08    7.65579e+08    7.65579e+08
         0.0236    4.69884e+08     7.5625e+08     7.5625e+08    7.71331e+08     7.5625e+08     7.5625e+08
         0.0238    4.52648e+08    7.46931e+08    7.46931e+08    7.53939e+08    7.46931e+08    7.46931e+08
          0.024    4.35993e+08    7.37627e+08    7.37627e+08    7.36846e+08    7.37627e+08    7.37627e+08
         0.0242    4.19904e+08    7.28342e+08    7.28342e+08     7.2005e+08    7.28342e+08    7.28342e+08
         0.0244    4.04364e+08    7.19081e+08    7.19081e+08    7.03552e+08    7.19081e+08    7.19081e+08
         0.0246    3.89357e+08    7.09847e+08    7.09847e+08     6.8735e+08    7.09847e+08    7.09847e+08
         0.0248    3.74867e+08    7.00644e+08    7.00644e+08    6.71443e+08    7.00644e+08    7.00644e+08
          0.025    3.60879e+08    6.91476e+08    6.91476e+08    6.55828e+08    6.91476e+08    6.91476e+08
         0.0252    3.47377e+08    6.82346e+08    6.82346e+08    6.40505e+08    6.82346e+08    6.82346e+08
         0.0254    3.34347e+08    6.73258e+08    6.73258e+08    6.25471e+08    6.73258e+08    6.73258e+08
         0.0256    3.21774e+08    6.64214e+08    6.64214e+08    6.10725e+08    6.64214e+08    6.64214e+08
         0.0258    3.09644e+08    6.55217e+08    6.55217e+08    5.96263e+08    6.55217e+08    6.55217e+08
          0.026    2.97943e+08    6.46271e+08    6.46271e+08    5.82083e+08    6.46271e+08    6.46271e+08
         0.0262    2.86658e+08    6.37377e+08    6.37377e+08    5.68183e+08    6.37377e+08    6.37377e+08
         0.0264    2.75775e+08    6.28539e+08    6.28539e+08    5.54559e+08    6.28539e+08    6.28539e+08
         0.0266    2.65281e+08    6.19759e+08    6.19759e+08     5.4121e+08    6.19759e+08    6.19759e+08
         0.0268    2.55164e+08    6.11038e+08    6.11038e+08    5.28131e+08    6.11038e+08    6.11038e+08
          0.027    2.45412e+08     6.0238e+08     6.0238e+08     5.1532e+08     6.0238e+08     6.0238e+08
         0.0272    2.36012e+08    5.93785e+08    5.93785e+08    5.02773e+08    5.93785e+08    5.93785e+08
         0.0274    2.26954e+08    5.85257e+08    5.85257e+08    4.90488e+08    5.85257e+08    5.85257e+08
         0.0276    2.18225e+08    5.76796e+08    5.76796e+08     4.7846e+08    5.76796e+08    5.76796e+08
         0.0278    2.09815e+08    5.68404e+08    5.68404e+08    4.66687e+08    5.68404e+08    5.68404e+08
          0.028    2.01714e+08    5.60083e+08    5.60083e+08    4.55165e+08    5.60083e+08    5.60083e+08
         0.0282     1.9391e+08    5.51834e+08    5.51834e+08     4.4389e+08    5.51834e+08    5.51834e+08
         0.0284    1.86393e+08    5.43659e+08    5.43659e+08    4.32858e+08    5.43659e+08    5.43659e+08
         0.0286    1.79155e+08    5.35558e+08    5.35558e+08    4.22067e+08    5.35558e+08    5.35558e+08
         0.0288    1.72185e+08    5.27533e+08    5.27533e+08    4.11512e+08    5.27533e+08    5.27533e+08
          0.029    1.65473e+08    5.19584e+08    5.19584e+08     4.0119e+08    5.19584e+08    5.19584e+08
         0.0292    1.59013e+08    5.11713e+08    5.11713e+08    3.91096e+08    5.11713e+08    5.11713e+08
         0.0294    1.52793e+08    5.03921e+08    5.03921e+08    3.81229e+08    5.03921e+08    5.03921e+08
         0.0296    1.46807e+08    4.96208e+08    4.96208e+08    3.71582e+08    4.96208e+08    4.96208e+08
         0.0298    1.41045e+08    4.88575e+08    4.88575e+08    3.62154e+08    4.88575e+08    4.88575e+08
           0.03    1.35501e+08    4.81022e+08    4.81022e+08    3.52939e+08    4.81022e+08    4.81022e+08
         0.0302    1.30166e+08     4.7355e+08     4.7355e+08    3.43935e+08     4.7355e+08     4.7355e+08
         0.0304    1.25033e+08     4.6616e+08     4.6616e+08    3.35138e+08     4.6616e+08     4.6616e+08
         0.0306    1.20094e+08    4.58852e+08    4.58852e+08    3.26543e+08    4.58852e+08    4.58852e+08
         0.0308    1.15343e+08    4.51625e+08    4.51625e+08    3.18148e+08    4.51625e+08    4.51625e+08
          0.031    1.10774e+08    4.44482e+08    4.44482e+08    3.09948e+08    4.44482e+08    4.44482e+08
         0.0312    1.06379e+08    4.37421e+08    4.37421e+08    3.01941e+08    4.37421e+08    4.37421e+08
         0.0314    1.02152e+08    4.30443e+08    4.30443e+08    2.94121e+08    4.30443e+08    4.30443e+08
         0.0316    9.80868e+07    4.23548e+08    4.23548e+08    2.86487e+08    4.23548e+08    4.23548e+08
         0.0318    9.41782e+07    4.16735e+08    4.16735e+08    2.79033e+08    4.16735e+08    4.16735e+08
          0.032    9.04201e+07    4.10006e+08    4.10006e+08    2.71757e+08    4.10006e+08    4.10006e+08
         0.0322     8.6807e+07     4.0336e+08     4.0336e+08    2.64656e+08     4.0336e+08     4.0336e+08
         0.0324    8.33336e+07    3.96796e+08    3.96796e+08    2.57724e+08    3.96796e+08    3.96796e+08
         0.0326    7.99947e+07    3.90316e+08    3.90316e+08     2.5096e+08    3.90316e+08    3.90316e+08
         0.0328    7.67855e+07    3.83917e+08    3.83917e+08     2.4436e+08    3.83917e+08    3.83917e+08
          0.033     7.3701e+07    3.77602e+08    3.77602e+08    2.37921e+08    3.77602e+08    3.77602e+08
         0.0332    7.07366e+07    3.71368e+08    3.71368e+08    2.31638e+08    3.71368e+08    3.71368e+08
         0.0334     6.7888e+07    3.65215e+08    3.65215e+08    2.25509e+08    3.65215e+08    3.65215e+08
         0.0336    6.51506e+07    3.59145e+08    3.59145e+08    2.19531e+08    3.59145e+08    3.59145e+08
         0.0338    6.25205e+07    3.53155e+08    3.53155e+08      2.137e+08    3.53155e+08    3.53155e+08
          0.034    5.99935e+07    3.47246e+08    3.47246e+08    2.08013e+08    3.47246e+08    3.47246e+08
         0.0342    5.75658e+07    3.41417e+08    3.41417e+08    2.02468e+08    3.41417e+08    3.41417e+08
         0.0344    5.52337e+07    3.35669e+08    3.35669e+08    1.97061e+08    3.35669e+08    3.35669e+08
         0.0346    5.29934e+07    3.29999e+08    3.29999e+08    1.91788e+08    3.29999e+08    3.29999e+08
         0.0348    5.08416e+07    3.24409e+08    3.24409e+08    1.86648e+08    3.24409e+08    3.24409e+08
          0.035    4.87749e+07    3.18896e+08    3.18896e+08    1.81637e+08    3.18896e+08    3.18896e+08
         0.0352      4.679e+07    3.13462e+08    3.13462e+08    1.76753e+08    3.13462e+08    3.13462e+08
         0.0354    4.48838e+07    3.08105e+08    3.08105e+08    1.71991e+08    3.08105e+08    3.08105e+08
         0.0356    4.30534e+07    3.02825e+08    3.02825e+08    1.67351e+08    3.02825e+08    3.02825e+08
         0.0358    4.12957e+07     2.9762e+08     2.9762e+08    1.62829e+08     2.9762e+08     2.9762e+08
          0.036     3.9608e+07    2.92492e+08    2.92492e+08    1.58421e+08    2.92492e+08    2.92492e+08
         0.0362    3.79877e+07    2.87438e+08    2.87438e+08    1.54127e+08    2.87438e+08    2.87438e+08
         0.0364    3.64321e+07    2.82458e+08    2.82458e+08    1.49942e+08    2.82458e+08    2.82458e+08
         0.0366    3.49386e+07    2.77552e+08    2.77552e+08    1.45866e+08    2.77552e+08    2.77552e+08
         0.0368     3.3505e+07     2.7272e+08     2.7272e+08    1.41894e+08     2.7272e+08     2.7272e+08
          0.037    3.21289e+07    2.67959e+08    2.67959e+08    1.38024e+08    2.67959e+08    2.67959e+08
         0.0372    3.08081e+07     2.6327e+08     2.6327e+08    1.34255e+08     2.6327e+08     2.6327e+08
         0.0374    2.95403e+07    2.58652e+08    2.58652e+08    1.30584e+08    2.58652e+08    2.58652e+08
         0.0376    2.83236e+07    2.54104e+08    2.54104e+08    1.27008e+08    2.54104e+08    2.54104e+08
         0.0378    2.71559e+07    2.49626e+08    2.49626e+08    1.23525e+08    2.49626e+08    2.49626e+08
          0.038    2.60353e+07    2.45216e+08    2.45216e+08    1.20133e+08    2.45216e+08    2.45216e+08
         0.0382    2.49601e+07    2.40874e+08    2.40874e+08     1.1683e+08    2.40874e+08    2.40874e+08
         0.0384    2.39283e+07      2.366e+08      2.366e+08    1.13614e+08      2.366e+08      2.366e+08
         0.0386    2.29383e+07    2.32393e+08    2.32393e+08    1.10482e+08    2.32393e+08    2.32393e+08
         0.0388    2.19884e+07    2.28251e+08    2.28251e+08    1.07433e+08    2.28251e+08    2.28251e+08
          0.039    2.10771e+07    2.24175e+08    2.24175e+08    1.04464e+08    2.24175e+08    2.24175e+08
         0.0392    2.02028e+07    2.20163e+08    2.20163e+08    1.01574e+08    2.20163e+08    2.20163e+08
         0.0394    1.93641e+07    2.16215e+08    2.16215e+08    9.87602e+07    2.16215e+08    2.16215e+08
         0.0396    1.85595e+07    2.12329e+08    2.12329e+08    9.60213e+07    2.12329e+08    2.12329e+08
         0.0398    1.77878e+07    2.08506e+08    2.08506e+08    9.33553e+07    2.08506e+08    2.08506e+08
           0.04    1.70475e+07    2.04745e+08    2.04745e+08    9.07603e+07    2.04745e+08    2.04745e+08
         0.0402    1.63375e+07    2.01044e+08    2.01044e+08    8.82346e+07    2.01044e+08    2.01044e+08
         0.0404    1.56565e+07    1.97403e+08    1.97403e+08    8.57765e+07    1.97403e+08    1.97403e+08
         0.0406    1.50034e+07    1.93821e+08    1.93821e+08    8.33842e+07    1.93821e+08    1.93821e+08
         0.0408     1.4377e+07    1.90297e+08    1.90297e+08    8.10562e+07    1.90297e+08    1.90297e+08
          0.041    1.37764e+07    1.86832e+08    1.86832e+08    7.87908e+07    1.86832e+08    1.86832e+08
         0.0412    1.32004e+07    1.83423e+08    1.83423e+08    7.65864e+07    1.83423e+08    1.83423e+08
         0.0414    1.26481e+07    1.80071e+08    1.80071e+08    7.44414e+07    1.80071e+08    1.80071e+08
         0.0416    1.21185e+07    1.76774e+08    1.76774e+08    7.23544e+07    1.76774e+08    1.76774e+08
         0.0418    1.16107e+07    1.73532e+08    1.73532e+08     7.0324e+07    1.73532e+08    1.73532e+08
          0.042    1.11238e+07    1.70344e+08    1.70344e+08    6.83485e+07    1.70344e+08    1.70344e+08
         0.0422    1.06571e+07    1.67209e+08    1.67209e+08    6.64267e+07    1.67209e+08    1.67209e+08
         0.0424    1.02096e+07    1.64127e+08    1.64127e+08    6.45571e+07    1.64127e+08    1.64127e+08
         0.0426    9.78055e+06    1.61096e+08    1.61096e+08    6.27384e+07    1.61096e+08    1.61096e+08
         0.0428    9.36928e+06    1.58117e+08    1.58117e+08    6.09694e+07    1.58117e+08    1.58117e+08
          0.043    8.97504e+06    1.55189e+08    1.55189e+08    5.92486e+07    1.55189e+08    1.55189e+08
         0.0432    8.59714e+06     1.5231e+08     1.5231e+08    5.75749e+07     1.5231e+08     1.5231e+08
         0.0434     8.2349e+06     1.4948e+08     1.4948e+08    5.59471e+07     1.4948e+08     1.4948e+08
         0.0436     7.8877e+06    1.46698e+08    1.46698e+08    5.43638e+07    1.46698e+08    1.46698e+08
         0.0438    7.55493e+06    1.43964e+08    1.43964e+08    5.28241e+07    1.43964e+08    1.43964e+08
          0.044    7.23598e+06    1.41277e+08    1.41277e+08    5.13267e+07    1.41277e+08    1.41277e+08
         0.0442    6.93031e+06    1.38637e+08    1.38637e+08    4.98705e+07    1.38637e+08    1.38637e+08
         0.0444    6.63737e+06    1.36042e+08    1.36042e+08    4.84545e+07    1.36042e+08    1.36042e+08
         0.0446    6.35663e+06    1.33492e+08    1.33492e+08    4.70775e+07    1.33492e+08    1.33492e+08
         0.0448     6.0876e+06    1.30986e+08    1.30986e+08    4.57386e+07    1.30986e+08    1.30986e+08
          0.045     5.8298e+06    1.28524e+08    1.28524e+08    4.44368e+07    1.28524e+08    1.28524e+08
         0.0452    5.58277e+06    1.26104e+08    1.26104e+08     4.3171e+07    1.26104e+08    1.26104e+08
         0.0454    5.34606e+06    1.23727e+08    1.23727e+08    4.19403e+07    1.23727e+08    1.23727e+08
         0.0456    5.11925e+06    1.21392e+08    1.21392e+08    4.07438e+07    1.21392e+08    1.21392e+08
         0.0458    4.90194e+06    1.19098e+08    1.19098e+08    3.95805e+07    1.19098e+08    1.19098e+08
          0.046    4.69373e+06    1.16844e+08    1.16844e+08    3.84497e+07    1.16844e+08    1.16844e+08
         0.0462    4.49426e+06     1.1463e+08     1.1463e+08    3.73503e+07     1.1463e+08     1.1463e+08
         0.0464    4.30315e+06    1.12455e+08    1.12455e+08    3.62816e+07    1.12455e+08    1.12455e+08
         0.0466    4.12006e+06    1.10319e+08    1.10319e+08    3.52428e+07    1.10319e+08    1.10319e+08
         0.0468    3.94466e+06     1.0822e+08     1.0822e+08     3.4233e+07     1.0822e+08     1.0822e+08
          0.047    3.77664e+06    1.06159e+08    1.06159e+08    3.32514e+07    1.06159e+08    1.06159e+08
         0.0472    3.61569e+06    1.04135e+08    1.04135e+08    3.22974e+07    1.04135e+08    1.04135e+08
         0.0474    3.46151e+06    1.02147e+08    1.02147e+08    3.13701e+07    1.02147e+08    1.02147e+08
         0.0476    3.31383e+06    1.00195e+08    1.00195e+08    3.04688e+07    1.00195e+08    1.00195e+08
         0.0478    3.17237e+06    9.82776e+07    9.82776e+07    2.95928e+07    9.82776e+07    9.82776e+07
          0.048    3.03688e+06    9.63948e+07    9.63948e+07    2.87415e+07    9.63948e+07    9.63948e+07
         0.0482    2.90711e+06     9.4546e+07     9.4546e+07    2.79142e+07     9.4546e+07     9.4546e+07
         0.0484    2.78282e+06    9.27305e+07    9.27305e+07    2.71101e+07    9.27305e+07    9.27305e+07
         0.0486    2.66379e+06    9.09479e+07    9.09479e+07    2.63288e+07    9.09479e+07    9.09479e+07
         0.0488    2.54978e+06    8.91977e+07    8.91977e+07    2.55694e+07    8.91977e+07    8.91977e+07
          0.049     2.4406e+06    8.74792e+07    8.74792e+07    2.48316e+07    8.74792e+07    8.74792e+07
         0.0492    2.33605e+06     8.5792e+07     8.5792e+07    2.41146e+07     8.5792e+07     8.5792e+07
         0.0494    2.23592e+06    8.41356e+07    8.41356e+07    2.34179e+07    8.41356e+07    8.41356e+07
         0.0496    2.14004e+06    8.25094e+07    8.25094e+07     2.2741e+07    8.25094e+07    8.25094e+07
         0.0498    2.04822e+06     8.0913e+07     8.0913e+07    2.20832e+07     8.0913e+07     8.0913e+07
           0.05     1.9603e+06    7.93458e+07    7.93458e+07    2.14441e+07    7.93458e+07    7.93458e+07
         0.0502    1.87612e+06    7.78074e+07    7.78074e+07    2.08232e+07    7.78074e+07    7.78074e+07
         0.0504    1.79551e+06    7.62973e+07    7.62973e+07    2.02199e+07    7.62973e+07    7.62973e+07
         0.0506    1.71833e+06     7.4815e+07     7.4815e+07    1.96337e+07     7.4815e+07     7.4815e+07
         0.0508    1.64443e+06    7.33601e+07    7.33601e+07    1.90643e+07    7.33601e+07    7.33601e+07
          0.051    1.57368e+06     7.1932e+07     7.1932e+07    1.85111e+07     7.1932e+07     7.1932e+07
         0.0512    1.50594e+06    7.05304e+07    7.05304e+07    1.79736e+07    7.05304e+07    7.05304e+07
         0.0514    1.44109e+06    6.91547e+07    6.91547e+07    1.74515e+07    6.91547e+07    6.91547e+07
         0.0516      1.379e+06    6.78046e+07    6.78046e+07    1.69443e+07    6.78046e+07    6.78046e+07
         0.0518    1.31956e+06    6.64796e+07    6.64796e+07    1.64516e+07    6.64796e+07    6.64796e+07
          0.052    1.26266e+06    6.51792e+07    6.51792e+07     1.5973e+07    6.51792e+07    6.51792e+07
         0.0522    1.20819e+06    6.39032e+07    6.39032e+07    1.55081e+07    6.39032e+07    6.39032e+07
         0.0524    1.15604e+06    6.26509e+07    6.26509e+07    1.50565e+07    6.26509e+07    6.26509e+07
         0.0526    1.10613e+06    6.14221e+07    6.14221e+07    1.46178e+07    6.14221e+07    6.14221e+07
         0.0528    1.05835e+06    6.02162e+07    6.02162e+07    1.41918e+07    6.02162e+07    6.02162e+07
          0.053    1.01261e+06     5.9033e+07     5.9033e+07    1.37779e+07     5.9033e+07     5.9033e+07
         0.0532         968831     5.7872e+07     5.7872e+07     1.3376e+07     5.7872e+07     5.7872e+07
         0.0534         926928    5.67329e+07    5.67329e+07    1.29855e+07    5.67329e+07    5.67329e+07
         0.0536         886821    5.56152e+07    5.56152e+07    1.26064e+07    5.56152e+07    5.56152e+07
         0.0538         848433    5.45186e+07    5.45186e+07    1.22381e+07    5.45186e+07    5.45186e+07
          0.054         811692    5.34426e+07    5.34426e+07    1.18804e+07    5.34426e+07    5.34426e+07
         0.0542         776529    5.23871e+07    5.23871e+07    1.15331e+07    5.23871e+07    5.23871e+07
         0.0544         742875    5.13515e+07    5.13515e+07    1.11957e+07    5.13515e+07    5.13515e+07
         0.0546         710666    5.03355e+07    5.03355e+07    1.08681e+07    5.03355e+07    5.03355e+07
         0.0548         679842    4.93388e+07    4.93388e+07    1.05499e+07    4.93388e+07    4.93388e+07
          0.055         650344    4.83611e+07    4.83611e+07     1.0241e+07    4.83611e+07    4.83611e+07
         0.0552         622114     4.7402e+07     4.7402e+07    9.94094e+06     4.7402e+07     4.7402e+07
         0.0554         595100    4.64611e+07    4.64611e+07    9.64958e+06    4.64611e+07    4.64611e+07
         0.0556         569249    4.55382e+07    4.55382e+07    9.36664e+06    4.55382e+07    4.55382e+07
         0.0558         544511    4.46329e+07    4.46329e+07     9.0919e+06    4.46329e+07    4.46329e+07
          0.056         520839    4.37449e+07    4.37449e+07    8.82512e+06    4.37449e+07    4.37449e+07
         0.0562         498188    4.28739e+07    4.28739e+07    8.56606e+06    4.28739e+07    4.28739e+07
         0.0564         476515    4.20196e+07    4.20196e+07    8.31452e+06    4.20196e+07    4.20196e+07
         0.0566         455776    4.11817e+07    4.11817e+07    8.07028e+06    4.11817e+07    4.11817e+07
         0.0568         435933    4.03599e+07    4.03599e+07    7.83312e+06    4.03599e+07    4.03599e+07
          0.057         416947    3.95538e+07    3.95538e+07    7.60286e+06    3.95538e+07    3.95538e+07
         0.0572         398781    3.87633e+07    3.87633e+07    7.37928e+06    3.87633e+07    3.87633e+07
         0.0574         381401     3.7988e+07     3.7988e+07    7.16221e+06     3.7988e+07     3.7988e+07
         0.0576         364772    3.72277e+07    3.72277e+07    6.95145e+06    3.72277e+07    3.72277e+07
         0.0578         348863    3.64821e+07    3.64821e+07    6.74682e+06    3.64821e+07    3.64821e+07
          0.058         333642    3.57508e+07    3.57508e+07    6.54815e+06    3.57508e+07    3.57508e+07
         0.0582         319080    3.50337e+07    3.50337e+07    6.35527e+06    3.50337e+07    3.50337e+07
         0.0584         305149    3.43306e+07    3.43306e+07    6.16801e+06    3.43306e+07    3.43306e+07
         0.0586         291822     3.3641e+07     3.3641e+07     5.9862e+06     3.3641e+07     3.3641e+07
         0.0588         279072    3.29648e+07    3.29648e+07    5.80971e+06    3.29648e+07    3.29648e+07
          0.059         266876    3.23018e+07    3.23018e+07    5.63836e+06    3.23018e+07    3.23018e+07
         0.0592         255208    3.16516e+07    3.16516e+07    5.47201e+06    3.16516e+07    3.16516e+07
         0.0594         244047    3.10141e+07    3.10141e+07    5.31053e+06    3.10141e+07    3.10141e+07
         0.0596         233371    3.03891e+07    3.03891e+07    5.15376e+06    3.03891e+07    3.03891e+07
         0.0598         223158    2.97762e+07    2.97762e+07    5.00158e+06    2.97762e+07    2.97762e+07
           0.06         213389    2.91753e+07    2.91753e+07    4.85385e+06    2.91753e+07    2.91753e+07
         0.0602         204045    2.85861e+07    2.85861e+07    4.71044e+06    2.85861e+07    2.85861e+07
         0.0604         195107    2.80085e+07    2.80085e+07    4.57122e+06    2.80085e+07    2.80085e+07
         0.0606         186558    2.74421e+07    2.74421e+07    4.43609e+06    2.74421e+07    2.74421e+07
         0.0608         178381    2.68869e+07    2.68869e+07    4.30491e+06    2.68869e+07    2.68869e+07
          0.061         170560    2.63425e+07    2.63425e+07    4.17758e+06    2.63425e+07    2.63425e+07
         0.0612         163080    2.58089e+07    2.58089e+07    4.05398e+06    2.58089e+07    2.58089e+07
         0.0614         155925    2.52857e+07    2.52857e+07    3.93401e+06    2.52857e+07    2.52857e+07
         0.0616         149082    2.47728e+07    2.47728e+07    3.81755e+06    2.47728e+07    2.47728e+07
         0.0618         142538      2.427e+07      2.427e+07    3.70452e+06      2.427e+07      2.427e+07
          0.062         136278    2.37771e+07    2.37771e+07     3.5948e+06    2.37771e+07    2.37771e+07
         0.0622         130292    2.32939e+07    2.32939e+07    3.48831e+06    2.32939e+07    2.32939e+07
         0.0624         124568    2.28203e+07    2.28203e+07    3.38495e+06    2.28203e+07    2.28203e+07
         0.0626         119093     2.2356e+07     2.2356e+07    3.28462e+06     2.2356e+07     2.2356e+07
         0.0628         113857    2.19009e+07    2.19009e+07    3.18725e+06    2.19009e+07    2.19009e+07
          0.063         108850    2.14547e+07    2.14547e+07    3.09274e+06    2.14547e+07    2.14547e+07
         0.0632         104062    2.10175e+07    2.10175e+07    3.00101e+06    2.10175e+07    2.10175e+07
         0.0634        99482.8    2.05888e+07    2.05888e+07    2.91198e+06    2.05888e+07    2.05888e+07
         0.0636        95104.1    2.01687e+07    2.01687e+07    2.82557e+06    2.01687e+07    2.01687e+07
         0.0638        90916.9    1.97569e+07    1.97569e+07    2.74171e+06    1.97569e+07    1.97569e+07
          0.064          86913    1.93533e+07    1.93533e+07    2.66031e+06    1.93533e+07    1.93533e+07
         0.0642        83084.3    1.89578e+07    1.89578e+07    2.58132e+06    1.89578e+07    1.89578e+07
         0.0644        79423.3    1.85701e+07    1.85701e+07    2.50466e+06    1.85701e+07    1.85701e+07
         0.0646        75922.6    1.81901e+07    1.81901e+07    2.43026e+06    1.81901e+07    1.81901e+07
         0.0648        72575.3    1.78176e+07    1.78176e+07    2.35805e+06    1.78176e+07    1.78176e+07
          0.065        69374.8    1.74526e+07    1.74526e+07    2.28797e+06    1.74526e+07    1.74526e+07
         0.0652        66314.5    1.70949e+07    1.70949e+07    2.21996e+06    1.70949e+07    1.70949e+07
         0.0654        63388.4    1.67443e+07    1.67443e+07    2.15396e+06    1.67443e+07    1.67443e+07
         0.0656        60590.7    1.64008e+07    1.64008e+07    2.08992e+06    1.64008e+07    1.64008e+07
         0.0658        57915.8    1.60641e+07    1.60641e+07    2.02776e+06    1.60641e+07    1.60641e+07
          0.066        55358.3    1.57341e+07    1.57341e+07    1.96744e+06    1.57341e+07    1.57341e+07
         0.0662        52913.1    1.54107e+07    1.54107e+07     1.9089e+06    1.54107e+07    1.54107e+07
         0.0664        50575.3    1.50939e+07    1.50939e+07    1.85209e+06    1.50939e+07    1.50939e+07
         0.0666        48340.2    1.47833e+07    1.47833e+07    1.79697e+06    1.47833e+07    1.47833e+07
         0.0668        46203.3     1.4479e+07     1.4479e+07    1.74347e+06     1.4479e+07     1.4479e+07
          0.067        44160.3    1.41809e+07    1.41809e+07    1.69156e+06    1.41809e+07    1.41809e+07
         0.0672        42207.2    1.38887e+07    1.38887e+07    1.64119e+06    1.38887e+07    1.38887e+07
         0.0674          40340    1.36024e+07    1.36024e+07    1.59231e+06    1.36024e+07    1.36024e+07
         0.0676          38555    1.33218e+07    1.33218e+07    1.54487e+06    1.33218e+07    1.33218e+07
         0.0678        36848.5    1.30469e+07    1.30469e+07    1.49884e+06    1.30469e+07    1.30469e+07
          0.068        35217.2    1.27775e+07    1.27775e+07    1.45417e+06    1.27775e+07    1.27775e+07
         0.0682        33657.7    1.25136e+07    1.25136e+07    1.41083e+06    1.25136e+07    1.25136e+07
         0.0684        32166.9     1.2255e+07     1.2255e+07    1.36878e+06     1.2255e+07     1.2255e+07
         0.0686        30741.7    1.20016e+07    1.20016e+07    1.32797e+06    1.20016e+07    1.20016e+07
         0.0688        29379.4    1.17533e+07    1.17533e+07    1.28837e+06    1.17533e+07    1.17533e+07
          0.069        28077.2    1.15101e+07    1.15101e+07    1.24994e+06    1.15101e+07    1.15101e+07
         0.0692        26832.3    1.12717e+07    1.12717e+07    1.21266e+06    1.12717e+07    1.12717e+07
         0.0694        25642.4    1.10382e+07    1.10382e+07    1.17648e+06    1.10382e+07    1.10382e+07
         0.0696          24505    1.08095e+07    1.08095e+07    1.14138e+06    1.08095e+07    1.08095e+07
         0.0698        23417.8    1.05853e+07    1.05853e+07    1.10732e+06    1.05853e+07    1.05853e+07
           0.07        22378.5    1.03657e+07    1.03657e+07    1.07427e+06    1.03657e+07    1.03657e+07
         0.0702        21385.2    1.01506e+07    1.01506e+07     1.0422e+06    1.01506e+07    1.01506e+07
         0.0704        20435.7    9.93979e+06    9.93979e+06    1.01109e+06    9.93979e+06    9.93979e+06
         0.0706        19528.2     9.7333e+06     9.7333e+06         980897     9.7333e+06     9.7333e+06
         0.0708        18660.8    9.53101e+06    9.53101e+06         951605    9.53101e+06    9.53101e+06
          0.071        17831.7    9.33283e+06    9.33283e+06         923184    9.33283e+06    9.33283e+06
         0.0712        17039.3    9.13868e+06    9.13868e+06         895608    9.13868e+06    9.13868e+06
         0.0714        16281.9    8.94848e+06    8.94848e+06         868852    8.94848e+06    8.94848e+06
         0.0716        15558.1    8.76216e+06    8.76216e+06         842892    8.76216e+06    8.76216e+06
         0.0718        14866.2    8.57964e+06    8.57964e+06         817705    8.57964e+06    8.57964e+06
          0.072          14205    8.40085e+06    8.40085e+06         793267    8.40085e+06    8.40085e+06
         0.0722        13573.1     8.2257e+06     8.2257e+06         769557     8.2257e+06     8.2257e+06
         0.0724        12969.1    8.05413e+06    8.05413e+06         746553    8.05413e+06    8.05413e+06
         0.0726        12391.9    7.88606e+06    7.88606e+06         724233    7.88606e+06    7.88606e+06
         0.0728        11840.2    7.72143e+06    7.72143e+06         702579    7.72143e+06    7.72143e+06
          0.073          11313    7.56017e+06    7.56017e+06         681569    7.56017e+06    7.56017e+06
         0.0732        10809.2    7.40221e+06    7.40221e+06         661186    7.40221e+06    7.40221e+06
         0.0734        10327.7    7.24748e+06    7.24748e+06         641410    7.24748e+06    7.24748e+06
         0.0736        9867.57    7.09592e+06    7.09592e+06         622223    7.09592e+06    7.09592e+06
         0.0738        9427.83    6.94748e+06    6.94748e+06         603608    6.94748e+06    6.94748e+06
          0.074        9007.61    6.80207e+06    6.80207e+06         585548    6.80207e+06    6.80207e+06
         0.0742        8606.03    6.65965e+06    6.65965e+06         568027    6.65965e+06    6.65965e+06
         0.0744        8222.28    6.52016e+06    6.52016e+06         551029    6.52016e+06    6.52016e+06
         0.0746        7855.56    6.38353e+06    6.38353e+06         534537    6.38353e+06    6.38353e+06
         0.0748        7505.13     6.2497e+06     6.2497e+06         518537     6.2497e+06     6.2497e+06
          0.075        7170.27    6.11863e+06    6.11863e+06         503015    6.11863e+06    6.11863e+06
         0.0752        6850.28    5.99026e+06    5.99026e+06         487956    5.99026e+06    5.99026e+06
         0.0754        6544.51    5.86453e+06    5.86453e+06         473346    5.86453e+06    5.86453e+06
         0.0756        6252.33    5.74139e+06    5.74139e+06         459173    5.74139e+06    5.74139e+06
         0.0758        5973.14    5.62079e+06    5.62079e+06         445422    5.62079e+06    5.62079e+06
          0.076        5706.36    5.50268e+06    5.50268e+06         432083    5.50268e+06    5.50268e+06
         0.0762        5451.45      5.387e+06      5.387e+06         419141      5.387e+06      5.387e+06
         0.0764        5207.88    5.27371e+06    5.27371e+06         406586    5.27371e+06    5.27371e+06
         0.0766        4975.15    5.16275e+06    5.16275e+06         394406    5.16275e+06    5.16275e+06
         0.0768        4752.77     5.0541e+06     5.0541e+06         382590     5.0541e+06     5.0541e+06
          0.077         4540.3    4.94768e+06    4.94768e+06         371127    4.94768e+06    4.94768e+06
         0.0772        4337.28    4.84347e+06    4.84347e+06         360007    4.84347e+06    4.84347e+06
         0.0774        4143.31    4.74141e+06    4.74141e+06         349219    4.74141e+06    4.74141e+06
         0.0776        3957.97    4.64147e+06    4.64147e+06         338753    4.64147e+06    4.64147e+06
         0.0778        3780.89    4.54359e+06    4.54359e+06         328600    4.54359e+06    4.54359e+06
          0.078        3611.71    4.44775e+06    4.44775e+06         318751    4.44775e+06    4.44775e+06
         0.0782        3450.06    4.35389e+06    4.35389e+06         309197    4.35389e+06    4.35389e+06
         0.0784        3295.62    4.26197e+06    4.26197e+06         299928    4.26197e+06    4.26197e+06
         0.0786        3148.07    4.17197e+06    4.17197e+06         290936    4.17197e+06    4.17197e+06
         0.0788        3007.09    4.08383e+06    4.08383e+06         282213    4.08383e+06    4.08383e+06
          0.079        2872.41    3.99752e+06    3.99752e+06         273751    3.99752e+06    3.99752e+06
         0.0792        2743.73    3.91301e+06    3.91301e+06         265542    3.91301e+06    3.91301e+06
         0.0794         2620.8    3.83025e+06    3.83025e+06         257579    3.83025e+06    3.83025e+06
         0.0796        2503.35    3.74922e+06    3.74922e+06         249855    3.74922e+06    3.74922e+06
         0.0798        2391.15    3.66987e+06    3.66987e+06         242361    3.66987e+06    3.66987e+06
           0.08        2283.96    3.59217e+06    3.59217e+06         235092    3.59217e+06    3.59217e+06
         0.0802        2181.55    3.51609e+06    3.51609e+06         228040    3.51609e+06    3.51609e+06
         0.0804        2083.72    3.44159e+06    3.44159e+06         221199    3.44159e+06    3.44159e+06
         0.0806        1990.26    3.36865e+06    3.36865e+06         214563    3.36865e+06    3.36865e+06
         0.0808        1900.98    3.29723e+06    3.29723e+06         208126    3.29723e+06    3.29723e+06
          0.081        1815.69    3.22729e+06    3.22729e+06         201882    3.22729e+06    3.22729e+06
         0.0812        1734.21    3.15882e+06    3.15882e+06         195825    3.15882e+06    3.15882e+06
         0.0814        1656.37    3.09178e+06    3.09178e+06         189949    3.09178e+06    3.09178e+06
         0.0816        1582.01    3.02614e+06    3.02614e+06         184249    3.02614e+06    3.02614e+06
         0.0818        1510.98    2.96187e+06    2.96187e+06         178720    2.96187e+06    2.96187e+06
          0.082        1443.13    2.89894e+06    2.89894e+06         173356    2.89894e+06    2.89894e+06
         0.0822        1378.31    2.83733e+06    2.83733e+06         168153    2.83733e+06    2.83733e+06
         0.0824         1316.4    2.77701e+06    2.77701e+06         163106    2.77701e+06    2.77701e+06
         0.0826        1257.25    2.71795e+06    2.71795e+06         158210    2.71795e+06    2.71795e+06
         0.0828        1200.76    2.66012e+06    2.66012e+06         153461    2.66012e+06    2.66012e+06
          0.083        1146.79    2.60351e+06    2.60351e+06         148855    2.60351e+06    2.60351e+06
         0.0832        1095.24    2.54809e+06    2.54809e+06         144386    2.54809e+06    2.54809e+06
         0.0834           1046    2.49383e+06    2.49383e+06         140052    2.49383e+06    2.49383e+06
         0.0836        998.969     2.4407e+06     2.4407e+06         135847     2.4407e+06     2.4407e+06
         0.0838        954.043    2.38869e+06    2.38869e+06         131768    2.38869e+06    2.38869e+06
          0.084         911.13    2.33777e+06    2.33777e+06         127812    2.33777e+06    2.33777e+06
         0.0842        870.141    2.28792e+06    2.28792e+06         123974    2.28792e+06    2.28792e+06
         0.0844         830.99    2.23912e+06    2.23912e+06         120252    2.23912e+06    2.23912e+06
         0.0846        793.594    2.19135e+06    2.19135e+06         116641    2.19135e+06    2.19135e+06
         0.0848        757.876    2.14458e+06    2.14458e+06         113138    2.14458e+06    2.14458e+06
          0.085         723.76    2.09879e+06    2.09879e+06         109740    2.09879e+06    2.09879e+06
         0.0852        691.174    2.05396e+06    2.05396e+06         106445    2.05396e+06    2.05396e+06
         0.0854        660.051    2.01008e+06    2.01008e+06         103248    2.01008e+06    2.01008e+06
         0.0856        630.325    1.96713e+06    1.96713e+06         100147    1.96713e+06    1.96713e+06
         0.0858        601.933    1.92507e+06    1.92507e+06        97138.8    1.92507e+06    1.92507e+06
          0.086        574.816    1.88391e+06    1.88391e+06        94221.1    1.88391e+06    1.88391e+06
         0.0862        548.917    1.84361e+06    1.84361e+06          91391    1.84361e+06    1.84361e+06
         0.0864         524.18    1.80416e+06    1.80416e+06        88645.8    1.80416e+06    1.80416e+06
         0.0866        500.555    1.76555e+06    1.76555e+06        85982.9    1.76555e+06    1.76555e+06
         0.0868        477.991    1.72775e+06    1.72775e+06          83400    1.72775e+06    1.72775e+06
          0.087        456.442    1.69074e+06    1.69074e+06        80894.5    1.69074e+06    1.69074e+06
         0.0872         435.86    1.65452e+06    1.65452e+06        78464.3    1.65452e+06    1.65452e+06
         0.0874        416.204    1.61907e+06    1.61907e+06          76107    1.61907e+06    1.61907e+06
         0.0876        397.432    1.58436e+06    1.58436e+06        73820.5    1.58436e+06    1.58436e+06
         0.0878        379.503    1.55039e+06    1.55039e+06        71602.6    1.55039e+06    1.55039e+06
          0.088        362.381    1.51713e+06    1.51713e+06        69451.3    1.51713e+06    1.51713e+06
         0.0882        346.029    1.48458e+06    1.48458e+06        67364.5    1.48458e+06    1.48458e+06
         0.0884        330.412    1.45272e+06    1.45272e+06        65340.5    1.45272e+06    1.45272e+06
         0.0886        315.499    1.42153e+06    1.42153e+06        63377.1    1.42153e+06    1.42153e+06
         0.0888        301.256    1.39101e+06    1.39101e+06        61472.8    1.39101e+06    1.39101e+06
          0.089        287.654    1.36113e+06    1.36113e+06        59625.6    1.36113e+06    1.36113e+06
         0.0892        274.665    1.33188e+06    1.33188e+06        57833.9    1.33188e+06    1.33188e+06
         0.0894         262.26    1.30326e+06    1.30326e+06        56095.9    1.30326e+06    1.30326e+06
         0.0896        250.414    1.27524e+06    1.27524e+06        54410.2    1.27524e+06    1.27524e+06
         0.0898        239.102    1.24781e+06    1.24781e+06        52775.1    1.24781e+06    1.24781e+06
           0.09        228.299    1.22097e+06    1.22097e+06        51189.1    1.22097e+06    1.22097e+06
         0.0902        217.982     1.1947e+06     1.1947e+06        49650.7     1.1947e+06     1.1947e+06
         0.0904        208.131    1.16899e+06    1.16899e+06        48158.5    1.16899e+06    1.16899e+06
         0.0906        198.723    1.14382e+06    1.14382e+06        46711.2    1.14382e+06    1.14382e+06
         0.0908        189.739    1.11919e+06    1.11919e+06        45307.3    1.11919e+06    1.11919e+06
          0.091        181.161    1.09508e+06    1.09508e+06        43945.6    1.09508e+06    1.09508e+06
         0.0912        172.969    1.07148e+06    1.07148e+06        42624.8    1.07148e+06    1.07148e+06
         0.0914        165.146    1.04839e+06    1.04839e+06        41343.7    1.04839e+06    1.04839e+06
         0.0916        157.676    1.02578e+06    1.02578e+06          40101    1.02578e+06    1.02578e+06
         0.0918        150.544    1.00366e+06    1.00366e+06        38895.7    1.00366e+06    1.00366e+06
          0.092        143.732         982012         982012        37726.6         982012         982012
         0.0922        137.229         960824         960824        36592.6         960824         960824
         0.0924        131.018         940086         940086        35492.7         940086         940086
         0.0926        125.088         919791         919791        34425.9         919791         919791
         0.0928        119.426         899929         899929        33391.1         899929         899929
          0.093        114.019         880490         880490        32387.4         880490         880490
         0.0932        108.856         861466         861466        31413.8         861466         861466
         0.0934        103.927         842848         842848        30469.5         842848         842848
         0.0936        99.2197         824628         824628        29553.6         824628         824628
         0.0938        94.7254         806797         806797        28665.2         806797         806797
          0.094        90.4341         789347         789347        27803.5         789347         789347
         0.0942        86.3367         772270         772270        26967.7         772270         772270
         0.0944        82.4244         755557         755557          26157         755557         755557
         0.0946        78.6889         739203         739203        25370.7         739203         739203
         0.0948        75.1223         723198         723198          24608         723198         723198
          0.095        71.7169         707536         707536        23868.2         707536         707536
         0.0952        68.4654         692209         692209        23150.7         692209         692209
         0.0954         65.361         677210         677210        22454.7         677210         677210
         0.0956         62.397         662533         662533        21779.7         662533         662533
         0.0958         59.567         648170         648170        21124.9         648170         648170
          0.096        56.8651         634114         634114        20489.8         634114         634114
         0.0962        54.2854         620360         620360        19873.8         620360         620360
         0.0964        51.8224         606902         606902        19276.3         606902         606902
         0.0966        49.4709         593731         593731        18696.8         593731         593731
         0.0968        47.2259         580844         580844        18134.7         580844         580844
          0.097        45.0824         568233         568233        17589.5         568233         568233
         0.0972         43.036         555893         555893        17060.7         555893         555893
         0.0974        41.0822         543817         543817        16547.8         543817         543817
         0.0976         39.217         532002         532002        16050.3         532002         532002
         0.0978        37.4362         520440         520440        15567.8         520440         520440
          0.098         35.736         509126         509126        15099.7         509126         509126
         0.0982        34.1129         498056         498056        14645.8         498056         498056
         0.0984        32.5633         487224         487224        14205.4         487224         487224
         0.0986         31.084         476625         476625        13778.4         476625         476625
         0.0988        29.6717         466254         466254        13364.1         466254         466254
          0.099        28.3233         456107         456107        12962.3         456107         456107
         0.0992        27.0362         446178         446178        12572.6         446178         446178
         0.0994        25.8073         436462         436462        12194.6         436462         436462
         0.0996        24.6342         426956         426956          11828         426956         426956
         0.0998        23.5143         417655         417655        11472.4         417655         417655
            0.1        22.4452         408555         408555        11127.5         408555         408555
