-2.30103 0.8942 0.8942 0.8942 0.8942 0.8942 0.8942
-2.29973 0.896858 0.896858 0.896858 0.896858 0.896858 0.896858
-2.29843 0.899527 0.899527 0.899527 0.899527 0.899527 0.899527
-2.29712 0.902208 0.902208 0.902208 0.902208 0.902208 0.902208
-2.29582 0.9049 0.9049 0.9049 0.9049 0.9049 0.9049
-2.29452 0.907603 0.907603 0.907603 0.907603 0.907603 0.907603
-2.29322 0.910317 0.910317 0.910317 0.910317 0.910317 0.910317
-2.29191 0.913042 0.913042 0.913042 0.913042 0.913042 0.913042
-2.29061 0.915779 0.915779 0.915779 0.915779 0.915779 0.915779
-2.28931 0.918525 0.918525 0.918525 0.918525 0.918525 0.918525
-2.28801 0.92128 0.92128 0.92128 0.92128 0.92128 0.92128
-2.2867 0.924043 0.924043 0.924043 0.924043 0.924043 0.924043
-2.2854 0.926813 0.926813 0.926813 0.926813 0.926813 0.926813
-2.2841 0.929588 0.929588 0.929588 0.929588 0.929588 0.929588
-2.2828 0.932368 0.932368 0.932368 0.932368 0.932368 0.932368
-2.2815 0.935153 0.935153 0.935153 0.935153 0.935153 0.935153
-2.28019 0.937942 0.937942 0.937942 0.937942 0.937942 0.937942
-2.27889 0.940735 0.940735 0.940735 0.940735 0.940735 0.940735
-2.27759 0.943534 0.943534 0.943534 0.943534 0.943534 0.943534
-2.27629 0.946337 0.946337 0.946337 0.946337 0.946337 0.946337
-2.27498 0.949145 0.949145 0.949145 0.949145 0.949145 0.949145
-2.27368 0.951958 0.951958 0.951958 0.951958 0.951958 0.951958
-2.27238 0.954778 0.954778 0.954778 0.954778 0.954778 0.954778
-2.27108 0.957605 0.957605 0.957605 0.957605 0.957605 0.957605
-2.26977 0.960442 0.960442 0.960442 0.960442 0.960442 0.960442
-2.26847 0.963288 0.963288 0.963288 0.963288 0.963288 0.963288
-2.26717 0.966145 0.966145 0.966145 0.966145 0.966145 0.966145
-2.26587 0.969014 0.969014 0.969014 0.969014 0.969014 0.969014
-2.26456 0.971895 0.971895 0.971895 0.971895 0.971895 0.971895
-2.26326 0.974789 0.974789 0.974789 0.974789 0.974789 0.974789
-2.26196 0.977695 0.977695 0.977695 0.977695 0.977695 0.977695
-2.26066 0.980613 0.980613 0.980613 0.980613 0.980613 0.980613
-2.25936 0.983545 0.983545 0.983545 0.983545 0.983545 0.983545
-2.25805 0.986489 0.986489 0.986489 0.986489 0.986489 0.986489
-2.25675 0.989443 0.989443 0.989443 0.989443 0.989443 0.989443
-2.25545 0.992407 0.992407 0.992407 0.992407 0.992407 0.992407
-2.25415 0.995378 0.995378 0.995378 0.995378 0.995378 0.995378
-2.25284 0.998354 0.998354 0.998354 0.998354 0.998354 0.998354
-2.25154 1.00133 1.00133 1.00133 1.00133 1.00133 1.00133
-2.25024 1.00432 1.00432 1.00432 1.00432 1.00432 1.00432
-2.24894 1.0073 1.0073 1.0073 1.0073 1.0073 1.0073
-2.24763 1.0103 1.0103 1.0103 1.0103 1.0103 1.0103
-2.24633 1.0133 1.0133 1.0133 1.0133 1.0133 1.0133
-2.24503 1.01632 1.01632 1.01632 1.01632 1.01632 1.01632
-2.24373 1.01935 1.01935 1.01935 1.01935 1.01935 1.01935
-2.24243 1.02239 1.02239 1.02239 1.02239 1.02239 1.02239
-2.24112 1.02545 1.02545 1.02545 1.02545 1.02545 1.02545
-2.23982 1.02852 1.02852 1.02852 1.02852 1.02852 1.02852
-2.23852 1.0316 1.0316 1.0316 1.0316 1.0316 1.0316
-2.23722 1.03468 1.03468 1.03468 1.03468 1.03468 1.03468
-2.23591 1.03777 1.03777 1.03777 1.03777 1.03777 1.03777
-2.23461 1.04086 1.04086 1.04086 1.04086 1.04086 1.04086
-2.23331 1.04396 1.04396 1.04396 1.04396 1.04396 1.04396
-2.23201 1.04707 1.04707 1.04707 1.04707 1.04707 1.04707
-2.2307 1.05018 1.05018 1.05018 1.05018 1.05018 1.05018
-2.2294 1.05329 1.05329 1.05329 1.05329 1.05329 1.05329
-2.2281 1.05641 1.05641 1.05641 1.05641 1.05641 1.05641
-2.2268 1.05954 1.05954 1.05954 1.05954 1.05954 1.05954
-2.22549 1.06267 1.06267 1.06267 1.06267 1.06267 1.06267
-2.22419 1.06581 1.06581 1.06581 1.06581 1.06581 1.06581
-2.22289 1.06897 1.06897 1.06897 1.06897 1.06897 1.06897
-2.22159 1.07214 1.07214 1.07214 1.07214 1.07214 1.07214
-2.22029 1.07532 1.07532 1.07532 1.07532 1.07532 1.07532
-2.21898 1.07851 1.07851 1.07851 1.07851 1.07851 1.07851
-2.21768 1.08172 1.08172 1.08172 1.08172 1.08172 1.08172
-2.21638 1.08494 1.08494 1.08494 1.08494 1.08494 1.08494
-2.21508 1.08817 1.08817 1.08817 1.08817 1.08817 1.08817
-2.21377 1.09142 1.09142 1.09142 1.09142 1.09142 1.09142
-2.21247 1.09468 1.09468 1.09468 1.09468 1.09468 1.09468
-2.21117 1.09795 1.09795 1.09795 1.09795 1.09795 1.09795
-2.20987 1.10123 1.10123 1.10123 1.10123 1.10123 1.10123
-2.20856 1.10452 1.10452 1.10452 1.10452 1.10452 1.10452
-2.20726 1.10781 1.10781 1.10781 1.10781 1.10781 1.10781
-2.20596 1.11111 1.11111 1.11111 1.11111 1.11111 1.11111
-2.20466 1.11442 1.11442 1.11442 1.11442 1.11442 1.11442
-2.20336 1.11773 1.11773 1.11773 1.11773 1.11773 1.11773
-2.20205 1.12105 1.12105 1.12105 1.12105 1.12105 1.12105
-2.20075 1.12437 1.12437 1.12437 1.12437 1.12437 1.12437
-2.19945 1.1277 1.1277 1.1277 1.1277 1.1277 1.1277
-2.19815 1.13104 1.13104 1.13104 1.13104 1.13104 1.13104
-2.19684 1.13438 1.13438 1.13438 1.13438 1.13438 1.13438
-2.19554 1.13774 1.13774 1.13774 1.13774 1.13774 1.13774
-2.19424 1.1411 1.1411 1.1411 1.1411 1.1411 1.1411
-2.19294 1.14448 1.14448 1.14448 1.14448 1.14448 1.14448
-2.19163 1.14787 1.14787 1.14787 1.14787 1.14787 1.14787
-2.19033 1.15128 1.15128 1.15128 1.15128 1.15128 1.15128
-2.18903 1.15471 1.15471 1.15471 1.15471 1.15471 1.15471
-2.18773 1.15815 1.15815 1.15815 1.15815 1.15815 1.15815
-2.18642 1.16161 1.16161 1.16161 1.16161 1.16161 1.16161
-2.18512 1.16508 1.16508 1.16508 1.16508 1.16508 1.16508
-2.18382 1.16857 1.16857 1.16857 1.16857 1.16857 1.16857
-2.18252 1.17206 1.17206 1.17206 1.17206 1.17206 1.17206
-2.18122 1.17554 1.17554 1.17554 1.17554 1.17554 1.17554
-2.17991 1.17903 1.17903 1.17903 1.17903 1.17903 1.17903
-2.17861 1.1825 1.1825 1.1825 1.1825 1.1825 1.1825
-2.17731 1.18598 1.18598 1.18598 1.18598 1.18598 1.18598
-2.17601 1.18946 1.18946 1.18946 1.18946 1.18946 1.18946
-2.1747 1.19297 1.19297 1.19297 1.19297 1.19297 1.19297
-2.1734 1.1965 1.1965 1.1965 1.1965 1.1965 1.1965
-2.1721 1.20006 1.20006 1.20006 1.20006 1.20006 1.20006
-2.1708 1.20364 1.20364 1.20364 1.20364 1.20364 1.20364
-2.16949 1.20724 1.20724 1.20724 1.20724 1.20724 1.20724
-2.16819 1.21085 1.21085 1.21085 1.21085 1.21085 1.21085
-2.16689 1.21446 1.21446 1.21446 1.21446 1.21446 1.21446
-2.16559 1.21808 1.21808 1.21808 1.21808 1.21808 1.21808
-2.16429 1.2217 1.2217 1.2217 1.2217 1.2217 1.2217
-2.16298 1.22533 1.22533 1.22533 1.22533 1.22533 1.22533
-2.16168 1.22896 1.22896 1.22896 1.22896 1.22896 1.22896
-2.16038 1.23259 1.23259 1.23259 1.23259 1.23259 1.23259
-2.15908 1.23624 1.23624 1.23624 1.23624 1.23624 1.23624
-2.15777 1.23989 1.23989 1.23989 1.23989 1.23989 1.23989
-2.15647 1.24356 1.24356 1.24356 1.24356 1.24356 1.24356
-2.15517 1.24724 1.24724 1.24724 1.24724 1.24724 1.24724
-2.15387 1.25094 1.25094 1.25094 1.25094 1.25094 1.25094
-2.15256 1.25466 1.25466 1.25466 1.25466 1.25466 1.25466
-2.15126 1.25839 1.25839 1.25839 1.25839 1.25839 1.25839
-2.14996 1.26213 1.26213 1.26213 1.26213 1.26213 1.26213
-2.14866 1.26588 1.26588 1.26588 1.26588 1.26588 1.26588
-2.14735 1.26963 1.26963 1.26963 1.26963 1.26963 1.26963
-2.14605 1.27339 1.27339 1.27339 1.27339 1.27339 1.27339
-2.14475 1.27716 1.27716 1.27716 1.27716 1.27716 1.27716
-2.14345 1.28093 1.28093 1.28093 1.28093 1.28093 1.28093
-2.14215 1.28471 1.28471 1.28471 1.28471 1.28471 1.28471
-2.14084 1.2885 1.2885 1.2885 1.2885 1.2885 1.2885
-2.13954 1.29229 1.29229 1.29229 1.29229 1.29229 1.29229
-2.13824 1.2961 1.2961 1.2961 1.2961 1.2961 1.2961
-2.13694 1.29992 1.29992 1.29992 1.29992 1.29992 1.29992
-2.13563 1.30376 1.30376 1.30376 1.30376 1.30376 1.30376
-2.13433 1.30761 1.30761 1.30761 1.30761 1.30761 1.30761
-2.13303 1.31148 1.31148 1.31148 1.31148 1.31148 1.31148
-2.13173 1.31537 1.31537 1.31537 1.31537 1.31537 1.31537
-2.13042 1.31928 1.31928 1.31928 1.31928 1.31928 1.31928
-2.12912 1.32321 1.32321 1.32321 1.32321 1.32321 1.32321
-2.12782 1.32716 1.32716 1.32716 1.32716 1.32716 1.32716
-2.12652 1.33114 1.33114 1.33114 1.33114 1.33114 1.33114
-2.12522 1.33515 1.33515 1.33515 1.33515 1.33515 1.33515
-2.12391 1.33918 1.33918 1.33918 1.33918 1.33918 1.33918
-2.12261 1.34324 1.34324 1.34324 1.34324 1.34324 1.34324
-2.12131 1.34731 1.34731 1.34731 1.34731 1.34731 1.34731
-2.12001 1.35139 1.35139 1.35139 1.35139 1.35139 1.35139
-2.1187 1.35545 1.35545 1.35545 1.35545 1.35545 1.35545
-2.1174 1.3595 1.3595 1.3595 1.3595 1.3595 1.3595
-2.1161 1.36352 1.36352 1.36352 1.36352 1.36352 1.36352
-2.1148 1.36752 1.36752 1.36752 1.36752 1.36752 1.36752
-2.11349 1.37147 1.37147 1.37147 1.37147 1.37147 1.37147
-2.11219 1.3754 1.3754 1.3754 1.3754 1.3754 1.3754
-2.11089 1.37932 1.37932 1.37932 1.37932 1.37932 1.37932
-2.10959 1.38327 1.38327 1.38327 1.38327 1.38327 1.38327
-2.10828 1.38728 1.38728 1.38728 1.38728 1.38728 1.38728
-2.10698 1.39138 1.39138 1.39138 1.39138 1.39138 1.39138
-2.10568 1.39556 1.39556 1.39556 1.39556 1.39556 1.39556
-2.10438 1.39979 1.39979 1.39979 1.39979 1.39979 1.39979
-2.10308 1.40404 1.40404 1.40404 1.40404 1.40404 1.40404
-2.10177 1.40827 1.40827 1.40827 1.40827 1.40827 1.40827
-2.10047 1.41247 1.41247 1.41247 1.41247 1.41247 1.41247
-2.09917 1.41663 1.41663 1.41663 1.41663 1.41663 1.41663
-2.09787 1.42075 1.42075 1.42075 1.42075 1.42075 1.42075
-2.09656 1.42483 1.42483 1.42483 1.42483 1.42483 1.42483
-2.09526 1.42889 1.42889 1.42889 1.42889 1.42889 1.42889
-2.09396 1.43296 1.43296 1.43296 1.43296 1.43296 1.43296
-2.09266 1.43707 1.43707 1.43707 1.43707 1.43707 1.43707
-2.09135 1.44126 1.44126 1.44126 1.44126 1.44126 1.44126
-2.09005 1.44555 1.44555 1.44555 1.44555 1.44555 1.44555
-2.08875 1.4499 1.4499 1.4499 1.4499 1.4499 1.4499
-2.08745 1.45429 1.45429 1.45429 1.45429 1.45429 1.45429
-2.08615 1.45867 1.45867 1.45867 1.45867 1.45867 1.45867
-2.08484 1.46303 1.46303 1.46303 1.46303 1.46303 1.46303
-2.08354 1.46734 1.46734 1.46734 1.46734 1.46734 1.46734
-2.08224 1.47162 1.47162 1.47162 1.47162 1.47162 1.47162
-2.08094 1.47586 1.47586 1.47586 1.47586 1.47586 1.47586
-2.07963 1.48006 1.48006 1.48006 1.48006 1.48006 1.48006
-2.07833 1.48426 1.48426 1.48426 1.48426 1.48426 1.48426
-2.07703 1.48851 1.48851 1.48851 1.48851 1.48851 1.48851
-2.07573 1.49284 1.49284 1.49284 1.49284 1.49284 1.49284
-2.07442 1.49728 1.49728 1.49728 1.49728 1.49728 1.49728
-2.07312 1.50179 1.50179 1.50179 1.50179 1.50179 1.50179
-2.07182 1.50632 1.50632 1.50632 1.50632 1.50632 1.50632
-2.07052 1.51081 1.51081 1.51081 1.51081 1.51081 1.51081
-2.06921 1.51521 1.51521 1.51521 1.51521 1.51521 1.51521
-2.06791 1.5196 1.5196 1.5196 1.5196 1.5196 1.5196
-2.06661 1.52404 1.52404 1.52404 1.52404 1.52404 1.52404
-2.06531 1.5286 1.5286 1.5286 1.5286 1.5286 1.5286
-2.06401 1.53331 1.53331 1.53331 1.53331 1.53331 1.53331
-2.0627 1.53807 1.53807 1.53807 1.53807 1.53807 1.53807
-2.0614 1.54277 1.54277 1.54277 1.54277 1.54277 1.54277
-2.0601 1.54727 1.54727 1.54727 1.54727 1.54727 1.54727
-2.0588 1.55158 1.55158 1.55158 1.55158 1.55158 1.55158
-2.05749 1.55582 1.55582 1.55582 1.55582 1.55582 1.55582
-2.05619 1.56016 1.56016 1.56016 1.56016 1.56016 1.56016
-2.05489 1.56476 1.56476 1.56476 1.56476 1.56476 1.56476
-2.05359 1.56963 1.56963 1.56963 1.56963 1.56963 1.56963
-2.05228 1.57461 1.57461 1.57461 1.57461 1.57461 1.57461
-2.05098 1.57953 1.57953 1.57953 1.57953 1.57953 1.57953
-2.04968 1.58424 1.58424 1.58424 1.58424 1.58424 1.58424
-2.04838 1.58876 1.58876 1.58876 1.58876 1.58876 1.58876
-2.04708 1.59321 1.59321 1.59321 1.59321 1.59321 1.59321
-2.04577 1.59772 1.59772 1.59772 1.59772 1.59772 1.59772
-2.04447 1.60239 1.60239 1.60239 1.60239 1.60239 1.60239
-2.04317 1.60718 1.60718 1.60718 1.60718 1.60718 1.60718
-2.04187 1.61202 1.61202 1.61202 1.61202 1.61202 1.61202
-2.04056 1.61684 1.61684 1.61684 1.61684 1.61684 1.61684
-2.03926 1.62162 1.62162 1.62162 1.62162 1.62162 1.62162
-2.03796 1.62635 1.62635 1.62635 1.62635 1.62635 1.62635
-2.03666 1.63102 1.63102 1.63102 1.63102 1.63102 1.63102
-2.03535 1.63566 1.63566 1.63566 1.63566 1.63566 1.63566
-2.03405 1.64029 1.64029 1.64029 1.64029 1.64029 1.64029
-2.03275 1.64496 1.64496 1.64496 1.64496 1.64496 1.64496
-2.03145 1.64972 1.64972 1.64972 1.64972 1.64972 1.64972
-2.03014 1.6546 1.6546 1.6546 1.6546 1.6546 1.6546
-2.02884 1.65956 1.65956 1.65956 1.65956 1.65956 1.65956
-2.02754 1.66451 1.66451 1.66451 1.66451 1.66451 1.66451
-2.02624 1.66939 1.66939 1.66939 1.66939 1.66939 1.66939
-2.02494 1.6742 1.6742 1.6742 1.6742 1.6742 1.6742
-2.02363 1.67904 1.67904 1.67904 1.67904 1.67904 1.67904
-2.02233 1.684 1.684 1.684 1.684 1.684 1.684
-2.02103 1.68912 1.68912 1.68912 1.68912 1.68912 1.68912
-2.01973 1.69432 1.69432 1.69432 1.69432 1.69432 1.69432
-2.01842 1.69943 1.69943 1.69943 1.69943 1.69943 1.69943
-2.01712 1.70433 1.70433 1.70433 1.70433 1.70433 1.70433
-2.01582 1.70904 1.70904 1.70904 1.70904 1.70904 1.70904
-2.01452 1.71373 1.71373 1.71373 1.71373 1.71373 1.71373
-2.01321 1.71861 1.71861 1.71861 1.71861 1.71861 1.71861
-2.01191 1.72382 1.72382 1.72382 1.72382 1.72382 1.72382
-2.01061 1.72921 1.72921 1.72921 1.72921 1.72921 1.72921
-2.00931 1.73458 1.73458 1.73458 1.73458 1.73458 1.73458
-2.00801 1.73975 1.73975 1.73975 1.73975 1.73975 1.73975
-2.0067 1.74471 1.74471 1.74471 1.74471 1.74471 1.74471
-2.0054 1.7496 1.7496 1.7496 1.7496 1.7496 1.7496
-2.0041 1.75457 1.75457 1.75457 1.75457 1.75457 1.75457
-2.0028 1.75971 1.75971 1.75971 1.75971 1.75971 1.75971
-2.00149 1.76495 1.76495 1.76495 1.76495 1.76495 1.76495
-2.00019 1.77023 1.77023 1.77023 1.77023 1.77023 1.77023
-1.99889 1.77546 1.77546 1.77546 1.77546 1.77546 1.77546
-1.99759 1.78063 1.78063 1.78063 1.78063 1.78063 1.78063
-1.99628 1.78575 1.78575 1.78575 1.78575 1.78575 1.78575
-1.99498 1.79083 1.79083 1.79083 1.79083 1.79083 1.79083
-1.99368 1.79589 1.79589 1.79589 1.79589 1.79589 1.79589
-1.99238 1.801 1.801 1.801 1.801 1.801 1.801
-1.99107 1.80622 1.80622 1.80622 1.80622 1.80622 1.80622
-1.98977 1.81156 1.81156 1.81156 1.81156 1.81156 1.81156
-1.98847 1.81695 1.81695 1.81695 1.81695 1.81695 1.81695
-1.98717 1.82231 1.82231 1.82231 1.82231 1.82231 1.82231
-1.98587 1.82758 1.82758 1.82758 1.82758 1.82758 1.82758
-1.98456 1.83284 1.83284 1.83284 1.83284 1.83284 1.83284
-1.98326 1.83819 1.83819 1.83819 1.83819 1.83819 1.83819
-1.98196 1.84372 1.84372 1.84372 1.84372 1.84372 1.84372
-1.98066 1.84935 1.84935 1.84935 1.84935 1.84935 1.84935
-1.97935 1.8549 1.8549 1.8549 1.8549 1.8549 1.8549
-1.97805 1.8602 1.8602 1.8602 1.8602 1.8602 1.8602
-1.97675 1.86532 1.86532 1.86532 1.86532 1.86532 1.86532
-1.97545 1.87048 1.87048 1.87048 1.87048 1.87048 1.87048
-1.97414 1.87593 1.87593 1.87593 1.87593 1.87593 1.87593
-1.97284 1.88169 1.88169 1.88169 1.88169 1.88169 1.88169
-1.97154 1.88753 1.88753 1.88753 1.88753 1.88753 1.88753
-1.97024 1.89321 1.89321 1.89321 1.89321 1.89321 1.89321
-1.96894 1.89864 1.89864 1.89864 1.89864 1.89864 1.89864
-1.96763 1.90396 1.90396 1.90396 1.90396 1.90396 1.90396
-1.96633 1.90937 1.90937 1.90937 1.90937 1.90937 1.90937
-1.96503 1.91495 1.91495 1.91495 1.91495 1.91495 1.91495
-1.96373 1.92064 1.92064 1.92064 1.92064 1.92064 1.92064
-1.96242 1.92634 1.92634 1.92634 1.92634 1.92634 1.92634
-1.96112 1.93199 1.93199 1.93199 1.93199 1.93199 1.93199
-1.95982 1.93758 1.93758 1.93758 1.93758 1.93758 1.93758
-1.95852 1.94311 1.94311 1.94311 1.94311 1.94311 1.94311
-1.95721 1.94861 1.94861 1.94861 1.94861 1.94861 1.94861
-1.95591 1.95414 1.95414 1.95414 1.95414 1.95414 1.95414
-1.95461 1.95975 1.95975 1.95975 1.95975 1.95975 1.95975
-1.95331 1.96549 1.96549 1.96549 1.96549 1.96549 1.96549
-1.952 1.97131 1.97131 1.97131 1.97131 1.97131 1.97131
-1.9507 1.97714 1.97714 1.97714 1.97714 1.97714 1.97714
-1.9494 1.98293 1.98293 1.98293 1.98293 1.98293 1.98293
-1.9481 1.98867 1.98867 1.98867 1.98867 1.98867 1.98867
-1.9468 1.99435 1.99435 1.99435 1.99435 1.99435 1.99435
-1.94549 2 2 2 2 2 2
-1.94419 2.00568 2.00568 2.00568 2.00568 2.00568 2.00568
-1.94289 2.01145 2.01145 2.01145 2.01145 2.01145 2.01145
-1.94159 2.01735 2.01735 2.01735 2.01735 2.01735 2.01735
-1.94028 2.02332 2.02332 2.02332 2.02332 2.02332 2.02332
-1.93898 2.02929 2.02929 2.02929 2.02929 2.02929 2.02929
-1.93768 2.03522 2.03522 2.03522 2.03522 2.03522 2.03522
-1.93638 2.04109 2.04109 2.04109 2.04109 2.04109 2.04109
-1.93507 2.04691 2.04691 2.04691 2.04691 2.04691 2.04691
-1.93377 2.05271 2.05271 2.05271 2.05271 2.05271 2.05271
-1.93247 2.05855 2.05855 2.05855 2.05855 2.05855 2.05855
-1.93117 2.06452 2.06452 2.06452 2.06452 2.06452 2.06452
-1.92987 2.0706 2.0706 2.0706 2.0706 2.0706 2.0706
-1.92856 2.07672 2.07672 2.07672 2.07672 2.07672 2.07672
-1.92726 2.08282 2.08282 2.08282 2.08282 2.08282 2.08282
-1.92596 2.08887 2.08887 2.08887 2.08887 2.08887 2.08887
-1.92466 2.09487 2.09487 2.09487 2.09487 2.09487 2.09487
-1.92335 2.10082 2.10082 2.10082 2.10082 2.10082 2.10082
-1.92205 2.10678 2.10678 2.10678 2.10678 2.10678 2.10678
-1.92075 2.11283 2.11283 2.11283 2.11283 2.11283 2.11283
-1.91945 2.11901 2.11901 2.11901 2.11901 2.11901 2.11901
-1.91814 2.12527 2.12527 2.12527 2.12527 2.12527 2.12527
-1.91684 2.13154 2.13154 2.13154 2.13154 2.13154 2.13154
-1.91554 2.13776 2.13776 2.13776 2.13776 2.13776 2.13776
-1.91424 2.14392 2.14392 2.14392 2.14392 2.14392 2.14392
-1.91293 2.15001 2.15001 2.15001 2.15001 2.15001 2.15001
-1.91163 2.15609 2.15609 2.15609 2.15609 2.15609 2.15609
-1.91033 2.16228 2.16228 2.16228 2.16228 2.16228 2.16228
-1.90903 2.16866 2.16866 2.16866 2.16866 2.16866 2.16866
-1.90773 2.1751 2.1751 2.1751 2.1751 2.1751 2.1751
-1.90642 2.18137 2.18137 2.18137 2.18137 2.18137 2.18137
-1.90512 2.18736 2.18736 2.18736 2.18736 2.18736 2.18736
-1.90382 2.19334 2.19334 2.19334 2.19334 2.19334 2.19334
-1.90252 2.19962 2.19962 2.19962 2.19962 2.19962 2.19962
-1.90121 2.20624 2.20624 2.20624 2.20624 2.20624 2.20624
-1.89991 2.21288 2.21288 2.21288 2.21288 2.21288 2.21288
-1.89861 2.21924 2.21924 2.21924 2.21924 2.21924 2.21924
-1.89731 2.22541 2.22541 2.22541 2.22541 2.22541 2.22541
-1.896 2.23164 2.23164 2.23164 2.23164 2.23164 2.23164
-1.8947 2.23808 2.23808 2.23808 2.23808 2.23808 2.23808
-1.8934 2.24462 2.24462 2.24462 2.24462 2.24462 2.24462
-1.8921 2.25107 2.25107 2.25107 2.25107 2.25107 2.25107
-1.8908 2.25745 2.25745 2.25745 2.25745 2.25745 2.25745
-1.88949 2.26392 2.26392 2.26392 2.26392 2.26392 2.26392
-1.88819 2.27059 2.27059 2.27059 2.27059 2.27059 2.27059
-1.88689 2.27732 2.27732 2.27732 2.27732 2.27732 2.27732
-1.88559 2.28388 2.28388 2.28388 2.28388 2.28388 2.28388
-1.88428 2.2902 2.2902 2.2902 2.2902 2.2902 2.2902
-1.88298 2.29648 2.29648 2.29648 2.29648 2.29648 2.29648
-1.88168 2.30289 2.30289 2.30289 2.30289 2.30289 2.30289
-1.88038 2.30947 2.30947 2.30947 2.30947 2.30947 2.30947
-1.87907 2.31624 2.31624 2.31624 2.31624 2.31624 2.31624
-1.87777 2.32311 2.32311 2.32311 2.32311 2.32311 2.32311
-1.87647 2.32993 2.32993 2.32993 2.32993 2.32993 2.32993
-1.87517 2.33652 2.33652 2.33652 2.33652 2.33652 2.33652
-1.87386 2.34295 2.34295 2.34295 2.34295 2.34295 2.34295
-1.87256 2.34943 2.34943 2.34943 2.34943 2.34943 2.34943
-1.87126 2.35607 2.35607 2.35607 2.35607 2.35607 2.35607
-1.86996 2.36289 2.36289 2.36289 2.36289 2.36289 2.36289
-1.86866 2.36988 2.36988 2.36988 2.36988 2.36988 2.36988
-1.86735 2.3769 2.3769 2.3769 2.3769 2.3769 2.3769
-1.86605 2.38375 2.38375 2.38375 2.38375 2.38375 2.38375
-1.86475 2.39037 2.39037 2.39037 2.39037 2.39037 2.39037
-1.86345 2.39696 2.39696 2.39696 2.39696 2.39696 2.39696
-1.86214 2.40368 2.40368 2.40368 2.40368 2.40368 2.40368
-1.86084 2.41059 2.41059 2.41059 2.41059 2.41059 2.41059
-1.85954 2.41768 2.41768 2.41768 2.41768 2.41768 2.41768
-1.85824 2.42487 2.42487 2.42487 2.42487 2.42487 2.42487
-1.85693 2.43192 2.43192 2.43192 2.43192 2.43192 2.43192
-1.85563 2.43872 2.43872 2.43872 2.43872 2.43872 2.43872
-1.85433 2.44546 2.44546 2.44546 2.44546 2.44546 2.44546
-1.85303 2.45236 2.45236 2.45236 2.45236 2.45236 2.45236
-1.85173 2.45943 2.45943 2.45943 2.45943 2.45943 2.45943
-1.85042 2.46646 2.46646 2.46646 2.46646 2.46646 2.46646
-1.84912 2.47339 2.47339 2.47339 2.47339 2.47339 2.47339
-1.84782 2.4804 2.4804 2.4804 2.4804 2.4804 2.4804
-1.84652 2.48763 2.48763 2.48763 2.48763 2.48763 2.48763
-1.84521 2.49489 2.49489 2.49489 2.49489 2.49489 2.49489
-1.84391 2.50194 2.50194 2.50194 2.50194 2.50194 2.50194
-1.84261 2.50878 2.50878 2.50878 2.50878 2.50878 2.50878
-1.84131 2.51565 2.51565 2.51565 2.51565 2.51565 2.51565
-1.84 2.5227 2.5227 2.5227 2.5227 2.5227 2.5227
-1.8387 2.52995 2.52995 2.52995 2.52995 2.52995 2.52995
-1.8374 2.53736 2.53736 2.53736 2.53736 2.53736 2.53736
-1.8361 2.54475 2.54475 2.54475 2.54475 2.54475 2.54475
-1.8348 2.55192 2.55192 2.55192 2.55192 2.55192 2.55192
-1.83349 2.55891 2.55891 2.55891 2.55891 2.55891 2.55891
-1.83219 2.56595 2.56595 2.56595 2.56595 2.56595 2.56595
-1.83089 2.57318 2.57318 2.57318 2.57318 2.57318 2.57318
-1.82959 2.58061 2.58061 2.58061 2.58061 2.58061 2.58061
-1.82828 2.58819 2.58819 2.58819 2.58819 2.58819 2.58819
-1.82698 2.5957 2.5957 2.5957 2.5957 2.5957 2.5957
-1.82568 2.60294 2.60294 2.60294 2.60294 2.60294 2.60294
-1.82438 2.61007 2.61007 2.61007 2.61007 2.61007 2.61007
-1.82307 2.61738 2.61738 2.61738 2.61738 2.61738 2.61738
-1.82177 2.62486 2.62486 2.62486 2.62486 2.62486 2.62486
-1.82047 2.63228 2.63228 2.63228 2.63228 2.63228 2.63228
-1.81917 2.63962 2.63962 2.63962 2.63962 2.63962 2.63962
-1.81786 2.64709 2.64709 2.64709 2.64709 2.64709 2.64709
-1.81656 2.65477 2.65477 2.65477 2.65477 2.65477 2.65477
-1.81526 2.66237 2.66237 2.66237 2.66237 2.66237 2.66237
-1.81396 2.6697 2.6697 2.6697 2.6697 2.6697 2.6697
-1.81266 2.67694 2.67694 2.67694 2.67694 2.67694 2.67694
-1.81135 2.68432 2.68432 2.68432 2.68432 2.68432 2.68432
-1.81005 2.69192 2.69192 2.69192 2.69192 2.69192 2.69192
-1.80875 2.69972 2.69972 2.69972 2.69972 2.69972 2.69972
-1.80745 2.70753 2.70753 2.70753 2.70753 2.70753 2.70753
-1.80614 2.71513 2.71513 2.71513 2.71513 2.71513 2.71513
-1.80484 2.72253 2.72253 2.72253 2.72253 2.72253 2.72253
-1.80354 2.72999 2.72999 2.72999 2.72999 2.72999 2.72999
-1.80224 2.73765 2.73765 2.73765 2.73765 2.73765 2.73765
-1.80093 2.74553 2.74553 2.74553 2.74553 2.74553 2.74553
-1.79963 2.75353 2.75353 2.75353 2.75353 2.75353 2.75353
-1.79833 2.76137 2.76137 2.76137 2.76137 2.76137 2.76137
-1.79703 2.76895 2.76895 2.76895 2.76895 2.76895 2.76895
-1.79573 2.77654 2.77654 2.77654 2.77654 2.77654 2.77654
-1.79442 2.78435 2.78435 2.78435 2.78435 2.78435 2.78435
-1.79312 2.79225 2.79225 2.79225 2.79225 2.79225 2.79225
-1.79182 2.80009 2.80009 2.80009 2.80009 2.80009 2.80009
-1.79052 2.80784 2.80784 2.80784 2.80784 2.80784 2.80784
-1.78921 2.81555 2.81555 2.81555 2.81555 2.81555 2.81555
-1.78791 2.82333 2.82333 2.82333 2.82333 2.82333 2.82333
-1.78661 2.83128 2.83128 2.83128 2.83128 2.83128 2.83128
-1.78531 2.83932 2.83932 2.83932 2.83932 2.83932 2.83932
-1.784 2.84732 2.84732 2.84732 2.84732 2.84732 2.84732
-1.7827 2.85524 2.85524 2.85524 2.85524 2.85524 2.85524
-1.7814 2.86309 2.86309 2.86309 2.86309 2.86309 2.86309
-1.7801 2.87102 2.87102 2.87102 2.87102 2.87102 2.87102
-1.77879 2.87919 2.87919 2.87919 2.87919 2.87919 2.87919
-1.77749 2.88735 2.88735 2.88735 2.88735 2.88735 2.88735
-1.77619 2.89515 2.89515 2.89515 2.89515 2.89515 2.89515
-1.77489 2.90295 2.90295 2.90295 2.90295 2.90295 2.90295
-1.77359 2.91122 2.91122 2.91122 2.91122 2.91122 2.91122
-1.77228 2.91963 2.91963 2.91963 2.91963 2.91963 2.91963
-1.77098 2.92771 2.92771 2.92771 2.92771 2.92771 2.92771
-1.76968 2.93568 2.93568 2.93568 2.93568 2.93568 2.93568
-1.76838 2.94394 2.94394 2.94394 2.94394 2.94394 2.94394
-1.76707 2.9522 2.9522 2.9522 2.9522 2.9522 2.9522
-1.76577 2.96009 2.96009 2.96009 2.96009 2.96009 2.96009
-1.76447 2.96804 2.96804 2.96804 2.96804 2.96804 2.96804
-1.76317 2.97647 2.97647 2.97647 2.97647 2.97647 2.97647
-1.76186 2.98497 2.98497 2.98497 2.98497 2.98497 2.98497
-1.76056 2.9931 2.9931 2.9931 2.9931 2.9931 2.9931
-1.75926 3.0012 3.0012 3.0012 3.0012 3.0012 3.0012
-1.75796 3.00955 3.00955 3.00955 3.00955 3.00955 3.00955
-1.75666 3.01798 3.01798 3.01798 3.01798 3.01798 3.01798
-1.75535 3.02632 3.02632 3.02632 3.02632 3.02632 3.02632
-1.75405 3.03458 3.03458 3.03458 3.03458 3.03458 3.03458
-1.75275 3.04283 3.04283 3.04283 3.04283 3.04283 3.04283
-1.75145 3.05123 3.05123 3.05123 3.05123 3.05123 3.05123
-1.75014 3.05978 3.05978 3.05978 3.05978 3.05978 3.05978
-1.74884 3.06832 3.06832 3.06832 3.06832 3.06832 3.06832
-1.74754 3.07679 3.07679 3.07679 3.07679 3.07679 3.07679
-1.74624 3.08524 3.08524 3.08524 3.08524 3.08524 3.08524
-1.74493 3.09367 3.09367 3.09367 3.09367 3.09367 3.09367
-1.74363 3.10203 3.10203 3.10203 3.10203 3.10203 3.10203
-1.74233 3.11044 3.11044 3.11044 3.11044 3.11044 3.11044
-1.74103 3.11905 3.11905 3.11905 3.11905 3.11905 3.11905
-1.73972 3.12773 3.12773 3.12773 3.12773 3.12773 3.12773
-1.73842 3.13635 3.13635 3.13635 3.13635 3.13635 3.13635
-1.73712 3.14487 3.14487 3.14487 3.14487 3.14487 3.14487
-1.73582 3.15339 3.15339 3.15339 3.15339 3.15339 3.15339
-1.73452 3.16211 3.16211 3.16211 3.16211 3.16211 3.16211
-1.73321 3.17094 3.17094 3.17094 3.17094 3.17094 3.17094
-1.73191 3.17951 3.17951 3.17951 3.17951 3.17951 3.17951
-1.73061 3.18792 3.18792 3.18792 3.18792 3.18792 3.18792
-1.72931 3.1965 3.1965 3.1965 3.1965 3.1965 3.1965
-1.728 3.20534 3.20534 3.20534 3.20534 3.20534 3.20534
-1.7267 3.21435 3.21435 3.21435 3.21435 3.21435 3.21435
-1.7254 3.22317 3.22317 3.22317 3.22317 3.22317 3.22317
-1.7241 3.23174 3.23174 3.23174 3.23174 3.23174 3.23174
-1.72279 3.24047 3.24047 3.24047 3.24047 3.24047 3.24047
-1.72149 3.24938 3.24938 3.24938 3.24938 3.24938 3.24938
-1.72019 3.25818 3.25818 3.25818 3.25818 3.25818 3.25818
-1.71889 3.26704 3.26704 3.26704 3.26704 3.26704 3.26704
-1.71759 3.27615 3.27615 3.27615 3.27615 3.27615 3.27615
-1.71628 3.28511 3.28511 3.28511 3.28511 3.28511 3.28511
-1.71498 3.2938 3.2938 3.2938 3.2938 3.2938 3.2938
-1.71368 3.30264 3.30264 3.30264 3.30264 3.30264 3.30264
-1.71238 3.31166 3.31166 3.31166 3.31166 3.31166 3.31166
-1.71107 3.32057 3.32057 3.32057 3.32057 3.32057 3.32057
-1.70977 3.32957 3.32957 3.32957 3.32957 3.32957 3.32957
-1.70847 3.3388 3.3388 3.3388 3.3388 3.3388 3.3388
-1.70717 3.34783 3.34783 3.34783 3.34783 3.34783 3.34783
-1.70586 3.35663 3.35663 3.35663 3.35663 3.35663 3.35663
-1.70456 3.36564 3.36564 3.36564 3.36564 3.36564 3.36564
-1.70326 3.37477 3.37477 3.37477 3.37477 3.37477 3.37477
-1.70196 3.38378 3.38378 3.38378 3.38378 3.38378 3.38378
-1.70065 3.39295 3.39295 3.39295 3.39295 3.39295 3.39295
-1.69935 3.40229 3.40229 3.40229 3.40229 3.40229 3.40229
-1.69805 3.41137 3.41137 3.41137 3.41137 3.41137 3.41137
-1.69675 3.42029 3.42029 3.42029 3.42029 3.42029 3.42029
-1.69545 3.42942 3.42942 3.42942 3.42942 3.42942 3.42942
-1.69414 3.43883 3.43883 3.43883 3.43883 3.43883 3.43883
-1.69284 3.44832 3.44832 3.44832 3.44832 3.44832 3.44832
-1.69154 3.45752 3.45752 3.45752 3.45752 3.45752 3.45752
-1.69024 3.46663 3.46663 3.46663 3.46663 3.46663 3.46663
-1.68893 3.476 3.476 3.476 3.476 3.476 3.476
-1.68763 3.4854 3.4854 3.4854 3.4854 3.4854 3.4854
-1.68633 3.49471 3.49471 3.49471 3.49471 3.49471 3.49471
-1.68503 3.50402 3.50402 3.50402 3.50402 3.50402 3.50402
-1.68372 3.51327 3.51327 3.51327 3.51327 3.51327 3.51327
-1.68242 3.52249 3.52249 3.52249 3.52249 3.52249 3.52249
-1.68112 3.53189 3.53189 3.53189 3.53189 3.53189 3.53189
-1.67982 3.54141 3.54141 3.54141 3.54141 3.54141 3.54141
-1.67852 3.55087 3.55087 3.55087 3.55087 3.55087 3.55087
-1.67721 3.5603 3.5603 3.5603 3.5603 3.5603 3.5603
-1.67591 3.5697 3.5697 3.5697 3.5697 3.5697 3.5697
-1.67461 3.57904 3.57904 3.57904 3.57904 3.57904 3.57904
-1.67331 3.58847 3.58847 3.58847 3.58847 3.58847 3.58847
-1.672 3.5981 3.5981 3.5981 3.5981 3.5981 3.5981
-1.6707 3.60773 3.60773 3.60773 3.60773 3.60773 3.60773
-1.6694 3.61725 3.61725 3.61725 3.61725 3.61725 3.61725
-1.6681 3.62674 3.62674 3.62674 3.62674 3.62674 3.62674
-1.66679 3.63647 3.63647 3.63647 3.63647 3.63647 3.63647
-1.66549 3.64623 3.64623 3.64623 3.64623 3.64623 3.64623
-1.66419 3.65567 3.65567 3.65567 3.65567 3.65567 3.65567
-1.66289 3.66518 3.66518 3.66518 3.66518 3.66518 3.66518
-1.66158 3.67492 3.67492 3.67492 3.67492 3.67492 3.67492
-1.66028 3.6846 3.6846 3.6846 3.6846 3.6846 3.6846
-1.65898 3.69418 3.69418 3.69418 3.69418 3.69418 3.69418
-1.65768 3.70379 3.70379 3.70379 3.70379 3.70379 3.70379
-1.65638 3.71362 3.71362 3.71362 3.71362 3.71362 3.71362
-1.65507 3.7235 3.7235 3.7235 3.7235 3.7235 3.7235
-1.65377 3.7333 3.7333 3.7333 3.7333 3.7333 3.7333
-1.65247 3.7431 3.7431 3.7431 3.7431 3.7431 3.7431
-1.65117 3.75281 3.75281 3.75281 3.75281 3.75281 3.75281
-1.64986 3.76254 3.76254 3.76254 3.76254 3.76254 3.76254
-1.64856 3.77255 3.77255 3.77255 3.77255 3.77255 3.77255
-1.64726 3.78238 3.78238 3.78238 3.78238 3.78238 3.78238
-1.64596 3.79199 3.79199 3.79199 3.79199 3.79199 3.79199
-1.64465 3.80186 3.80186 3.80186 3.80186 3.80186 3.80186
-1.64335 3.81174 3.81174 3.81174 3.81174 3.81174 3.81174
-1.64205 3.82161 3.82161 3.82161 3.82161 3.82161 3.82161
-1.64075 3.83175 3.83175 3.83175 3.83175 3.83175 3.83175
-1.63945 3.84166 3.84166 3.84166 3.84166 3.84166 3.84166
-1.63814 3.85142 3.85142 3.85142 3.85142 3.85142 3.85142
-1.63684 3.86145 3.86145 3.86145 3.86145 3.86145 3.86145
-1.63554 3.87142 3.87142 3.87142 3.87142 3.87142 3.87142
-1.63424 3.88147 3.88147 3.88147 3.88147 3.88147 3.88147
-1.63293 3.89174 3.89174 3.89174 3.89174 3.89174 3.89174
-1.63163 3.9017 3.9017 3.9017 3.9017 3.9017 3.9017
-1.63033 3.91163 3.91163 3.91163 3.91163 3.91163 3.91163
-1.62903 3.92182 3.92182 3.92182 3.92182 3.92182 3.92182
-1.62772 3.93194 3.93194 3.93194 3.93194 3.93194 3.93194
-1.62642 3.94202 3.94202 3.94202 3.94202 3.94202 3.94202
-1.62512 3.95207 3.95207 3.95207 3.95207 3.95207 3.95207
-1.62382 3.96207 3.96207 3.96207 3.96207 3.96207 3.96207
-1.62251 3.97227 3.97227 3.97227 3.97227 3.97227 3.97227
-1.62121 3.98257 3.98257 3.98257 3.98257 3.98257 3.98257
-1.61991 3.9928 3.9928 3.9928 3.9928 3.9928 3.9928
-1.61861 4.00301 4.00301 4.00301 4.00301 4.00301 4.00301
-1.61731 4.01313 4.01313 4.01313 4.01313 4.01313 4.01313
-1.616 4.02335 4.02335 4.02335 4.02335 4.02335 4.02335
-1.6147 4.03379 4.03379 4.03379 4.03379 4.03379 4.03379
-1.6134 4.04387 4.04387 4.04387 4.04387 4.04387 4.04387
-1.6121 4.05413 4.05413 4.05413 4.05413 4.05413 4.05413
-1.61079 4.06438 4.06438 4.06438 4.06438 4.06438 4.06438
-1.60949 4.07378 4.07378 4.07378 4.07378 4.07378 4.07378
-1.60819 4.08533 4.08533 4.08533 4.08533 4.08533 4.08533
-1.60689 4.09605 4.09605 4.09605 4.09605 4.09605 4.09605
-1.60558 4.10456 4.10456 4.10456 4.10456 4.10456 4.10456
-1.60428 4.11633 4.11633 4.11633 4.11633 4.11633 4.11633
-1.60298 4.12608 4.12608 4.12608 4.12608 4.12608 4.12608
-1.60168 4.13496 4.13496 4.13496 4.13496 4.13496 4.13496
-1.60038 4.14694 4.14694 4.14694 4.14694 4.14694 4.14694
-1.59907 4.15897 4.15897 4.15897 4.15897 4.15897 4.15897
-1.59777 4.16812 4.16812 4.16812 4.16812 4.16812 4.16812
-1.59647 4.17711 4.17711 4.17711 4.17711 4.17711 4.17711
-1.59517 4.18898 4.18898 4.18898 4.18898 4.18898 4.18898
-1.59386 4.20081 4.20081 4.20081 4.20081 4.20081 4.20081
-1.59256 4.20966 4.20966 4.20966 4.20966 4.20966 4.20966
-1.59126 4.21881 4.21881 4.21881 4.21881 4.21881 4.21881
-1.58996 4.23057 4.23057 4.23057 4.23057 4.23057 4.23057
-1.58865 4.24187 4.24187 4.24187 4.24187 4.24187 4.24187
-1.58735 4.25294 4.25294 4.25294 4.25294 4.25294 4.25294
-1.58605 4.26462 4.26462 4.26462 4.26462 4.26462 4.26462
-1.58475 4.27496 4.27496 4.27496 4.27496 4.27496 4.27496
-1.58344 4.28293 4.28293 4.28293 4.28293 4.28293 4.28293
-1.58214 4.2937 4.2937 4.2937 4.2937 4.2937 4.2937
-1.58084 4.30512 4.30512 4.30512 4.30512 4.30512 4.30512
-1.57954 4.31606 4.31606 4.31606 4.31606 4.31606 4.31606
-1.57824 4.32712 4.32712 4.32712 4.32712 4.32712 4.32712
-1.57693 4.33811 4.33811 4.33811 4.33811 4.33811 4.33811
-1.57563 4.3491 4.3491 4.3491 4.3491 4.3491 4.3491
-1.57433 4.35991 4.35991 4.35991 4.35991 4.35991 4.35991
-1.57303 4.37114 4.37114 4.37114 4.37114 4.37114 4.37114
-1.57172 4.38154 4.38154 4.38154 4.38154 4.38154 4.38154
-1.57042 4.38919 4.38919 4.38919 4.38919 4.38919 4.38919
-1.56912 4.39943 4.39943 4.39943 4.39943 4.39943 4.39943
-1.56782 4.41068 4.41068 4.41068 4.41068 4.41068 4.41068
-1.56651 4.42094 4.42094 4.42094 4.42094 4.42094 4.42094
-1.56521 4.43234 4.43234 4.43234 4.43234 4.43234 4.43234
-1.56391 4.44618 4.44618 4.44618 4.44618 4.44618 4.44618
-1.56261 4.45711 4.45711 4.45711 4.45711 4.45711 4.45711
-1.56131 4.46746 4.46746 4.46746 4.46746 4.46746 4.46746
-1.56 4.47815 4.47815 4.47815 4.47815 4.47815 4.47815
-1.5587 4.48866 4.48866 4.48866 4.48866 4.48866 4.48866
-1.5574 4.49918 4.49918 4.49918 4.49918 4.49918 4.49918
-1.5561 4.50966 4.50966 4.50966 4.50966 4.50966 4.50966
-1.55479 4.52009 4.52009 4.52009 4.52009 4.52009 4.52009
-1.55349 4.53063 4.53063 4.53063 4.53063 4.53063 4.53063
-1.55219 4.5406 4.5406 4.5406 4.5406 4.5406 4.5406
-1.55089 4.5521 4.5521 4.5521 4.5521 4.5521 4.5521
-1.54958 4.56534 4.56534 4.56534 4.56534 4.56534 4.56534
-1.54828 4.57545 4.57545 4.57545 4.57545 4.57545 4.57545
-1.54698 4.58573 4.58573 4.58573 4.58573 4.58573 4.58573
-1.54568 4.59555 4.59555 4.59555 4.59555 4.59555 4.59555
-1.54437 4.60791 4.60791 4.60791 4.60791 4.60791 4.60791
-1.54307 4.62012 4.62012 4.62012 4.62012 4.62012 4.62012
-1.54177 4.62984 4.62984 4.62984 4.62984 4.62984 4.62984
-1.54047 4.63992 4.63992 4.63992 4.63992 4.63992 4.63992
-1.53917 4.64995 4.64995 4.64995 4.64995 4.64995 4.64995
-1.53786 4.663 4.663 4.663 4.663 4.663 4.663
-1.53656 4.67383 4.67383 4.67383 4.67383 4.67383 4.67383
-1.53526 4.68299 4.68299 4.68299 4.68299 4.68299 4.68299
-1.53396 4.69499 4.69499 4.69499 4.69499 4.69499 4.69499
-1.53265 4.70682 4.70682 4.70682 4.70682 4.70682 4.70682
-1.53135 4.71705 4.71705 4.71705 4.71705 4.71705 4.71705
-1.53005 4.72997 4.72997 4.72997 4.72997 4.72997 4.72997
-1.52875 4.73961 4.73961 4.73961 4.73961 4.73961 4.73961
-1.52744 4.74907 4.74907 4.74907 4.74907 4.74907 4.74907
-1.52614 4.76183 4.76183 4.76183 4.76183 4.76183 4.76183
-1.52484 4.77199 4.77199 4.77199 4.77199 4.77199 4.77199
-1.52354 4.78365 4.78365 4.78365 4.78365 4.78365 4.78365
-1.52224 4.7948 4.7948 4.7948 4.7948 4.7948 4.7948
-1.52093 4.80539 4.80539 4.80539 4.80539 4.80539 4.80539
-1.51963 4.81739 4.81739 4.81739 4.81739 4.81739 4.81739
-1.51833 4.82712 4.82712 4.82712 4.82712 4.82712 4.82712
-1.51703 4.83966 4.83966 4.83966 4.83966 4.83966 4.83966
-1.51572 4.849 4.849 4.849 4.849 4.849 4.849
-1.51442 4.86127 4.86127 4.86127 4.86127 4.86127 4.86127
-1.51312 4.8741 4.8741 4.8741 4.8741 4.8741 4.8741
-1.51182 4.88352 4.88352 4.88352 4.88352 4.88352 4.88352
-1.51051 4.89532 4.89532 4.89532 4.89532 4.89532 4.89532
-1.50921 4.90564 4.90564 4.90564 4.90564 4.90564 4.90564
-1.50791 4.91611 4.91611 4.91611 4.91611 4.91611 4.91611
-1.50661 4.92915 4.92915 4.92915 4.92915 4.92915 4.92915
-1.5053 4.93976 4.93976 4.93976 4.93976 4.93976 4.93976
-1.504 4.94952 4.94952 4.94952 4.94952 4.94952 4.94952
-1.5027 4.96231 4.96231 4.96231 4.96231 4.96231 4.96231
-1.5014 4.97355 4.97355 4.97355 4.97355 4.97355 4.97355
-1.5001 4.9828 4.9828 4.9828 4.9828 4.9828 4.9828
-1.49879 4.99508 4.99508 4.99508 4.99508 4.99508 4.99508
-1.49749 5.00707 5.00707 5.00707 5.00707 5.00707 5.00707
-1.49619 5.01897 5.01897 5.01897 5.01897 5.01897 5.01897
-1.49489 5.02785 5.02785 5.02785 5.02785 5.02785 5.02785
-1.49358 5.03965 5.03965 5.03965 5.03965 5.03965 5.03965
-1.49228 5.05157 5.05157 5.05157 5.05157 5.05157 5.05157
-1.49098 5.06331 5.06331 5.06331 5.06331 5.06331 5.06331
-1.48968 5.07539 5.07539 5.07539 5.07539 5.07539 5.07539
-1.48837 5.08431 5.08431 5.08431 5.08431 5.08431 5.08431
-1.48707 5.09541 5.09541 5.09541 5.09541 5.09541 5.09541
-1.48577 5.10729 5.10729 5.10729 5.10729 5.10729 5.10729
-1.48447 5.11888 5.11888 5.11888 5.11888 5.11888 5.11888
-1.48317 5.13055 5.13055 5.13055 5.13055 5.13055 5.13055
-1.48186 5.14202 5.14202 5.14202 5.14202 5.14202 5.14202
-1.48056 5.15397 5.15397 5.15397 5.15397 5.15397 5.15397
-1.47926 5.16298 5.16298 5.16298 5.16298 5.16298 5.16298
-1.47796 5.17345 5.17345 5.17345 5.17345 5.17345 5.17345
-1.47665 5.18516 5.18516 5.18516 5.18516 5.18516 5.18516
-1.47535 5.19652 5.19652 5.19652 5.19652 5.19652 5.19652
-1.47405 5.20792 5.20792 5.20792 5.20792 5.20792 5.20792
-1.47275 5.21927 5.21927 5.21927 5.21927 5.21927 5.21927
-1.47144 5.2306 5.2306 5.2306 5.2306 5.2306 5.2306
-1.47014 5.24188 5.24188 5.24188 5.24188 5.24188 5.24188
-1.46884 5.25314 5.25314 5.25314 5.25314 5.25314 5.25314
-1.46754 5.26435 5.26435 5.26435 5.26435 5.26435 5.26435
-1.46623 5.27554 5.27554 5.27554 5.27554 5.27554 5.27554
-1.46493 5.28669 5.28669 5.28669 5.28669 5.28669 5.28669
-1.46363 5.29781 5.29781 5.29781 5.29781 5.29781 5.29781
-1.46233 5.3089 5.3089 5.3089 5.3089 5.3089 5.3089
-1.46103 5.31995 5.31995 5.31995 5.31995 5.31995 5.31995
-1.45972 5.33097 5.33097 5.33097 5.33097 5.33097 5.33097
-1.45842 5.34195 5.34195 5.34195 5.34195 5.34195 5.34195
-1.45712 5.35288 5.35288 5.35288 5.35288 5.35288 5.35288
-1.45582 5.36402 5.36402 5.36402 5.36402 5.36402 5.36402
-1.45451 5.37776 5.37776 5.37776 5.37776 5.37776 5.37776
-1.45321 5.38834 5.38834 5.38834 5.38834 5.38834 5.38834
-1.45191 5.39924 5.39924 5.39924 5.39924 5.39924 5.39924
-1.45061 5.41 5.41 5.41 5.41 5.41 5.41
-1.4493 5.42074 5.42074 5.42074 5.42074 5.42074 5.42074
-1.448 5.43154 5.43154 5.43154 5.43154 5.43154 5.43154
-1.4467 5.44187 5.44187 5.44187 5.44187 5.44187 5.44187
-1.4454 5.45451 5.45451 5.45451 5.45451 5.45451 5.45451
-1.4441 5.46641 5.46641 5.46641 5.46641 5.46641 5.46641
-1.44279 5.47673 5.47673 5.47673 5.47673 5.47673 5.47673
-1.44149 5.4874 5.4874 5.4874 5.4874 5.4874 5.4874
-1.44019 5.49774 5.49774 5.49774 5.49774 5.49774 5.49774
-1.43889 5.51111 5.51111 5.51111 5.51111 5.51111 5.51111
-1.43758 5.52149 5.52149 5.52149 5.52149 5.52149 5.52149
-1.43628 5.532 5.532 5.532 5.532 5.532 5.532
-1.43498 5.54215 5.54215 5.54215 5.54215 5.54215 5.54215
-1.43368 5.55374 5.55374 5.55374 5.55374 5.55374 5.55374
-1.43237 5.56597 5.56597 5.56597 5.56597 5.56597 5.56597
-1.43107 5.57602 5.57602 5.57602 5.57602 5.57602 5.57602
-1.42977 5.586 5.586 5.586 5.586 5.586 5.586
-1.42847 5.59882 5.59882 5.59882 5.59882 5.59882 5.59882
-1.42717 5.60937 5.60937 5.60937 5.60937 5.60937 5.60937
-1.42586 5.61968 5.61968 5.61968 5.61968 5.61968 5.61968
-1.42456 5.63254 5.63254 5.63254 5.63254 5.63254 5.63254
-1.42326 5.64209 5.64209 5.64209 5.64209 5.64209 5.64209
-1.42196 5.65367 5.65367 5.65367 5.65367 5.65367 5.65367
-1.42065 5.66535 5.66535 5.66535 5.66535 5.66535 5.66535
-1.41935 5.67477 5.67477 5.67477 5.67477 5.67477 5.67477
-1.41805 5.68743 5.68743 5.68743 5.68743 5.68743 5.68743
-1.41675 5.6975 5.6975 5.6975 5.6975 5.6975 5.6975
-1.41544 5.70787 5.70787 5.70787 5.70787 5.70787 5.70787
-1.41414 5.72021 5.72021 5.72021 5.72021 5.72021 5.72021
-1.41284 5.72938 5.72938 5.72938 5.72938 5.72938 5.72938
-1.41154 5.7413 5.7413 5.7413 5.7413 5.7413 5.7413
-1.41023 5.75197 5.75197 5.75197 5.75197 5.75197 5.75197
-1.40893 5.76157 5.76157 5.76157 5.76157 5.76157 5.76157
-1.40763 5.77404 5.77404 5.77404 5.77404 5.77404 5.77404
-1.40633 5.7832 5.7832 5.7832 5.7832 5.7832 5.7832
-1.40503 5.79455 5.79455 5.79455 5.79455 5.79455 5.79455
-1.40372 5.80512 5.80512 5.80512 5.80512 5.80512 5.80512
-1.40242 5.81716 5.81716 5.81716 5.81716 5.81716 5.81716
-1.40112 5.82698 5.82698 5.82698 5.82698 5.82698 5.82698
-1.39982 5.83919 5.83919 5.83919 5.83919 5.83919 5.83919
-1.39851 5.84801 5.84801 5.84801 5.84801 5.84801 5.84801
-1.39721 5.85961 5.85961 5.85961 5.85961 5.85961 5.85961
-1.39591 5.86958 5.86958 5.86958 5.86958 5.86958 5.86958
-1.39461 5.88166 5.88166 5.88166 5.88166 5.88166 5.88166
-1.3933 5.89062 5.89062 5.89062 5.89062 5.89062 5.89062
-1.392 5.90152 5.90152 5.90152 5.90152 5.90152 5.90152
-1.3907 5.91179 5.91179 5.91179 5.91179 5.91179 5.91179
-1.3894 5.92354 5.92354 5.92354 5.92354 5.92354 5.92354
-1.3881 5.93313 5.93313 5.93313 5.93313 5.93313 5.93313
-1.38679 5.9445 5.9445 5.9445 5.9445 5.9445 5.9445
-1.38549 5.9552 5.9552 5.9552 5.9552 5.9552 5.9552
-1.38419 5.96505 5.96505 5.96505 5.96505 5.96505 5.96505
-1.38289 5.9768 5.9768 5.9768 5.9768 5.9768 5.9768
-1.38158 5.98542 5.98542 5.98542 5.98542 5.98542 5.98542
-1.38028 5.99629 5.99629 5.99629 5.99629 5.99629 5.99629
-1.37898 6.006 6.006 6.006 6.006 6.006 6.006
-1.37768 6.01755 6.01755 6.01755 6.01755 6.01755 6.01755
-1.37637 6.02718 6.02718 6.02718 6.02718 6.02718 6.02718
-1.37507 6.03759 6.03759 6.03759 6.03759 6.03759 6.03759
-1.37377 6.04874 6.04874 6.04874 6.04874 6.04874 6.04874
-1.37247 6.05801 6.05801 6.05801 6.05801 6.05801 6.05801
-1.37116 6.06893 6.06893 6.06893 6.06893 6.06893 6.06893
-1.36986 6.07945 6.07945 6.07945 6.07945 6.07945 6.07945
-1.36856 6.08876 6.08876 6.08876 6.08876 6.08876 6.08876
-1.36726 6.09991 6.09991 6.09991 6.09991 6.09991 6.09991
-1.36596 6.10986 6.10986 6.10986 6.10986 6.10986 6.10986
-1.36465 6.11936 6.11936 6.11936 6.11936 6.11936 6.11936
-1.36335 6.1305 6.1305 6.1305 6.1305 6.1305 6.1305
-1.36205 6.14003 6.14003 6.14003 6.14003 6.14003 6.14003
-1.36075 6.14974 6.14974 6.14974 6.14974 6.14974 6.14974
-1.35944 6.16074 6.16074 6.16074 6.16074 6.16074 6.16074
-1.35814 6.17 6.17 6.17 6.17 6.17 6.17
-1.35684 6.17983 6.17983 6.17983 6.17983 6.17983 6.17983
-1.35554 6.19066 6.19066 6.19066 6.19066 6.19066 6.19066
-1.35423 6.19976 6.19976 6.19976 6.19976 6.19976 6.19976
-1.35293 6.2096 6.2096 6.2096 6.2096 6.2096 6.2096
-1.35163 6.2203 6.2203 6.2203 6.2203 6.2203 6.2203
-1.35033 6.22931 6.22931 6.22931 6.22931 6.22931 6.22931
-1.34903 6.23906 6.23906 6.23906 6.23906 6.23906 6.23906
-1.34772 6.24967 6.24967 6.24967 6.24967 6.24967 6.24967
-1.34642 6.25866 6.25866 6.25866 6.25866 6.25866 6.25866
-1.34512 6.2682 6.2682 6.2682 6.2682 6.2682 6.2682
-1.34382 6.27876 6.27876 6.27876 6.27876 6.27876 6.27876
-1.34251 6.2878 6.2878 6.2878 6.2878 6.2878 6.2878
-1.34121 6.29705 6.29705 6.29705 6.29705 6.29705 6.29705
-1.33991 6.30754 6.30754 6.30754 6.30754 6.30754 6.30754
-1.33861 6.31666 6.31666 6.31666 6.31666 6.31666 6.31666
-1.3373 6.32576 6.32576 6.32576 6.32576 6.32576 6.32576
-1.336 6.33439 6.33439 6.33439 6.33439 6.33439 6.33439
-1.3347 6.34375 6.34375 6.34375 6.34375 6.34375 6.34375
-1.3334 6.35404 6.35404 6.35404 6.35404 6.35404 6.35404
-1.33209 6.36292 6.36292 6.36292 6.36292 6.36292 6.36292
-1.33079 6.37184 6.37184 6.37184 6.37184 6.37184 6.37184
-1.32949 6.38203 6.38203 6.38203 6.38203 6.38203 6.38203
-1.32819 6.39133 6.39133 6.39133 6.39133 6.39133 6.39133
-1.32689 6.39983 6.39983 6.39983 6.39983 6.39983 6.39983
-1.32558 6.4099 6.4099 6.4099 6.4099 6.4099 6.4099
-1.32428 6.41728 6.41728 6.41728 6.41728 6.41728 6.41728
-1.32298 6.42725 6.42725 6.42725 6.42725 6.42725 6.42725
-1.32168 6.43666 6.43666 6.43666 6.43666 6.43666 6.43666
-1.32037 6.445 6.445 6.445 6.445 6.445 6.445
-1.31907 6.45465 6.45465 6.45465 6.45465 6.45465 6.45465
-1.31777 6.4622 6.4622 6.4622 6.4622 6.4622 6.4622
-1.31647 6.47167 6.47167 6.47167 6.47167 6.47167 6.47167
-1.31516 6.48134 6.48134 6.48134 6.48134 6.48134 6.48134
-1.31386 6.4897 6.4897 6.4897 6.4897 6.4897 6.4897
-1.31256 6.49853 6.49853 6.49853 6.49853 6.49853 6.49853
-1.31126 6.50665 6.50665 6.50665 6.50665 6.50665 6.50665
-1.30996 6.51558 6.51558 6.51558 6.51558 6.51558 6.51558
-1.30865 6.5235 6.5235 6.5235 6.5235 6.5235 6.5235
-1.30735 6.53226 6.53226 6.53226 6.53226 6.53226 6.53226
-1.30605 6.542 6.542 6.542 6.542 6.542 6.542
-1.30475 6.54889 6.54889 6.54889 6.54889 6.54889 6.54889
-1.30344 6.55868 6.55868 6.55868 6.55868 6.55868 6.55868
-1.30214 6.56555 6.56555 6.56555 6.56555 6.56555 6.56555
-1.30084 6.57527 6.57527 6.57527 6.57527 6.57527 6.57527
-1.29954 6.5821 6.5821 6.5821 6.5821 6.5821 6.5821
-1.29823 6.59176 6.59176 6.59176 6.59176 6.59176 6.59176
-1.29693 6.59854 6.59854 6.59854 6.59854 6.59854 6.59854
-1.29563 6.60811 6.60811 6.60811 6.60811 6.60811 6.60811
-1.29433 6.61512 6.61512 6.61512 6.61512 6.61512 6.61512
-1.29302 6.62275 6.62275 6.62275 6.62275 6.62275 6.62275
-1.29172 6.63142 6.63142 6.63142 6.63142 6.63142 6.63142
-1.29042 6.63909 6.63909 6.63909 6.63909 6.63909 6.63909
-1.28912 6.64745 6.64745 6.64745 6.64745 6.64745 6.64745
-1.28782 6.6543 6.6543 6.6543 6.6543 6.6543 6.6543
-1.28651 6.66342 6.66342 6.66342 6.66342 6.66342 6.66342
-1.28521 6.67036 6.67036 6.67036 6.67036 6.67036 6.67036
-1.28391 6.67735 6.67735 6.67735 6.67735 6.67735 6.67735
-1.28261 6.68568 6.68568 6.68568 6.68568 6.68568 6.68568
-1.2813 6.69315 6.69315 6.69315 6.69315 6.69315 6.69315
-1.28 6.7001 6.7001 6.7001 6.7001 6.7001 6.7001
-1.2787 6.70683 6.70683 6.70683 6.70683 6.70683 6.70683
-1.2774 6.7157 6.7157 6.7157 6.7157 6.7157 6.7157
-1.27609 6.72254 6.72254 6.72254 6.72254 6.72254 6.72254
-1.27479 6.7294 6.7294 6.7294 6.7294 6.7294 6.7294
-1.27349 6.73626 6.73626 6.73626 6.73626 6.73626 6.73626
-1.27219 6.74356 6.74356 6.74356 6.74356 6.74356 6.74356
-1.27089 6.75163 6.75163 6.75163 6.75163 6.75163 6.75163
-1.26958 6.75835 6.75835 6.75835 6.75835 6.75835 6.75835
-1.26828 6.76505 6.76505 6.76505 6.76505 6.76505 6.76505
-1.26698 6.77174 6.77174 6.77174 6.77174 6.77174 6.77174
-1.26568 6.77842 6.77842 6.77842 6.77842 6.77842 6.77842
-1.26437 6.78507 6.78507 6.78507 6.78507 6.78507 6.78507
-1.26307 6.7917 6.7917 6.7917 6.7917 6.7917 6.7917
-1.26177 6.79831 6.79831 6.79831 6.79831 6.79831 6.79831
-1.26047 6.8049 6.8049 6.8049 6.8049 6.8049 6.8049
-1.25916 6.81148 6.81148 6.81148 6.81148 6.81148 6.81148
-1.25786 6.81803 6.81803 6.81803 6.81803 6.81803 6.81803
-1.25656 6.82456 6.82456 6.82456 6.82456 6.82456 6.82456
-1.25526 6.83108 6.83108 6.83108 6.83108 6.83108 6.83108
-1.25395 6.83758 6.83758 6.83758 6.83758 6.83758 6.83758
-1.25265 6.84402 6.84402 6.84402 6.84402 6.84402 6.84402
-1.25135 6.84941 6.84941 6.84941 6.84941 6.84941 6.84941
-1.25005 6.85521 6.85521 6.85521 6.85521 6.85521 6.85521
-1.24875 6.86158 6.86158 6.86158 6.86158 6.86158 6.86158
-1.24744 6.86793 6.86793 6.86793 6.86793 6.86793 6.86793
-1.24614 6.87377 6.87377 6.87377 6.87377 6.87377 6.87377
-1.24484 6.87899 6.87899 6.87899 6.87899 6.87899 6.87899
-1.24354 6.88528 6.88528 6.88528 6.88528 6.88528 6.88528
-1.24223 6.89081 6.89081 6.89081 6.89081 6.89081 6.89081
-1.24093 6.89625 6.89625 6.89625 6.89625 6.89625 6.89625
-1.23963 6.90259 6.90259 6.90259 6.90259 6.90259 6.90259
-1.23833 6.9069 6.9069 6.9069 6.9069 6.9069 6.9069
-1.23702 6.91269 6.91269 6.91269 6.91269 6.91269 6.91269
-1.23572 6.91795 6.91795 6.91795 6.91795 6.91795 6.91795
-1.23442 6.92255 6.92255 6.92255 6.92255 6.92255 6.92255
-1.23312 6.92883 6.92883 6.92883 6.92883 6.92883 6.92883
-1.23182 6.93289 6.93289 6.93289 6.93289 6.93289 6.93289
-1.23051 6.93908 6.93908 6.93908 6.93908 6.93908 6.93908
-1.22921 6.94382 6.94382 6.94382 6.94382 6.94382 6.94382
-1.22791 6.94806 6.94806 6.94806 6.94806 6.94806 6.94806
-1.22661 6.95355 6.95355 6.95355 6.95355 6.95355 6.95355
-1.2253 6.95849 6.95849 6.95849 6.95849 6.95849 6.95849
-1.224 6.96323 6.96323 6.96323 6.96323 6.96323 6.96323
-1.2227 6.96777 6.96777 6.96777 6.96777 6.96777 6.96777
-1.2214 6.9721 6.9721 6.9721 6.9721 6.9721 6.9721
-1.22009 6.9756 6.9756 6.9756 6.9756 6.9756 6.9756
-1.21879 6.9806 6.9806 6.9806 6.9806 6.9806 6.9806
-1.21749 6.98528 6.98528 6.98528 6.98528 6.98528 6.98528
-1.21619 6.98974 6.98974 6.98974 6.98974 6.98974 6.98974
-1.21488 6.99275 6.99275 6.99275 6.99275 6.99275 6.99275
-1.21358 6.99779 6.99779 6.99779 6.99779 6.99779 6.99779
-1.21228 7.00116 7.00116 7.00116 7.00116 7.00116 7.00116
-1.21098 7.00511 7.00511 7.00511 7.00511 7.00511 7.00511
-1.20968 7.00986 7.00986 7.00986 7.00986 7.00986 7.00986
-1.20837 7.01279 7.01279 7.01279 7.01279 7.01279 7.01279
-1.20707 7.01703 7.01703 7.01703 7.01703 7.01703 7.01703
-1.20577 7.02024 7.02024 7.02024 7.02024 7.02024 7.02024
-1.20447 7.02306 7.02306 7.02306 7.02306 7.02306 7.02306
-1.20316 7.02791 7.02791 7.02791 7.02791 7.02791 7.02791
-1.20186 7.03067 7.03067 7.03067 7.03067 7.03067 7.03067
-1.20056 7.03356 7.03356 7.03356 7.03356 7.03356 7.03356
-1.19926 7.03645 7.03645 7.03645 7.03645 7.03645 7.03645
-1.19795 7.03928 7.03928 7.03928 7.03928 7.03928 7.03928
-1.19665 7.04384 7.04384 7.04384 7.04384 7.04384 7.04384
-1.19535 7.04665 7.04665 7.04665 7.04665 7.04665 7.04665
-1.19405 7.0495 7.0495 7.0495 7.0495 7.0495 7.0495
-1.19275 7.0523 7.0523 7.0523 7.0523 7.0523 7.0523
-1.19144 7.05439 7.05439 7.05439 7.05439 7.05439 7.05439
-1.19014 7.05651 7.05651 7.05651 7.05651 7.05651 7.05651
-1.18884 7.05929 7.05929 7.05929 7.05929 7.05929 7.05929
-1.18754 7.06212 7.06212 7.06212 7.06212 7.06212 7.06212
-1.18623 7.06501 7.06501 7.06501 7.06501 7.06501 7.06501
-1.18493 7.06604 7.06604 7.06604 7.06604 7.06604 7.06604
-1.18363 7.06895 7.06895 7.06895 7.06895 7.06895 7.06895
-1.18233 7.07157 7.07157 7.07157 7.07157 7.07157 7.07157
-1.18102 7.07305 7.07305 7.07305 7.07305 7.07305 7.07305
-1.17972 7.07568 7.07568 7.07568 7.07568 7.07568 7.07568
-1.17842 7.07712 7.07712 7.07712 7.07712 7.07712 7.07712
-1.17712 7.07824 7.07824 7.07824 7.07824 7.07824 7.07824
-1.17581 7.08097 7.08097 7.08097 7.08097 7.08097 7.08097
-1.17451 7.08226 7.08226 7.08226 7.08226 7.08226 7.08226
-1.17321 7.08366 7.08366 7.08366 7.08366 7.08366 7.08366
-1.17191 7.08481 7.08481 7.08481 7.08481 7.08481 7.08481
-1.17061 7.08605 7.08605 7.08605 7.08605 7.08605 7.08605
-1.1693 7.08731 7.08731 7.08731 7.08731 7.08731 7.08731
-1.168 7.08856 7.08856 7.08856 7.08856 7.08856 7.08856
-1.1667 7.0898 7.0898 7.0898 7.0898 7.0898 7.0898
-1.1654 7.0906 7.0906 7.0906 7.0906 7.0906 7.0906
-1.16409 7.09197 7.09197 7.09197 7.09197 7.09197 7.09197
-1.16279 7.09331 7.09331 7.09331 7.09331 7.09331 7.09331
-1.16149 7.0935 7.0935 7.0935 7.0935 7.0935 7.0935
-1.16019 7.094 7.094 7.094 7.094 7.094 7.094
-1.15888 7.09462 7.09462 7.09462 7.09462 7.09462 7.09462
-1.15758 7.09488 7.09488 7.09488 7.09488 7.09488 7.09488
-1.15628 7.09576 7.09576 7.09576 7.09576 7.09576 7.09576
-1.15498 7.09572 7.09572 7.09572 7.09572 7.09572 7.09572
-1.15368 7.09543 7.09543 7.09543 7.09543 7.09543 7.09543
-1.15237 7.09656 7.09656 7.09656 7.09656 7.09656 7.09656
-1.15107 7.09629 7.09629 7.09629 7.09629 7.09629 7.09629
-1.14977 7.096 7.096 7.096 7.096 7.096 7.096
-1.14847 7.09571 7.09571 7.09571 7.09571 7.09571 7.09571
-1.14716 7.09543 7.09543 7.09543 7.09543 7.09543 7.09543
-1.14586 7.09514 7.09514 7.09514 7.09514 7.09514 7.09514
-1.14456 7.09486 7.09486 7.09486 7.09486 7.09486 7.09486
-1.14326 7.09457 7.09457 7.09457 7.09457 7.09457 7.09457
-1.14195 7.09428 7.09428 7.09428 7.09428 7.09428 7.09428
-1.14065 7.09356 7.09356 7.09356 7.09356 7.09356 7.09356
-1.13935 7.09239 7.09239 7.09239 7.09239 7.09239 7.09239
-1.13805 7.09222 7.09222 7.09222 7.09222 7.09222 7.09222
-1.13674 7.0904 7.0904 7.0904 7.0904 7.0904 7.0904
-1.13544 7.09008 7.09008 7.09008 7.09008 7.09008 7.09008
-1.13414 7.08864 7.08864 7.08864 7.08864 7.08864 7.08864
-1.13284 7.08673 7.08673 7.08673 7.08673 7.08673 7.08673
-1.13154 7.08566 7.08566 7.08566 7.08566 7.08566 7.08566
-1.13023 7.08511 7.08511 7.08511 7.08511 7.08511 7.08511
-1.12893 7.0833 7.0833 7.0833 7.0833 7.0833 7.0833
-1.12763 7.08138 7.08138 7.08138 7.08138 7.08138 7.08138
-1.12633 7.07941 7.07941 7.07941 7.07941 7.07941 7.07941
-1.12502 7.07749 7.07749 7.07749 7.07749 7.07749 7.07749
-1.12372 7.07574 7.07574 7.07574 7.07574 7.07574 7.07574
-1.12242 7.07416 7.07416 7.07416 7.07416 7.07416 7.07416
-1.12112 7.07169 7.07169 7.07169 7.07169 7.07169 7.07169
-1.11981 7.07001 7.07001 7.07001 7.07001 7.07001 7.07001
-1.11851 7.0682 7.0682 7.0682 7.0682 7.0682 7.0682
-1.11721 7.06549 7.06549 7.06549 7.06549 7.06549 7.06549
-1.11591 7.06301 7.06301 7.06301 7.06301 7.06301 7.06301
-1.11461 7.06116 7.06116 7.06116 7.06116 7.06116 7.06116
-1.1133 7.05794 7.05794 7.05794 7.05794 7.05794 7.05794
-1.112 7.05463 7.05463 7.05463 7.05463 7.05463 7.05463
-1.1107 7.0529 7.0529 7.0529 7.0529 7.0529 7.0529
-1.1094 7.04975 7.04975 7.04975 7.04975 7.04975 7.04975
-1.10809 7.04661 7.04661 7.04661 7.04661 7.04661 7.04661
-1.10679 7.04347 7.04347 7.04347 7.04347 7.04347 7.04347
-1.10549 7.04035 7.04035 7.04035 7.04035 7.04035 7.04035
-1.10419 7.03723 7.03723 7.03723 7.03723 7.03723 7.03723
-1.10288 7.03413 7.03413 7.03413 7.03413 7.03413 7.03413
-1.10158 7.03115 7.03115 7.03115 7.03115 7.03115 7.03115
-1.10028 7.02664 7.02664 7.02664 7.02664 7.02664 7.02664
-1.09898 7.0236 7.0236 7.0236 7.0236 7.0236 7.0236
-1.09767 7.01978 7.01978 7.01978 7.01978 7.01978 7.01978
-1.09637 7.01624 7.01624 7.01624 7.01624 7.01624 7.01624
-1.09507 7.01179 7.01179 7.01179 7.01179 7.01179 7.01179
-1.09377 7.00788 7.00788 7.00788 7.00788 7.00788 7.00788
-1.09247 7.00442 7.00442 7.00442 7.00442 7.00442 7.00442
-1.09116 7.00059 7.00059 7.00059 7.00059 7.00059 7.00059
-1.08986 6.99613 6.99613 6.99613 6.99613 6.99613 6.99613
-1.08856 6.99216 6.99216 6.99216 6.99216 6.99216 6.99216
-1.08726 6.98781 6.98781 6.98781 6.98781 6.98781 6.98781
-1.08595 6.98311 6.98311 6.98311 6.98311 6.98311 6.98311
-1.08465 6.97841 6.97841 6.97841 6.97841 6.97841 6.97841
-1.08335 6.97368 6.97368 6.97368 6.97368 6.97368 6.97368
-1.08205 6.96901 6.96901 6.96901 6.96901 6.96901 6.96901
-1.08074 6.96441 6.96441 6.96441 6.96441 6.96441 6.96441
-1.07944 6.95941 6.95941 6.95941 6.95941 6.95941 6.95941
-1.07814 6.95409 6.95409 6.95409 6.95409 6.95409 6.95409
-1.07684 6.94907 6.94907 6.94907 6.94907 6.94907 6.94907
-1.07554 6.94454 6.94454 6.94454 6.94454 6.94454 6.94454
-1.07423 6.93861 6.93861 6.93861 6.93861 6.93861 6.93861
-1.07293 6.93409 6.93409 6.93409 6.93409 6.93409 6.93409
-1.07163 6.92817 6.92817 6.92817 6.92817 6.92817 6.92817
-1.07033 6.9224 6.9224 6.9224 6.9224 6.9224 6.9224
-1.06902 6.91664 6.91664 6.91664 6.91664 6.91664 6.91664
-1.06772 6.9109 6.9109 6.9109 6.9109 6.9109 6.9109
-1.06642 6.90518 6.90518 6.90518 6.90518 6.90518 6.90518
-1.06512 6.89948 6.89948 6.89948 6.89948 6.89948 6.89948
-1.06381 6.89379 6.89379 6.89379 6.89379 6.89379 6.89379
-1.06251 6.88812 6.88812 6.88812 6.88812 6.88812 6.88812
-1.06121 6.88184 6.88184 6.88184 6.88184 6.88184 6.88184
-1.05991 6.87567 6.87567 6.87567 6.87567 6.87567 6.87567
-1.0586 6.86915 6.86915 6.86915 6.86915 6.86915 6.86915
-1.0573 6.86341 6.86341 6.86341 6.86341 6.86341 6.86341
-1.056 6.85661 6.85661 6.85661 6.85661 6.85661 6.85661
-1.0547 6.85028 6.85028 6.85028 6.85028 6.85028 6.85028
-1.0534 6.84403 6.84403 6.84403 6.84403 6.84403 6.84403
-1.05209 6.83663 6.83663 6.83663 6.83663 6.83663 6.83663
-1.05079 6.83033 6.83033 6.83033 6.83033 6.83033 6.83033
-1.04949 6.82333 6.82333 6.82333 6.82333 6.82333 6.82333
-1.04819 6.81681 6.81681 6.81681 6.81681 6.81681 6.81681
-1.04688 6.80946 6.80946 6.80946 6.80946 6.80946 6.80946
-1.04558 6.80257 6.80257 6.80257 6.80257 6.80257 6.80257
-1.04428 6.79607 6.79607 6.79607 6.79607 6.79607 6.79607
-1.04298 6.78858 6.78858 6.78858 6.78858 6.78858 6.78858
-1.04167 6.78165 6.78165 6.78165 6.78165 6.78165 6.78165
-1.04037 6.77437 6.77437 6.77437 6.77437 6.77437 6.77437
-1.03907 6.76595 6.76595 6.76595 6.76595 6.76595 6.76595
-1.03777 6.75865 6.75865 6.75865 6.75865 6.75865 6.75865
-1.03647 6.75157 6.75157 6.75157 6.75157 6.75157 6.75157
-1.03516 6.74357 6.74357 6.74357 6.74357 6.74357 6.74357
-1.03386 6.73623 6.73623 6.73623 6.73623 6.73623 6.73623
-1.03256 6.72807 6.72807 6.72807 6.72807 6.72807 6.72807
-1.03126 6.72104 6.72104 6.72104 6.72104 6.72104 6.72104
-1.02995 6.7128 6.7128 6.7128 6.7128 6.7128 6.7128
-1.02865 6.70467 6.70467 6.70467 6.70467 6.70467 6.70467
-1.02735 6.69658 6.69658 6.69658 6.69658 6.69658 6.69658
-1.02605 6.6885 6.6885 6.6885 6.6885 6.6885 6.6885
-1.02474 6.68045 6.68045 6.68045 6.68045 6.68045 6.68045
-1.02344 6.6724 6.6724 6.6724 6.6724 6.6724 6.6724
-1.02214 6.66326 6.66326 6.66326 6.66326 6.66326 6.66326
-1.02084 6.65539 6.65539 6.65539 6.65539 6.65539 6.65539
-1.01953 6.64639 6.64639 6.64639 6.64639 6.64639 6.64639
-1.01823 6.63846 6.63846 6.63846 6.63846 6.63846 6.63846
-1.01693 6.62949 6.62949 6.62949 6.62949 6.62949 6.62949
-1.01563 6.62096 6.62096 6.62096 6.62096 6.62096 6.62096
-1.01433 6.61288 6.61288 6.61288 6.61288 6.61288 6.61288
-1.01302 6.60406 6.60406 6.60406 6.60406 6.60406 6.60406
-1.01172 6.59478 6.59478 6.59478 6.59478 6.59478 6.59478
-1.01042 6.58603 6.58603 6.58603 6.58603 6.58603 6.58603
-1.00912 6.57732 6.57732 6.57732 6.57732 6.57732 6.57732
-1.00781 6.56774 6.56774 6.56774 6.56774 6.56774 6.56774
-1.00651 6.559 6.559 6.559 6.559 6.559 6.559
-1.00521 6.54937 6.54937 6.54937 6.54937 6.54937 6.54937
-1.00391 6.54073 6.54073 6.54073 6.54073 6.54073 6.54073
-1.0026 6.53112 6.53112 6.53112 6.53112 6.53112 6.53112
-1.0013 6.52155 6.52155 6.52155 6.52155 6.52155 6.52155
-1 6.513 6.513 6.513 6.513 6.513 6.513
