# # IBD cross section (10^-38 cm^2/GeV) #   From Strumia & Vissani astro-ph/0302055v2 doi:10.1016/S0370-2693(03)00616-6 #
# log(energy in GeV)  nu_e      nu_mu      nu_tau      nu_e_bar      nu_mu_bar    nu_tau_bar #

-3.301030  0.000000e+00  0.000000e+00  0.000000e+00  0.000000e+00  0.000000e+00  0.000000e+00
-3.298729  0.000000e+00  0.000000e+00  0.000000e+00  0.000000e+00  0.000000e+00  0.000000e+00
-3.296428  0.000000e+00  0.000000e+00  0.000000e+00  0.000000e+00  0.000000e+00  0.000000e+00
-3.294127  0.000000e+00  0.000000e+00  0.000000e+00  0.000000e+00  0.000000e+00  0.000000e+00
-3.291826  0.000000e+00  0.000000e+00  0.000000e+00  0.000000e+00  0.000000e+00  0.000000e+00
-3.289525  0.000000e+00  0.000000e+00  0.000000e+00  0.000000e+00  0.000000e+00  0.000000e+00
-3.287224  0.000000e+00  0.000000e+00  0.000000e+00  0.000000e+00  0.000000e+00  0.000000e+00
-3.284923  0.000000e+00  0.000000e+00  0.000000e+00  0.000000e+00  0.000000e+00  0.000000e+00
-3.282622  0.000000e+00  0.000000e+00  0.000000e+00  0.000000e+00  0.000000e+00  0.000000e+00
-3.280321  0.000000e+00  0.000000e+00  0.000000e+00  0.000000e+00  0.000000e+00  0.000000e+00
-3.278020  0.000000e+00  0.000000e+00  0.000000e+00  0.000000e+00  0.000000e+00  0.000000e+00
-3.275719  0.000000e+00  0.000000e+00  0.000000e+00  0.000000e+00  0.000000e+00  0.000000e+00
-3.273418  0.000000e+00  0.000000e+00  0.000000e+00  0.000000e+00  0.000000e+00  0.000000e+00
-3.271117  0.000000e+00  0.000000e+00  0.000000e+00  0.000000e+00  0.000000e+00  0.000000e+00
-3.268816  0.000000e+00  0.000000e+00  0.000000e+00  0.000000e+00  0.000000e+00  0.000000e+00
-3.266515  0.000000e+00  0.000000e+00  0.000000e+00  0.000000e+00  0.000000e+00  0.000000e+00
-3.264214  0.000000e+00  0.000000e+00  0.000000e+00  0.000000e+00  0.000000e+00  0.000000e+00
-3.261912  0.000000e+00  0.000000e+00  0.000000e+00  0.000000e+00  0.000000e+00  0.000000e+00
-3.259611  0.000000e+00  0.000000e+00  0.000000e+00  0.000000e+00  0.000000e+00  0.000000e+00
-3.257310  0.000000e+00  0.000000e+00  0.000000e+00  0.000000e+00  0.000000e+00  0.000000e+00
-3.255009  0.000000e+00  0.000000e+00  0.000000e+00  0.000000e+00  0.000000e+00  0.000000e+00
-3.252708  0.000000e+00  0.000000e+00  0.000000e+00  0.000000e+00  0.000000e+00  0.000000e+00
-3.250407  0.000000e+00  0.000000e+00  0.000000e+00  0.000000e+00  0.000000e+00  0.000000e+00
-3.248106  0.000000e+00  0.000000e+00  0.000000e+00  0.000000e+00  0.000000e+00  0.000000e+00
-3.245805  0.000000e+00  0.000000e+00  0.000000e+00  0.000000e+00  0.000000e+00  0.000000e+00
-3.243504  0.000000e+00  0.000000e+00  0.000000e+00  0.000000e+00  0.000000e+00  0.000000e+00
-3.241203  0.000000e+00  0.000000e+00  0.000000e+00  0.000000e+00  0.000000e+00  0.000000e+00
-3.238902  0.000000e+00  0.000000e+00  0.000000e+00  0.000000e+00  0.000000e+00  0.000000e+00
-3.236601  0.000000e+00  0.000000e+00  0.000000e+00  0.000000e+00  0.000000e+00  0.000000e+00
-3.234300  0.000000e+00  0.000000e+00  0.000000e+00  0.000000e+00  0.000000e+00  0.000000e+00
-3.231999  0.000000e+00  0.000000e+00  0.000000e+00  0.000000e+00  0.000000e+00  0.000000e+00
-3.229698  0.000000e+00  0.000000e+00  0.000000e+00  0.000000e+00  0.000000e+00  0.000000e+00
-3.227397  0.000000e+00  0.000000e+00  0.000000e+00  0.000000e+00  0.000000e+00  0.000000e+00
-3.225096  0.000000e+00  0.000000e+00  0.000000e+00  0.000000e+00  0.000000e+00  0.000000e+00
-3.222795  0.000000e+00  0.000000e+00  0.000000e+00  0.000000e+00  0.000000e+00  0.000000e+00
-3.220494  0.000000e+00  0.000000e+00  0.000000e+00  0.000000e+00  0.000000e+00  0.000000e+00
-3.218193  0.000000e+00  0.000000e+00  0.000000e+00  0.000000e+00  0.000000e+00  0.000000e+00
-3.215892  0.000000e+00  0.000000e+00  0.000000e+00  0.000000e+00  0.000000e+00  0.000000e+00
-3.213591  0.000000e+00  0.000000e+00  0.000000e+00  0.000000e+00  0.000000e+00  0.000000e+00
-3.211290  0.000000e+00  0.000000e+00  0.000000e+00  0.000000e+00  0.000000e+00  0.000000e+00
-3.208989  0.000000e+00  0.000000e+00  0.000000e+00  0.000000e+00  0.000000e+00  0.000000e+00
-3.206688  0.000000e+00  0.000000e+00  0.000000e+00  0.000000e+00  0.000000e+00  0.000000e+00
-3.204387  0.000000e+00  0.000000e+00  0.000000e+00  0.000000e+00  0.000000e+00  0.000000e+00
-3.202086  0.000000e+00  0.000000e+00  0.000000e+00  0.000000e+00  0.000000e+00  0.000000e+00
-3.199785  0.000000e+00  0.000000e+00  0.000000e+00  0.000000e+00  0.000000e+00  0.000000e+00
-3.197484  0.000000e+00  0.000000e+00  0.000000e+00  0.000000e+00  0.000000e+00  0.000000e+00
-3.195183  0.000000e+00  0.000000e+00  0.000000e+00  0.000000e+00  0.000000e+00  0.000000e+00
-3.192882  0.000000e+00  0.000000e+00  0.000000e+00  0.000000e+00  0.000000e+00  0.000000e+00
-3.190581  0.000000e+00  0.000000e+00  0.000000e+00  0.000000e+00  0.000000e+00  0.000000e+00
-3.188280  0.000000e+00  0.000000e+00  0.000000e+00  0.000000e+00  0.000000e+00  0.000000e+00
-3.185978  0.000000e+00  0.000000e+00  0.000000e+00  0.000000e+00  0.000000e+00  0.000000e+00
-3.183677  0.000000e+00  0.000000e+00  0.000000e+00  0.000000e+00  0.000000e+00  0.000000e+00
-3.181376  0.000000e+00  0.000000e+00  0.000000e+00  0.000000e+00  0.000000e+00  0.000000e+00
-3.179075  0.000000e+00  0.000000e+00  0.000000e+00  0.000000e+00  0.000000e+00  0.000000e+00
-3.176774  0.000000e+00  0.000000e+00  0.000000e+00  0.000000e+00  0.000000e+00  0.000000e+00
-3.174473  0.000000e+00  0.000000e+00  0.000000e+00  0.000000e+00  0.000000e+00  0.000000e+00
-3.172172  0.000000e+00  0.000000e+00  0.000000e+00  0.000000e+00  0.000000e+00  0.000000e+00
-3.169871  0.000000e+00  0.000000e+00  0.000000e+00  0.000000e+00  0.000000e+00  0.000000e+00
-3.167570  0.000000e+00  0.000000e+00  0.000000e+00  0.000000e+00  0.000000e+00  0.000000e+00
-3.165269  0.000000e+00  0.000000e+00  0.000000e+00  0.000000e+00  0.000000e+00  0.000000e+00
-3.162968  0.000000e+00  0.000000e+00  0.000000e+00  0.000000e+00  0.000000e+00  0.000000e+00
-3.160667  0.000000e+00  0.000000e+00  0.000000e+00  0.000000e+00  0.000000e+00  0.000000e+00
-3.158366  0.000000e+00  0.000000e+00  0.000000e+00  0.000000e+00  0.000000e+00  0.000000e+00
-3.156065  0.000000e+00  0.000000e+00  0.000000e+00  0.000000e+00  0.000000e+00  0.000000e+00
-3.153764  0.000000e+00  0.000000e+00  0.000000e+00  0.000000e+00  0.000000e+00  0.000000e+00
-3.151463  0.000000e+00  0.000000e+00  0.000000e+00  0.000000e+00  0.000000e+00  0.000000e+00
-3.149162  0.000000e+00  0.000000e+00  0.000000e+00  0.000000e+00  0.000000e+00  0.000000e+00
-3.146861  0.000000e+00  0.000000e+00  0.000000e+00  0.000000e+00  0.000000e+00  0.000000e+00
-3.144560  0.000000e+00  0.000000e+00  0.000000e+00  0.000000e+00  0.000000e+00  0.000000e+00
-3.142259  0.000000e+00  0.000000e+00  0.000000e+00  0.000000e+00  0.000000e+00  0.000000e+00
-3.139958  0.000000e+00  0.000000e+00  0.000000e+00  0.000000e+00  0.000000e+00  0.000000e+00
-3.137657  0.000000e+00  0.000000e+00  0.000000e+00  0.000000e+00  0.000000e+00  0.000000e+00
-3.135356  0.000000e+00  0.000000e+00  0.000000e+00  0.000000e+00  0.000000e+00  0.000000e+00
-3.133055  0.000000e+00  0.000000e+00  0.000000e+00  0.000000e+00  0.000000e+00  0.000000e+00
-3.130754  0.000000e+00  0.000000e+00  0.000000e+00  0.000000e+00  0.000000e+00  0.000000e+00
-3.128453  0.000000e+00  0.000000e+00  0.000000e+00  0.000000e+00  0.000000e+00  0.000000e+00
-3.126152  0.000000e+00  0.000000e+00  0.000000e+00  0.000000e+00  0.000000e+00  0.000000e+00
-3.123851  0.000000e+00  0.000000e+00  0.000000e+00  0.000000e+00  0.000000e+00  0.000000e+00
-3.121550  0.000000e+00  0.000000e+00  0.000000e+00  0.000000e+00  0.000000e+00  0.000000e+00
-3.119249  0.000000e+00  0.000000e+00  0.000000e+00  0.000000e+00  0.000000e+00  0.000000e+00
-3.116948  0.000000e+00  0.000000e+00  0.000000e+00  0.000000e+00  0.000000e+00  0.000000e+00
-3.114647  0.000000e+00  0.000000e+00  0.000000e+00  0.000000e+00  0.000000e+00  0.000000e+00
-3.112346  0.000000e+00  0.000000e+00  0.000000e+00  0.000000e+00  0.000000e+00  0.000000e+00
-3.110045  0.000000e+00  0.000000e+00  0.000000e+00  0.000000e+00  0.000000e+00  0.000000e+00
-3.107743  0.000000e+00  0.000000e+00  0.000000e+00  0.000000e+00  0.000000e+00  0.000000e+00
-3.105442  0.000000e+00  0.000000e+00  0.000000e+00  0.000000e+00  0.000000e+00  0.000000e+00
-3.103141  0.000000e+00  0.000000e+00  0.000000e+00  0.000000e+00  0.000000e+00  0.000000e+00
-3.100840  0.000000e+00  0.000000e+00  0.000000e+00  0.000000e+00  0.000000e+00  0.000000e+00
-3.098539  0.000000e+00  0.000000e+00  0.000000e+00  0.000000e+00  0.000000e+00  0.000000e+00
-3.096238  0.000000e+00  0.000000e+00  0.000000e+00  0.000000e+00  0.000000e+00  0.000000e+00
-3.093937  0.000000e+00  0.000000e+00  0.000000e+00  0.000000e+00  0.000000e+00  0.000000e+00
-3.091636  0.000000e+00  0.000000e+00  0.000000e+00  0.000000e+00  0.000000e+00  0.000000e+00
-3.089335  0.000000e+00  0.000000e+00  0.000000e+00  0.000000e+00  0.000000e+00  0.000000e+00
-3.087034  0.000000e+00  0.000000e+00  0.000000e+00  0.000000e+00  0.000000e+00  0.000000e+00
-3.084733  0.000000e+00  0.000000e+00  0.000000e+00  0.000000e+00  0.000000e+00  0.000000e+00
-3.082432  0.000000e+00  0.000000e+00  0.000000e+00  0.000000e+00  0.000000e+00  0.000000e+00
-3.080131  0.000000e+00  0.000000e+00  0.000000e+00  0.000000e+00  0.000000e+00  0.000000e+00
-3.077830  0.000000e+00  0.000000e+00  0.000000e+00  0.000000e+00  0.000000e+00  0.000000e+00
-3.075529  0.000000e+00  0.000000e+00  0.000000e+00  0.000000e+00  0.000000e+00  0.000000e+00
-3.073228  0.000000e+00  0.000000e+00  0.000000e+00  0.000000e+00  0.000000e+00  0.000000e+00
-3.070927  0.000000e+00  0.000000e+00  0.000000e+00  0.000000e+00  0.000000e+00  0.000000e+00
-3.068626  0.000000e+00  0.000000e+00  0.000000e+00  0.000000e+00  0.000000e+00  0.000000e+00
-3.066325  0.000000e+00  0.000000e+00  0.000000e+00  0.000000e+00  0.000000e+00  0.000000e+00
-3.064024  0.000000e+00  0.000000e+00  0.000000e+00  0.000000e+00  0.000000e+00  0.000000e+00
-3.061723  0.000000e+00  0.000000e+00  0.000000e+00  0.000000e+00  0.000000e+00  0.000000e+00
-3.059422  0.000000e+00  0.000000e+00  0.000000e+00  0.000000e+00  0.000000e+00  0.000000e+00
-3.057121  0.000000e+00  0.000000e+00  0.000000e+00  0.000000e+00  0.000000e+00  0.000000e+00
-3.054820  0.000000e+00  0.000000e+00  0.000000e+00  0.000000e+00  0.000000e+00  0.000000e+00
-3.052519  0.000000e+00  0.000000e+00  0.000000e+00  0.000000e+00  0.000000e+00  0.000000e+00
-3.050218  0.000000e+00  0.000000e+00  0.000000e+00  0.000000e+00  0.000000e+00  0.000000e+00
-3.047917  0.000000e+00  0.000000e+00  0.000000e+00  0.000000e+00  0.000000e+00  0.000000e+00
-3.045616  0.000000e+00  0.000000e+00  0.000000e+00  0.000000e+00  0.000000e+00  0.000000e+00
-3.043315  0.000000e+00  0.000000e+00  0.000000e+00  0.000000e+00  0.000000e+00  0.000000e+00
-3.041014  0.000000e+00  0.000000e+00  0.000000e+00  0.000000e+00  0.000000e+00  0.000000e+00
-3.038713  0.000000e+00  0.000000e+00  0.000000e+00  0.000000e+00  0.000000e+00  0.000000e+00
-3.036412  0.000000e+00  0.000000e+00  0.000000e+00  0.000000e+00  0.000000e+00  0.000000e+00
-3.034111  0.000000e+00  0.000000e+00  0.000000e+00  0.000000e+00  0.000000e+00  0.000000e+00
-3.031809  0.000000e+00  0.000000e+00  0.000000e+00  0.000000e+00  0.000000e+00  0.000000e+00
-3.029508  0.000000e+00  0.000000e+00  0.000000e+00  0.000000e+00  0.000000e+00  0.000000e+00
-3.027207  0.000000e+00  0.000000e+00  0.000000e+00  0.000000e+00  0.000000e+00  0.000000e+00
-3.024906  0.000000e+00  0.000000e+00  0.000000e+00  0.000000e+00  0.000000e+00  0.000000e+00
-3.022605  0.000000e+00  0.000000e+00  0.000000e+00  0.000000e+00  0.000000e+00  0.000000e+00
-3.020304  0.000000e+00  0.000000e+00  0.000000e+00  0.000000e+00  0.000000e+00  0.000000e+00
-3.018003  0.000000e+00  0.000000e+00  0.000000e+00  0.000000e+00  0.000000e+00  0.000000e+00
-3.015702  0.000000e+00  0.000000e+00  0.000000e+00  0.000000e+00  0.000000e+00  0.000000e+00
-3.013401  0.000000e+00  0.000000e+00  0.000000e+00  0.000000e+00  0.000000e+00  0.000000e+00
-3.011100  0.000000e+00  0.000000e+00  0.000000e+00  0.000000e+00  0.000000e+00  0.000000e+00
-3.008799  0.000000e+00  0.000000e+00  0.000000e+00  0.000000e+00  0.000000e+00  0.000000e+00
-3.006498  0.000000e+00  0.000000e+00  0.000000e+00  0.000000e+00  0.000000e+00  0.000000e+00
-3.004197  0.000000e+00  0.000000e+00  0.000000e+00  0.000000e+00  0.000000e+00  0.000000e+00
-3.001896  0.000000e+00  0.000000e+00  0.000000e+00  0.000000e+00  0.000000e+00  0.000000e+00
-2.999595  0.000000e+00  0.000000e+00  0.000000e+00  0.000000e+00  0.000000e+00  0.000000e+00
-2.997294  0.000000e+00  0.000000e+00  0.000000e+00  0.000000e+00  0.000000e+00  0.000000e+00
-2.994993  0.000000e+00  0.000000e+00  0.000000e+00  0.000000e+00  0.000000e+00  0.000000e+00
-2.992692  0.000000e+00  0.000000e+00  0.000000e+00  0.000000e+00  0.000000e+00  0.000000e+00
-2.990391  0.000000e+00  0.000000e+00  0.000000e+00  0.000000e+00  0.000000e+00  0.000000e+00
-2.988090  0.000000e+00  0.000000e+00  0.000000e+00  0.000000e+00  0.000000e+00  0.000000e+00
-2.985789  0.000000e+00  0.000000e+00  0.000000e+00  0.000000e+00  0.000000e+00  0.000000e+00
-2.983488  0.000000e+00  0.000000e+00  0.000000e+00  0.000000e+00  0.000000e+00  0.000000e+00
-2.981187  0.000000e+00  0.000000e+00  0.000000e+00  0.000000e+00  0.000000e+00  0.000000e+00
-2.978886  0.000000e+00  0.000000e+00  0.000000e+00  0.000000e+00  0.000000e+00  0.000000e+00
-2.976585  0.000000e+00  0.000000e+00  0.000000e+00  0.000000e+00  0.000000e+00  0.000000e+00
-2.974284  0.000000e+00  0.000000e+00  0.000000e+00  0.000000e+00  0.000000e+00  0.000000e+00
-2.971983  0.000000e+00  0.000000e+00  0.000000e+00  0.000000e+00  0.000000e+00  0.000000e+00
-2.969682  0.000000e+00  0.000000e+00  0.000000e+00  0.000000e+00  0.000000e+00  0.000000e+00
-2.967381  0.000000e+00  0.000000e+00  0.000000e+00  0.000000e+00  0.000000e+00  0.000000e+00
-2.965080  0.000000e+00  0.000000e+00  0.000000e+00  0.000000e+00  0.000000e+00  0.000000e+00
-2.962779  0.000000e+00  0.000000e+00  0.000000e+00  0.000000e+00  0.000000e+00  0.000000e+00
-2.960478  0.000000e+00  0.000000e+00  0.000000e+00  0.000000e+00  0.000000e+00  0.000000e+00
-2.958177  0.000000e+00  0.000000e+00  0.000000e+00  0.000000e+00  0.000000e+00  0.000000e+00
-2.955875  0.000000e+00  0.000000e+00  0.000000e+00  0.000000e+00  0.000000e+00  0.000000e+00
-2.953574  0.000000e+00  0.000000e+00  0.000000e+00  0.000000e+00  0.000000e+00  0.000000e+00
-2.951273  0.000000e+00  0.000000e+00  0.000000e+00  0.000000e+00  0.000000e+00  0.000000e+00
-2.948972  0.000000e+00  0.000000e+00  0.000000e+00  0.000000e+00  0.000000e+00  0.000000e+00
-2.946671  0.000000e+00  0.000000e+00  0.000000e+00  0.000000e+00  0.000000e+00  0.000000e+00
-2.944370  0.000000e+00  0.000000e+00  0.000000e+00  0.000000e+00  0.000000e+00  0.000000e+00
-2.942069  0.000000e+00  0.000000e+00  0.000000e+00  0.000000e+00  0.000000e+00  0.000000e+00
-2.939768  0.000000e+00  0.000000e+00  0.000000e+00  0.000000e+00  0.000000e+00  0.000000e+00
-2.937467  0.000000e+00  0.000000e+00  0.000000e+00  0.000000e+00  0.000000e+00  0.000000e+00
-2.935166  0.000000e+00  0.000000e+00  0.000000e+00  0.000000e+00  0.000000e+00  0.000000e+00
-2.932865  0.000000e+00  0.000000e+00  0.000000e+00  0.000000e+00  0.000000e+00  0.000000e+00
-2.930564  0.000000e+00  0.000000e+00  0.000000e+00  0.000000e+00  0.000000e+00  0.000000e+00
-2.928263  0.000000e+00  0.000000e+00  0.000000e+00  0.000000e+00  0.000000e+00  0.000000e+00
-2.925962  0.000000e+00  0.000000e+00  0.000000e+00  0.000000e+00  0.000000e+00  0.000000e+00
-2.923661  0.000000e+00  0.000000e+00  0.000000e+00  0.000000e+00  0.000000e+00  0.000000e+00
-2.921360  0.000000e+00  0.000000e+00  0.000000e+00  0.000000e+00  0.000000e+00  0.000000e+00
-2.919059  0.000000e+00  0.000000e+00  0.000000e+00  0.000000e+00  0.000000e+00  0.000000e+00
-2.916758  0.000000e+00  0.000000e+00  0.000000e+00  0.000000e+00  0.000000e+00  0.000000e+00
-2.914457  0.000000e+00  0.000000e+00  0.000000e+00  0.000000e+00  0.000000e+00  0.000000e+00
-2.912156  0.000000e+00  0.000000e+00  0.000000e+00  0.000000e+00  0.000000e+00  0.000000e+00
-2.909855  0.000000e+00  0.000000e+00  0.000000e+00  0.000000e+00  0.000000e+00  0.000000e+00
-2.907554  0.000000e+00  0.000000e+00  0.000000e+00  0.000000e+00  0.000000e+00  0.000000e+00
-2.905253  0.000000e+00  0.000000e+00  0.000000e+00  0.000000e+00  0.000000e+00  0.000000e+00
-2.902952  0.000000e+00  0.000000e+00  0.000000e+00  0.000000e+00  0.000000e+00  0.000000e+00
-2.900651  0.000000e+00  0.000000e+00  0.000000e+00  0.000000e+00  0.000000e+00  0.000000e+00
-2.898350  0.000000e+00  0.000000e+00  0.000000e+00  0.000000e+00  0.000000e+00  0.000000e+00
-2.896049  0.000000e+00  0.000000e+00  0.000000e+00  0.000000e+00  0.000000e+00  0.000000e+00
-2.893748  0.000000e+00  0.000000e+00  0.000000e+00  0.000000e+00  0.000000e+00  0.000000e+00
-2.891447  0.000000e+00  0.000000e+00  0.000000e+00  0.000000e+00  0.000000e+00  0.000000e+00
-2.889146  0.000000e+00  0.000000e+00  0.000000e+00  0.000000e+00  0.000000e+00  0.000000e+00
-2.886845  0.000000e+00  0.000000e+00  0.000000e+00  0.000000e+00  0.000000e+00  0.000000e+00
-2.884544  0.000000e+00  0.000000e+00  0.000000e+00  0.000000e+00  0.000000e+00  0.000000e+00
-2.882243  0.000000e+00  0.000000e+00  0.000000e+00  0.000000e+00  0.000000e+00  0.000000e+00
-2.879942  0.000000e+00  0.000000e+00  0.000000e+00  0.000000e+00  0.000000e+00  0.000000e+00
-2.877640  0.000000e+00  0.000000e+00  0.000000e+00  0.000000e+00  0.000000e+00  0.000000e+00
-2.875339  0.000000e+00  0.000000e+00  0.000000e+00  0.000000e+00  0.000000e+00  0.000000e+00
-2.873038  0.000000e+00  0.000000e+00  0.000000e+00  0.000000e+00  0.000000e+00  0.000000e+00
-2.870737  0.000000e+00  0.000000e+00  0.000000e+00  0.000000e+00  0.000000e+00  0.000000e+00
-2.868436  0.000000e+00  0.000000e+00  0.000000e+00  0.000000e+00  0.000000e+00  0.000000e+00
-2.866135  0.000000e+00  0.000000e+00  0.000000e+00  0.000000e+00  0.000000e+00  0.000000e+00
-2.863834  0.000000e+00  0.000000e+00  0.000000e+00  0.000000e+00  0.000000e+00  0.000000e+00
-2.861533  0.000000e+00  0.000000e+00  0.000000e+00  0.000000e+00  0.000000e+00  0.000000e+00
-2.859232  0.000000e+00  0.000000e+00  0.000000e+00  0.000000e+00  0.000000e+00  0.000000e+00
-2.856931  0.000000e+00  0.000000e+00  0.000000e+00  0.000000e+00  0.000000e+00  0.000000e+00
-2.854630  0.000000e+00  0.000000e+00  0.000000e+00  0.000000e+00  0.000000e+00  0.000000e+00
-2.852329  0.000000e+00  0.000000e+00  0.000000e+00  0.000000e+00  0.000000e+00  0.000000e+00
-2.850028  0.000000e+00  0.000000e+00  0.000000e+00  0.000000e+00  0.000000e+00  0.000000e+00
-2.847727  0.000000e+00  0.000000e+00  0.000000e+00  0.000000e+00  0.000000e+00  0.000000e+00
-2.845426  0.000000e+00  0.000000e+00  0.000000e+00  0.000000e+00  0.000000e+00  0.000000e+00
-2.843125  0.000000e+00  0.000000e+00  0.000000e+00  0.000000e+00  0.000000e+00  0.000000e+00
-2.840824  0.000000e+00  0.000000e+00  0.000000e+00  0.000000e+00  0.000000e+00  0.000000e+00
-2.838523  0.000000e+00  0.000000e+00  0.000000e+00  0.000000e+00  0.000000e+00  0.000000e+00
-2.836222  0.000000e+00  0.000000e+00  0.000000e+00  0.000000e+00  0.000000e+00  0.000000e+00
-2.833921  0.000000e+00  0.000000e+00  0.000000e+00  0.000000e+00  0.000000e+00  0.000000e+00
-2.831620  0.000000e+00  0.000000e+00  0.000000e+00  0.000000e+00  0.000000e+00  0.000000e+00
-2.829319  0.000000e+00  0.000000e+00  0.000000e+00  0.000000e+00  0.000000e+00  0.000000e+00
-2.827018  0.000000e+00  0.000000e+00  0.000000e+00  0.000000e+00  0.000000e+00  0.000000e+00
-2.824717  0.000000e+00  0.000000e+00  0.000000e+00  0.000000e+00  0.000000e+00  0.000000e+00
-2.822416  0.000000e+00  0.000000e+00  0.000000e+00  0.000000e+00  0.000000e+00  0.000000e+00
-2.820115  0.000000e+00  0.000000e+00  0.000000e+00  0.000000e+00  0.000000e+00  0.000000e+00
-2.817814  0.000000e+00  0.000000e+00  0.000000e+00  0.000000e+00  0.000000e+00  0.000000e+00
-2.815513  0.000000e+00  0.000000e+00  0.000000e+00  0.000000e+00  0.000000e+00  0.000000e+00
-2.813212  0.000000e+00  0.000000e+00  0.000000e+00  0.000000e+00  0.000000e+00  0.000000e+00
-2.810911  0.000000e+00  0.000000e+00  0.000000e+00  0.000000e+00  0.000000e+00  0.000000e+00
-2.808610  0.000000e+00  0.000000e+00  0.000000e+00  0.000000e+00  0.000000e+00  0.000000e+00
-2.806309  0.000000e+00  0.000000e+00  0.000000e+00  0.000000e+00  0.000000e+00  0.000000e+00
-2.804008  0.000000e+00  0.000000e+00  0.000000e+00  0.000000e+00  0.000000e+00  0.000000e+00
-2.801706  0.000000e+00  0.000000e+00  0.000000e+00  0.000000e+00  0.000000e+00  0.000000e+00
-2.799405  0.000000e+00  0.000000e+00  0.000000e+00  0.000000e+00  0.000000e+00  0.000000e+00
-2.797104  0.000000e+00  0.000000e+00  0.000000e+00  0.000000e+00  0.000000e+00  0.000000e+00
-2.794803  0.000000e+00  0.000000e+00  0.000000e+00  0.000000e+00  0.000000e+00  0.000000e+00
-2.792502  0.000000e+00  0.000000e+00  0.000000e+00  0.000000e+00  0.000000e+00  0.000000e+00
-2.790201  0.000000e+00  0.000000e+00  0.000000e+00  0.000000e+00  0.000000e+00  0.000000e+00
-2.787900  0.000000e+00  0.000000e+00  0.000000e+00  0.000000e+00  0.000000e+00  0.000000e+00
-2.785599  0.000000e+00  0.000000e+00  0.000000e+00  0.000000e+00  0.000000e+00  0.000000e+00
-2.783298  0.000000e+00  0.000000e+00  0.000000e+00  0.000000e+00  0.000000e+00  0.000000e+00
-2.780997  0.000000e+00  0.000000e+00  0.000000e+00  0.000000e+00  0.000000e+00  0.000000e+00
-2.778696  0.000000e+00  0.000000e+00  0.000000e+00  0.000000e+00  0.000000e+00  0.000000e+00
-2.776395  0.000000e+00  0.000000e+00  0.000000e+00  0.000000e+00  0.000000e+00  0.000000e+00
-2.774094  0.000000e+00  0.000000e+00  0.000000e+00  0.000000e+00  0.000000e+00  0.000000e+00
-2.771793  0.000000e+00  0.000000e+00  0.000000e+00  0.000000e+00  0.000000e+00  0.000000e+00
-2.769492  0.000000e+00  0.000000e+00  0.000000e+00  0.000000e+00  0.000000e+00  0.000000e+00
-2.767191  0.000000e+00  0.000000e+00  0.000000e+00  0.000000e+00  0.000000e+00  0.000000e+00
-2.764890  0.000000e+00  0.000000e+00  0.000000e+00  0.000000e+00  0.000000e+00  0.000000e+00
-2.762589  0.000000e+00  0.000000e+00  0.000000e+00  0.000000e+00  0.000000e+00  0.000000e+00
-2.760288  0.000000e+00  0.000000e+00  0.000000e+00  0.000000e+00  0.000000e+00  0.000000e+00
-2.757987  0.000000e+00  0.000000e+00  0.000000e+00  0.000000e+00  0.000000e+00  0.000000e+00
-2.755686  0.000000e+00  0.000000e+00  0.000000e+00  0.000000e+00  0.000000e+00  0.000000e+00
-2.753385  0.000000e+00  0.000000e+00  0.000000e+00  0.000000e+00  0.000000e+00  0.000000e+00
-2.751084  0.000000e+00  0.000000e+00  0.000000e+00  0.000000e+00  0.000000e+00  0.000000e+00
-2.748783  0.000000e+00  0.000000e+00  0.000000e+00  0.000000e+00  0.000000e+00  0.000000e+00
-2.746482  0.000000e+00  0.000000e+00  0.000000e+00  0.000000e+00  0.000000e+00  0.000000e+00
-2.744181  0.000000e+00  0.000000e+00  0.000000e+00  0.000000e+00  0.000000e+00  0.000000e+00
-2.741880  0.000000e+00  0.000000e+00  0.000000e+00  6.335112e-05  0.000000e+00  0.000000e+00
-2.739579  0.000000e+00  0.000000e+00  0.000000e+00  1.654980e-04  0.000000e+00  0.000000e+00
-2.737278  0.000000e+00  0.000000e+00  0.000000e+00  2.654826e-04  0.000000e+00  0.000000e+00
-2.734977  0.000000e+00  0.000000e+00  0.000000e+00  3.633729e-04  0.000000e+00  0.000000e+00
-2.732676  0.000000e+00  0.000000e+00  0.000000e+00  4.592378e-04  0.000000e+00  0.000000e+00
-2.730375  0.000000e+00  0.000000e+00  0.000000e+00  5.531464e-04  0.000000e+00  0.000000e+00
-2.728074  0.000000e+00  0.000000e+00  0.000000e+00  6.451689e-04  0.000000e+00  0.000000e+00
-2.725772  0.000000e+00  0.000000e+00  0.000000e+00  7.353760e-04  0.000000e+00  0.000000e+00
-2.723471  0.000000e+00  0.000000e+00  0.000000e+00  8.238390e-04  0.000000e+00  0.000000e+00
-2.721170  0.000000e+00  0.000000e+00  0.000000e+00  9.106299e-04  0.000000e+00  0.000000e+00
-2.718869  0.000000e+00  0.000000e+00  0.000000e+00  9.958215e-04  0.000000e+00  0.000000e+00
-2.716568  0.000000e+00  0.000000e+00  0.000000e+00  1.079487e-03  0.000000e+00  0.000000e+00
-2.714267  0.000000e+00  0.000000e+00  0.000000e+00  1.161701e-03  0.000000e+00  0.000000e+00
-2.711966  0.000000e+00  0.000000e+00  0.000000e+00  1.242539e-03  0.000000e+00  0.000000e+00
-2.709665  0.000000e+00  0.000000e+00  0.000000e+00  1.322075e-03  0.000000e+00  0.000000e+00
-2.707364  0.000000e+00  0.000000e+00  0.000000e+00  1.400386e-03  0.000000e+00  0.000000e+00
-2.705063  0.000000e+00  0.000000e+00  0.000000e+00  1.477549e-03  0.000000e+00  0.000000e+00
-2.702762  0.000000e+00  0.000000e+00  0.000000e+00  1.553643e-03  0.000000e+00  0.000000e+00
-2.700461  0.000000e+00  0.000000e+00  0.000000e+00  1.628746e-03  0.000000e+00  0.000000e+00
-2.698160  0.000000e+00  0.000000e+00  0.000000e+00  1.702936e-03  0.000000e+00  0.000000e+00
-2.695859  0.000000e+00  0.000000e+00  0.000000e+00  1.776296e-03  0.000000e+00  0.000000e+00
-2.693558  0.000000e+00  0.000000e+00  0.000000e+00  1.848904e-03  0.000000e+00  0.000000e+00
-2.691257  0.000000e+00  0.000000e+00  0.000000e+00  1.920845e-03  0.000000e+00  0.000000e+00
-2.688956  0.000000e+00  0.000000e+00  0.000000e+00  1.992199e-03  0.000000e+00  0.000000e+00
-2.686655  0.000000e+00  0.000000e+00  0.000000e+00  2.063051e-03  0.000000e+00  0.000000e+00
-2.684354  0.000000e+00  0.000000e+00  0.000000e+00  2.133486e-03  0.000000e+00  0.000000e+00
-2.682053  0.000000e+00  0.000000e+00  0.000000e+00  2.203587e-03  0.000000e+00  0.000000e+00
-2.679752  0.000000e+00  0.000000e+00  0.000000e+00  2.273442e-03  0.000000e+00  0.000000e+00
-2.677451  0.000000e+00  0.000000e+00  0.000000e+00  2.343138e-03  0.000000e+00  0.000000e+00
-2.675150  0.000000e+00  0.000000e+00  0.000000e+00  2.412762e-03  0.000000e+00  0.000000e+00
-2.672849  0.000000e+00  0.000000e+00  0.000000e+00  2.482404e-03  0.000000e+00  0.000000e+00
-2.670548  0.000000e+00  0.000000e+00  0.000000e+00  2.552152e-03  0.000000e+00  0.000000e+00
-2.668247  0.000000e+00  0.000000e+00  0.000000e+00  2.622099e-03  0.000000e+00  0.000000e+00
-2.665946  0.000000e+00  0.000000e+00  0.000000e+00  2.692335e-03  0.000000e+00  0.000000e+00
-2.663645  0.000000e+00  0.000000e+00  0.000000e+00  2.762953e-03  0.000000e+00  0.000000e+00
-2.661344  0.000000e+00  0.000000e+00  0.000000e+00  2.834047e-03  0.000000e+00  0.000000e+00
-2.659043  0.000000e+00  0.000000e+00  0.000000e+00  2.905712e-03  0.000000e+00  0.000000e+00
-2.656742  0.000000e+00  0.000000e+00  0.000000e+00  2.978042e-03  0.000000e+00  0.000000e+00
-2.654441  0.000000e+00  0.000000e+00  0.000000e+00  3.051135e-03  0.000000e+00  0.000000e+00
-2.652140  0.000000e+00  0.000000e+00  0.000000e+00  3.125088e-03  0.000000e+00  0.000000e+00
-2.649839  0.000000e+00  0.000000e+00  0.000000e+00  3.200000e-03  0.000000e+00  0.000000e+00
-2.647537  0.000000e+00  0.000000e+00  0.000000e+00  3.275971e-03  0.000000e+00  0.000000e+00
-2.645236  0.000000e+00  0.000000e+00  0.000000e+00  3.353073e-03  0.000000e+00  0.000000e+00
-2.642935  0.000000e+00  0.000000e+00  0.000000e+00  3.431302e-03  0.000000e+00  0.000000e+00
-2.640634  0.000000e+00  0.000000e+00  0.000000e+00  3.510640e-03  0.000000e+00  0.000000e+00
-2.638333  0.000000e+00  0.000000e+00  0.000000e+00  3.591067e-03  0.000000e+00  0.000000e+00
-2.636032  0.000000e+00  0.000000e+00  0.000000e+00  3.672565e-03  0.000000e+00  0.000000e+00
-2.633731  0.000000e+00  0.000000e+00  0.000000e+00  3.755115e-03  0.000000e+00  0.000000e+00
-2.631430  0.000000e+00  0.000000e+00  0.000000e+00  3.838699e-03  0.000000e+00  0.000000e+00
-2.629129  0.000000e+00  0.000000e+00  0.000000e+00  3.923296e-03  0.000000e+00  0.000000e+00
-2.626828  0.000000e+00  0.000000e+00  0.000000e+00  4.008887e-03  0.000000e+00  0.000000e+00
-2.624527  0.000000e+00  0.000000e+00  0.000000e+00  4.095453e-03  0.000000e+00  0.000000e+00
-2.622226  0.000000e+00  0.000000e+00  0.000000e+00  4.182974e-03  0.000000e+00  0.000000e+00
-2.619925  0.000000e+00  0.000000e+00  0.000000e+00  4.271429e-03  0.000000e+00  0.000000e+00
-2.617624  0.000000e+00  0.000000e+00  0.000000e+00  4.360798e-03  0.000000e+00  0.000000e+00
-2.615323  0.000000e+00  0.000000e+00  0.000000e+00  4.451061e-03  0.000000e+00  0.000000e+00
-2.613022  0.000000e+00  0.000000e+00  0.000000e+00  4.542196e-03  0.000000e+00  0.000000e+00
-2.610721  0.000000e+00  0.000000e+00  0.000000e+00  4.634183e-03  0.000000e+00  0.000000e+00
-2.608420  0.000000e+00  0.000000e+00  0.000000e+00  4.727001e-03  0.000000e+00  0.000000e+00
-2.606119  0.000000e+00  0.000000e+00  0.000000e+00  4.820627e-03  0.000000e+00  0.000000e+00
-2.603818  0.000000e+00  0.000000e+00  0.000000e+00  4.915041e-03  0.000000e+00  0.000000e+00
-2.601517  0.000000e+00  0.000000e+00  0.000000e+00  5.010220e-03  0.000000e+00  0.000000e+00
-2.599216  0.000000e+00  0.000000e+00  0.000000e+00  5.106143e-03  0.000000e+00  0.000000e+00
-2.596915  0.000000e+00  0.000000e+00  0.000000e+00  5.202804e-03  0.000000e+00  0.000000e+00
-2.594614  0.000000e+00  0.000000e+00  0.000000e+00  5.300216e-03  0.000000e+00  0.000000e+00
-2.592313  0.000000e+00  0.000000e+00  0.000000e+00  5.398390e-03  0.000000e+00  0.000000e+00
-2.590012  0.000000e+00  0.000000e+00  0.000000e+00  5.497339e-03  0.000000e+00  0.000000e+00
-2.587711  0.000000e+00  0.000000e+00  0.000000e+00  5.597076e-03  0.000000e+00  0.000000e+00
-2.585410  0.000000e+00  0.000000e+00  0.000000e+00  5.697614e-03  0.000000e+00  0.000000e+00
-2.583109  0.000000e+00  0.000000e+00  0.000000e+00  5.798966e-03  0.000000e+00  0.000000e+00
-2.580808  0.000000e+00  0.000000e+00  0.000000e+00  5.901146e-03  0.000000e+00  0.000000e+00
-2.578507  0.000000e+00  0.000000e+00  0.000000e+00  6.004166e-03  0.000000e+00  0.000000e+00
-2.576206  0.000000e+00  0.000000e+00  0.000000e+00  6.108040e-03  0.000000e+00  0.000000e+00
-2.573905  0.000000e+00  0.000000e+00  0.000000e+00  6.212782e-03  0.000000e+00  0.000000e+00
-2.571603  0.000000e+00  0.000000e+00  0.000000e+00  6.318405e-03  0.000000e+00  0.000000e+00
-2.569302  0.000000e+00  0.000000e+00  0.000000e+00  6.424924e-03  0.000000e+00  0.000000e+00
-2.567001  0.000000e+00  0.000000e+00  0.000000e+00  6.532351e-03  0.000000e+00  0.000000e+00
-2.564700  0.000000e+00  0.000000e+00  0.000000e+00  6.640703e-03  0.000000e+00  0.000000e+00
-2.562399  0.000000e+00  0.000000e+00  0.000000e+00  6.749992e-03  0.000000e+00  0.000000e+00
-2.560098  0.000000e+00  0.000000e+00  0.000000e+00  6.860234e-03  0.000000e+00  0.000000e+00
-2.557797  0.000000e+00  0.000000e+00  0.000000e+00  6.971442e-03  0.000000e+00  0.000000e+00
-2.555496  0.000000e+00  0.000000e+00  0.000000e+00  7.083632e-03  0.000000e+00  0.000000e+00
-2.553195  0.000000e+00  0.000000e+00  0.000000e+00  7.196819e-03  0.000000e+00  0.000000e+00
-2.550894  0.000000e+00  0.000000e+00  0.000000e+00  7.311015e-03  0.000000e+00  0.000000e+00
-2.548593  0.000000e+00  0.000000e+00  0.000000e+00  7.426221e-03  0.000000e+00  0.000000e+00
-2.546292  0.000000e+00  0.000000e+00  0.000000e+00  7.542432e-03  0.000000e+00  0.000000e+00
-2.543991  0.000000e+00  0.000000e+00  0.000000e+00  7.659643e-03  0.000000e+00  0.000000e+00
-2.541690  0.000000e+00  0.000000e+00  0.000000e+00  7.777848e-03  0.000000e+00  0.000000e+00
-2.539389  0.000000e+00  0.000000e+00  0.000000e+00  7.897044e-03  0.000000e+00  0.000000e+00
-2.537088  0.000000e+00  0.000000e+00  0.000000e+00  8.017223e-03  0.000000e+00  0.000000e+00
-2.534787  0.000000e+00  0.000000e+00  0.000000e+00  8.138382e-03  0.000000e+00  0.000000e+00
-2.532486  0.000000e+00  0.000000e+00  0.000000e+00  8.260514e-03  0.000000e+00  0.000000e+00
-2.530185  0.000000e+00  0.000000e+00  0.000000e+00  8.383615e-03  0.000000e+00  0.000000e+00
-2.527884  0.000000e+00  0.000000e+00  0.000000e+00  8.507679e-03  0.000000e+00  0.000000e+00
-2.525583  0.000000e+00  0.000000e+00  0.000000e+00  8.632700e-03  0.000000e+00  0.000000e+00
-2.523282  0.000000e+00  0.000000e+00  0.000000e+00  8.758673e-03  0.000000e+00  0.000000e+00
-2.520981  0.000000e+00  0.000000e+00  0.000000e+00  8.885593e-03  0.000000e+00  0.000000e+00
-2.518680  0.000000e+00  0.000000e+00  0.000000e+00  9.013452e-03  0.000000e+00  0.000000e+00
-2.516379  0.000000e+00  0.000000e+00  0.000000e+00  9.142247e-03  0.000000e+00  0.000000e+00
-2.514078  0.000000e+00  0.000000e+00  0.000000e+00  9.271970e-03  0.000000e+00  0.000000e+00
-2.511777  0.000000e+00  0.000000e+00  0.000000e+00  9.402616e-03  0.000000e+00  0.000000e+00
-2.509476  0.000000e+00  0.000000e+00  0.000000e+00  9.534178e-03  0.000000e+00  0.000000e+00
-2.507175  0.000000e+00  0.000000e+00  0.000000e+00  9.666651e-03  0.000000e+00  0.000000e+00
-2.504874  0.000000e+00  0.000000e+00  0.000000e+00  9.800028e-03  0.000000e+00  0.000000e+00
-2.502573  0.000000e+00  0.000000e+00  0.000000e+00  9.934294e-03  0.000000e+00  0.000000e+00
-2.500272  0.000000e+00  0.000000e+00  0.000000e+00  1.006942e-02  0.000000e+00  0.000000e+00
-2.497971  0.000000e+00  0.000000e+00  0.000000e+00  1.020539e-02  0.000000e+00  0.000000e+00
-2.495669  0.000000e+00  0.000000e+00  0.000000e+00  1.034216e-02  0.000000e+00  0.000000e+00
-2.493368  0.000000e+00  0.000000e+00  0.000000e+00  1.047970e-02  0.000000e+00  0.000000e+00
-2.491067  0.000000e+00  0.000000e+00  0.000000e+00  1.061800e-02  0.000000e+00  0.000000e+00
-2.488766  0.000000e+00  0.000000e+00  0.000000e+00  1.075702e-02  0.000000e+00  0.000000e+00
-2.486465  0.000000e+00  0.000000e+00  0.000000e+00  1.089674e-02  0.000000e+00  0.000000e+00
-2.484164  0.000000e+00  0.000000e+00  0.000000e+00  1.103712e-02  0.000000e+00  0.000000e+00
-2.481863  0.000000e+00  0.000000e+00  0.000000e+00  1.117813e-02  0.000000e+00  0.000000e+00
-2.479562  0.000000e+00  0.000000e+00  0.000000e+00  1.131974e-02  0.000000e+00  0.000000e+00
-2.477261  0.000000e+00  0.000000e+00  0.000000e+00  1.146193e-02  0.000000e+00  0.000000e+00
-2.474960  0.000000e+00  0.000000e+00  0.000000e+00  1.160466e-02  0.000000e+00  0.000000e+00
-2.472659  0.000000e+00  0.000000e+00  0.000000e+00  1.174790e-02  0.000000e+00  0.000000e+00
-2.470358  0.000000e+00  0.000000e+00  0.000000e+00  1.189162e-02  0.000000e+00  0.000000e+00
-2.468057  0.000000e+00  0.000000e+00  0.000000e+00  1.203579e-02  0.000000e+00  0.000000e+00
-2.465756  0.000000e+00  0.000000e+00  0.000000e+00  1.218037e-02  0.000000e+00  0.000000e+00
-2.463455  0.000000e+00  0.000000e+00  0.000000e+00  1.232534e-02  0.000000e+00  0.000000e+00
-2.461154  0.000000e+00  0.000000e+00  0.000000e+00  1.247065e-02  0.000000e+00  0.000000e+00
-2.458853  0.000000e+00  0.000000e+00  0.000000e+00  1.261629e-02  0.000000e+00  0.000000e+00
-2.456552  0.000000e+00  0.000000e+00  0.000000e+00  1.276221e-02  0.000000e+00  0.000000e+00
-2.454251  0.000000e+00  0.000000e+00  0.000000e+00  1.290849e-02  0.000000e+00  0.000000e+00
-2.451950  0.000000e+00  0.000000e+00  0.000000e+00  1.305520e-02  0.000000e+00  0.000000e+00
-2.449649  0.000000e+00  0.000000e+00  0.000000e+00  1.320244e-02  0.000000e+00  0.000000e+00
-2.447348  0.000000e+00  0.000000e+00  0.000000e+00  1.335029e-02  0.000000e+00  0.000000e+00
-2.445047  0.000000e+00  0.000000e+00  0.000000e+00  1.349884e-02  0.000000e+00  0.000000e+00
-2.442746  0.000000e+00  0.000000e+00  0.000000e+00  1.364820e-02  0.000000e+00  0.000000e+00
-2.440445  0.000000e+00  0.000000e+00  0.000000e+00  1.379844e-02  0.000000e+00  0.000000e+00
-2.438144  0.000000e+00  0.000000e+00  0.000000e+00  1.394967e-02  0.000000e+00  0.000000e+00
-2.435843  0.000000e+00  0.000000e+00  0.000000e+00  1.410197e-02  0.000000e+00  0.000000e+00
-2.433542  0.000000e+00  0.000000e+00  0.000000e+00  1.425545e-02  0.000000e+00  0.000000e+00
-2.431241  0.000000e+00  0.000000e+00  0.000000e+00  1.441020e-02  0.000000e+00  0.000000e+00
-2.428940  0.000000e+00  0.000000e+00  0.000000e+00  1.456632e-02  0.000000e+00  0.000000e+00
-2.426639  0.000000e+00  0.000000e+00  0.000000e+00  1.472391e-02  0.000000e+00  0.000000e+00
-2.424338  0.000000e+00  0.000000e+00  0.000000e+00  1.488306e-02  0.000000e+00  0.000000e+00
-2.422037  0.000000e+00  0.000000e+00  0.000000e+00  1.504388e-02  0.000000e+00  0.000000e+00
-2.419736  0.000000e+00  0.000000e+00  0.000000e+00  1.520648e-02  0.000000e+00  0.000000e+00
-2.417434  0.000000e+00  0.000000e+00  0.000000e+00  1.537094e-02  0.000000e+00  0.000000e+00
-2.415133  0.000000e+00  0.000000e+00  0.000000e+00  1.553739e-02  0.000000e+00  0.000000e+00
-2.412832  0.000000e+00  0.000000e+00  0.000000e+00  1.570591e-02  0.000000e+00  0.000000e+00
-2.410531  0.000000e+00  0.000000e+00  0.000000e+00  1.587663e-02  0.000000e+00  0.000000e+00
-2.408230  0.000000e+00  0.000000e+00  0.000000e+00  1.604962e-02  0.000000e+00  0.000000e+00
-2.405929  0.000000e+00  0.000000e+00  0.000000e+00  1.622485e-02  0.000000e+00  0.000000e+00
-2.403628  0.000000e+00  0.000000e+00  0.000000e+00  1.640221e-02  0.000000e+00  0.000000e+00
-2.401327  0.000000e+00  0.000000e+00  0.000000e+00  1.658161e-02  0.000000e+00  0.000000e+00
-2.399026  0.000000e+00  0.000000e+00  0.000000e+00  1.676292e-02  0.000000e+00  0.000000e+00
-2.396725  0.000000e+00  0.000000e+00  0.000000e+00  1.694605e-02  0.000000e+00  0.000000e+00
-2.394424  0.000000e+00  0.000000e+00  0.000000e+00  1.713089e-02  0.000000e+00  0.000000e+00
-2.392123  0.000000e+00  0.000000e+00  0.000000e+00  1.731732e-02  0.000000e+00  0.000000e+00
-2.389822  0.000000e+00  0.000000e+00  0.000000e+00  1.750524e-02  0.000000e+00  0.000000e+00
-2.387521  0.000000e+00  0.000000e+00  0.000000e+00  1.769453e-02  0.000000e+00  0.000000e+00
-2.385220  0.000000e+00  0.000000e+00  0.000000e+00  1.788508e-02  0.000000e+00  0.000000e+00
-2.382919  0.000000e+00  0.000000e+00  0.000000e+00  1.807678e-02  0.000000e+00  0.000000e+00
-2.380618  0.000000e+00  0.000000e+00  0.000000e+00  1.826952e-02  0.000000e+00  0.000000e+00
-2.378317  0.000000e+00  0.000000e+00  0.000000e+00  1.846316e-02  0.000000e+00  0.000000e+00
-2.376016  0.000000e+00  0.000000e+00  0.000000e+00  1.865760e-02  0.000000e+00  0.000000e+00
-2.373715  0.000000e+00  0.000000e+00  0.000000e+00  1.885272e-02  0.000000e+00  0.000000e+00
-2.371414  0.000000e+00  0.000000e+00  0.000000e+00  1.904839e-02  0.000000e+00  0.000000e+00
-2.369113  0.000000e+00  0.000000e+00  0.000000e+00  1.924450e-02  0.000000e+00  0.000000e+00
-2.366812  0.000000e+00  0.000000e+00  0.000000e+00  1.944091e-02  0.000000e+00  0.000000e+00
-2.364511  0.000000e+00  0.000000e+00  0.000000e+00  1.963751e-02  0.000000e+00  0.000000e+00
-2.362210  0.000000e+00  0.000000e+00  0.000000e+00  1.983418e-02  0.000000e+00  0.000000e+00
-2.359909  0.000000e+00  0.000000e+00  0.000000e+00  2.003088e-02  0.000000e+00  0.000000e+00
-2.357608  0.000000e+00  0.000000e+00  0.000000e+00  2.022770e-02  0.000000e+00  0.000000e+00
-2.355307  0.000000e+00  0.000000e+00  0.000000e+00  2.042470e-02  0.000000e+00  0.000000e+00
-2.353006  0.000000e+00  0.000000e+00  0.000000e+00  2.062195e-02  0.000000e+00  0.000000e+00
-2.350705  0.000000e+00  0.000000e+00  0.000000e+00  2.081952e-02  0.000000e+00  0.000000e+00
-2.348404  0.000000e+00  0.000000e+00  0.000000e+00  2.101747e-02  0.000000e+00  0.000000e+00
-2.346103  0.000000e+00  0.000000e+00  0.000000e+00  2.121589e-02  0.000000e+00  0.000000e+00
-2.343802  0.000000e+00  0.000000e+00  0.000000e+00  2.141485e-02  0.000000e+00  0.000000e+00
-2.341500  0.000000e+00  0.000000e+00  0.000000e+00  2.161441e-02  0.000000e+00  0.000000e+00
-2.339199  0.000000e+00  0.000000e+00  0.000000e+00  2.181466e-02  0.000000e+00  0.000000e+00
-2.336898  0.000000e+00  0.000000e+00  0.000000e+00  2.201566e-02  0.000000e+00  0.000000e+00
-2.334597  0.000000e+00  0.000000e+00  0.000000e+00  2.221749e-02  0.000000e+00  0.000000e+00
-2.332296  0.000000e+00  0.000000e+00  0.000000e+00  2.242024e-02  0.000000e+00  0.000000e+00
-2.329995  0.000000e+00  0.000000e+00  0.000000e+00  2.262396e-02  0.000000e+00  0.000000e+00
-2.327694  0.000000e+00  0.000000e+00  0.000000e+00  2.282875e-02  0.000000e+00  0.000000e+00
-2.325393  0.000000e+00  0.000000e+00  0.000000e+00  2.303469e-02  0.000000e+00  0.000000e+00
-2.323092  0.000000e+00  0.000000e+00  0.000000e+00  2.324184e-02  0.000000e+00  0.000000e+00
-2.320791  0.000000e+00  0.000000e+00  0.000000e+00  2.345030e-02  0.000000e+00  0.000000e+00
-2.318490  0.000000e+00  0.000000e+00  0.000000e+00  2.366014e-02  0.000000e+00  0.000000e+00
-2.316189  0.000000e+00  0.000000e+00  0.000000e+00  2.387144e-02  0.000000e+00  0.000000e+00
-2.313888  0.000000e+00  0.000000e+00  0.000000e+00  2.408429e-02  0.000000e+00  0.000000e+00
-2.311587  0.000000e+00  0.000000e+00  0.000000e+00  2.429873e-02  0.000000e+00  0.000000e+00
-2.309286  0.000000e+00  0.000000e+00  0.000000e+00  2.451475e-02  0.000000e+00  0.000000e+00
-2.306985  0.000000e+00  0.000000e+00  0.000000e+00  2.473235e-02  0.000000e+00  0.000000e+00
-2.304684  0.000000e+00  0.000000e+00  0.000000e+00  2.495155e-02  0.000000e+00  0.000000e+00
-2.302383  0.000000e+00  0.000000e+00  0.000000e+00  2.517234e-02  0.000000e+00  0.000000e+00
-2.300082  0.000000e+00  0.000000e+00  0.000000e+00  2.539472e-02  0.000000e+00  0.000000e+00
-2.297781  0.000000e+00  0.000000e+00  0.000000e+00  2.561869e-02  0.000000e+00  0.000000e+00
-2.295480  0.000000e+00  0.000000e+00  0.000000e+00  2.584426e-02  0.000000e+00  0.000000e+00
-2.293179  0.000000e+00  0.000000e+00  0.000000e+00  2.607142e-02  0.000000e+00  0.000000e+00
-2.290878  0.000000e+00  0.000000e+00  0.000000e+00  2.630018e-02  0.000000e+00  0.000000e+00
-2.288577  0.000000e+00  0.000000e+00  0.000000e+00  2.653053e-02  0.000000e+00  0.000000e+00
-2.286276  0.000000e+00  0.000000e+00  0.000000e+00  2.676249e-02  0.000000e+00  0.000000e+00
-2.283975  0.000000e+00  0.000000e+00  0.000000e+00  2.699604e-02  0.000000e+00  0.000000e+00
-2.281674  0.000000e+00  0.000000e+00  0.000000e+00  2.723120e-02  0.000000e+00  0.000000e+00
-2.279373  0.000000e+00  0.000000e+00  0.000000e+00  2.746795e-02  0.000000e+00  0.000000e+00
-2.277072  0.000000e+00  0.000000e+00  0.000000e+00  2.770631e-02  0.000000e+00  0.000000e+00
-2.274771  0.000000e+00  0.000000e+00  0.000000e+00  2.794628e-02  0.000000e+00  0.000000e+00
-2.272470  0.000000e+00  0.000000e+00  0.000000e+00  2.818785e-02  0.000000e+00  0.000000e+00
-2.270169  0.000000e+00  0.000000e+00  0.000000e+00  2.843102e-02  0.000000e+00  0.000000e+00
-2.267868  0.000000e+00  0.000000e+00  0.000000e+00  2.867581e-02  0.000000e+00  0.000000e+00
-2.265566  0.000000e+00  0.000000e+00  0.000000e+00  2.892220e-02  0.000000e+00  0.000000e+00
-2.263265  0.000000e+00  0.000000e+00  0.000000e+00  2.917018e-02  0.000000e+00  0.000000e+00
-2.260964  0.000000e+00  0.000000e+00  0.000000e+00  2.941973e-02  0.000000e+00  0.000000e+00
-2.258663  0.000000e+00  0.000000e+00  0.000000e+00  2.967083e-02  0.000000e+00  0.000000e+00
-2.256362  0.000000e+00  0.000000e+00  0.000000e+00  2.992345e-02  0.000000e+00  0.000000e+00
-2.254061  0.000000e+00  0.000000e+00  0.000000e+00  3.017759e-02  0.000000e+00  0.000000e+00
-2.251760  0.000000e+00  0.000000e+00  0.000000e+00  3.043322e-02  0.000000e+00  0.000000e+00
-2.249459  0.000000e+00  0.000000e+00  0.000000e+00  3.069030e-02  0.000000e+00  0.000000e+00
-2.247158  0.000000e+00  0.000000e+00  0.000000e+00  3.094883e-02  0.000000e+00  0.000000e+00
-2.244857  0.000000e+00  0.000000e+00  0.000000e+00  3.120879e-02  0.000000e+00  0.000000e+00
-2.242556  0.000000e+00  0.000000e+00  0.000000e+00  3.147014e-02  0.000000e+00  0.000000e+00
-2.240255  0.000000e+00  0.000000e+00  0.000000e+00  3.173286e-02  0.000000e+00  0.000000e+00
-2.237954  0.000000e+00  0.000000e+00  0.000000e+00  3.199694e-02  0.000000e+00  0.000000e+00
-2.235653  0.000000e+00  0.000000e+00  0.000000e+00  3.226235e-02  0.000000e+00  0.000000e+00
-2.233352  0.000000e+00  0.000000e+00  0.000000e+00  3.252907e-02  0.000000e+00  0.000000e+00
-2.231051  0.000000e+00  0.000000e+00  0.000000e+00  3.279706e-02  0.000000e+00  0.000000e+00
-2.228750  0.000000e+00  0.000000e+00  0.000000e+00  3.306632e-02  0.000000e+00  0.000000e+00
-2.226449  0.000000e+00  0.000000e+00  0.000000e+00  3.333681e-02  0.000000e+00  0.000000e+00
-2.224148  0.000000e+00  0.000000e+00  0.000000e+00  3.360851e-02  0.000000e+00  0.000000e+00
-2.221847  0.000000e+00  0.000000e+00  0.000000e+00  3.388139e-02  0.000000e+00  0.000000e+00
-2.219546  0.000000e+00  0.000000e+00  0.000000e+00  3.415543e-02  0.000000e+00  0.000000e+00
-2.217245  0.000000e+00  0.000000e+00  0.000000e+00  3.443062e-02  0.000000e+00  0.000000e+00
-2.214944  0.000000e+00  0.000000e+00  0.000000e+00  3.470699e-02  0.000000e+00  0.000000e+00
-2.212643  0.000000e+00  0.000000e+00  0.000000e+00  3.498456e-02  0.000000e+00  0.000000e+00
-2.210342  0.000000e+00  0.000000e+00  0.000000e+00  3.526336e-02  0.000000e+00  0.000000e+00
-2.208041  0.000000e+00  0.000000e+00  0.000000e+00  3.554340e-02  0.000000e+00  0.000000e+00
-2.205740  0.000000e+00  0.000000e+00  0.000000e+00  3.582473e-02  0.000000e+00  0.000000e+00
-2.203439  0.000000e+00  0.000000e+00  0.000000e+00  3.610735e-02  0.000000e+00  0.000000e+00
-2.201138  0.000000e+00  0.000000e+00  0.000000e+00  3.639130e-02  0.000000e+00  0.000000e+00
-2.198837  0.000000e+00  0.000000e+00  0.000000e+00  3.667660e-02  0.000000e+00  0.000000e+00
-2.196536  0.000000e+00  0.000000e+00  0.000000e+00  3.696329e-02  0.000000e+00  0.000000e+00
-2.194235  0.000000e+00  0.000000e+00  0.000000e+00  3.725137e-02  0.000000e+00  0.000000e+00
-2.191934  0.000000e+00  0.000000e+00  0.000000e+00  3.754090e-02  0.000000e+00  0.000000e+00
-2.189633  0.000000e+00  0.000000e+00  0.000000e+00  3.783188e-02  0.000000e+00  0.000000e+00
-2.187331  0.000000e+00  0.000000e+00  0.000000e+00  3.812434e-02  0.000000e+00  0.000000e+00
-2.185030  0.000000e+00  0.000000e+00  0.000000e+00  3.841832e-02  0.000000e+00  0.000000e+00
-2.182729  0.000000e+00  0.000000e+00  0.000000e+00  3.871385e-02  0.000000e+00  0.000000e+00
-2.180428  0.000000e+00  0.000000e+00  0.000000e+00  3.901094e-02  0.000000e+00  0.000000e+00
-2.178127  0.000000e+00  0.000000e+00  0.000000e+00  3.930963e-02  0.000000e+00  0.000000e+00
-2.175826  0.000000e+00  0.000000e+00  0.000000e+00  3.960994e-02  0.000000e+00  0.000000e+00
-2.173525  0.000000e+00  0.000000e+00  0.000000e+00  3.991191e-02  0.000000e+00  0.000000e+00
-2.171224  0.000000e+00  0.000000e+00  0.000000e+00  4.021556e-02  0.000000e+00  0.000000e+00
-2.168923  0.000000e+00  0.000000e+00  0.000000e+00  4.052091e-02  0.000000e+00  0.000000e+00
-2.166622  0.000000e+00  0.000000e+00  0.000000e+00  4.082795e-02  0.000000e+00  0.000000e+00
-2.164321  0.000000e+00  0.000000e+00  0.000000e+00  4.113668e-02  0.000000e+00  0.000000e+00
-2.162020  0.000000e+00  0.000000e+00  0.000000e+00  4.144709e-02  0.000000e+00  0.000000e+00
-2.159719  0.000000e+00  0.000000e+00  0.000000e+00  4.175920e-02  0.000000e+00  0.000000e+00
-2.157418  0.000000e+00  0.000000e+00  0.000000e+00  4.207298e-02  0.000000e+00  0.000000e+00
-2.155117  0.000000e+00  0.000000e+00  0.000000e+00  4.238845e-02  0.000000e+00  0.000000e+00
-2.152816  0.000000e+00  0.000000e+00  0.000000e+00  4.270561e-02  0.000000e+00  0.000000e+00
-2.150515  0.000000e+00  0.000000e+00  0.000000e+00  4.302444e-02  0.000000e+00  0.000000e+00
-2.148214  0.000000e+00  0.000000e+00  0.000000e+00  4.334494e-02  0.000000e+00  0.000000e+00
-2.145913  0.000000e+00  0.000000e+00  0.000000e+00  4.366712e-02  0.000000e+00  0.000000e+00
-2.143612  0.000000e+00  0.000000e+00  0.000000e+00  4.399097e-02  0.000000e+00  0.000000e+00
-2.141311  0.000000e+00  0.000000e+00  0.000000e+00  4.431649e-02  0.000000e+00  0.000000e+00
-2.139010  0.000000e+00  0.000000e+00  0.000000e+00  4.464368e-02  0.000000e+00  0.000000e+00
-2.136709  0.000000e+00  0.000000e+00  0.000000e+00  4.497253e-02  0.000000e+00  0.000000e+00
-2.134408  0.000000e+00  0.000000e+00  0.000000e+00  4.530304e-02  0.000000e+00  0.000000e+00
-2.132107  0.000000e+00  0.000000e+00  0.000000e+00  4.563521e-02  0.000000e+00  0.000000e+00
-2.129806  0.000000e+00  0.000000e+00  0.000000e+00  4.596903e-02  0.000000e+00  0.000000e+00
-2.127505  0.000000e+00  0.000000e+00  0.000000e+00  4.630451e-02  0.000000e+00  0.000000e+00
-2.125204  0.000000e+00  0.000000e+00  0.000000e+00  4.664164e-02  0.000000e+00  0.000000e+00
-2.122903  0.000000e+00  0.000000e+00  0.000000e+00  4.698041e-02  0.000000e+00  0.000000e+00
-2.120602  0.000000e+00  0.000000e+00  0.000000e+00  4.732083e-02  0.000000e+00  0.000000e+00
-2.118301  0.000000e+00  0.000000e+00  0.000000e+00  4.766288e-02  0.000000e+00  0.000000e+00
-2.116000  0.000000e+00  0.000000e+00  0.000000e+00  4.800657e-02  0.000000e+00  0.000000e+00
-2.113699  0.000000e+00  0.000000e+00  0.000000e+00  4.835188e-02  0.000000e+00  0.000000e+00
-2.111397  0.000000e+00  0.000000e+00  0.000000e+00  4.869882e-02  0.000000e+00  0.000000e+00
-2.109096  0.000000e+00  0.000000e+00  0.000000e+00  4.904738e-02  0.000000e+00  0.000000e+00
-2.106795  0.000000e+00  0.000000e+00  0.000000e+00  4.939756e-02  0.000000e+00  0.000000e+00
-2.104494  0.000000e+00  0.000000e+00  0.000000e+00  4.974934e-02  0.000000e+00  0.000000e+00
-2.102193  0.000000e+00  0.000000e+00  0.000000e+00  5.010273e-02  0.000000e+00  0.000000e+00
-2.099892  0.000000e+00  0.000000e+00  0.000000e+00  5.045772e-02  0.000000e+00  0.000000e+00
-2.097591  0.000000e+00  0.000000e+00  0.000000e+00  5.081431e-02  0.000000e+00  0.000000e+00
-2.095290  0.000000e+00  0.000000e+00  0.000000e+00  5.117248e-02  0.000000e+00  0.000000e+00
-2.092989  0.000000e+00  0.000000e+00  0.000000e+00  5.153224e-02  0.000000e+00  0.000000e+00
-2.090688  0.000000e+00  0.000000e+00  0.000000e+00  5.189358e-02  0.000000e+00  0.000000e+00
-2.088387  0.000000e+00  0.000000e+00  0.000000e+00  5.225649e-02  0.000000e+00  0.000000e+00
-2.086086  0.000000e+00  0.000000e+00  0.000000e+00  5.262097e-02  0.000000e+00  0.000000e+00
-2.083785  0.000000e+00  0.000000e+00  0.000000e+00  5.298700e-02  0.000000e+00  0.000000e+00
-2.081484  0.000000e+00  0.000000e+00  0.000000e+00  5.335460e-02  0.000000e+00  0.000000e+00
-2.079183  0.000000e+00  0.000000e+00  0.000000e+00  5.372374e-02  0.000000e+00  0.000000e+00
-2.076882  0.000000e+00  0.000000e+00  0.000000e+00  5.409442e-02  0.000000e+00  0.000000e+00
-2.074581  0.000000e+00  0.000000e+00  0.000000e+00  5.446667e-02  0.000000e+00  0.000000e+00
-2.072280  0.000000e+00  0.000000e+00  0.000000e+00  5.484056e-02  0.000000e+00  0.000000e+00
-2.069979  0.000000e+00  0.000000e+00  0.000000e+00  5.521616e-02  0.000000e+00  0.000000e+00
-2.067678  0.000000e+00  0.000000e+00  0.000000e+00  5.559354e-02  0.000000e+00  0.000000e+00
-2.065377  0.000000e+00  0.000000e+00  0.000000e+00  5.597277e-02  0.000000e+00  0.000000e+00
-2.063076  0.000000e+00  0.000000e+00  0.000000e+00  5.635393e-02  0.000000e+00  0.000000e+00
-2.060775  0.000000e+00  0.000000e+00  0.000000e+00  5.673709e-02  0.000000e+00  0.000000e+00
-2.058474  0.000000e+00  0.000000e+00  0.000000e+00  5.712233e-02  0.000000e+00  0.000000e+00
-2.056173  0.000000e+00  0.000000e+00  0.000000e+00  5.750972e-02  0.000000e+00  0.000000e+00
-2.053872  0.000000e+00  0.000000e+00  0.000000e+00  5.789934e-02  0.000000e+00  0.000000e+00
-2.051571  0.000000e+00  0.000000e+00  0.000000e+00  5.829125e-02  0.000000e+00  0.000000e+00
-2.049270  0.000000e+00  0.000000e+00  0.000000e+00  5.868544e-02  0.000000e+00  0.000000e+00
-2.046969  0.000000e+00  0.000000e+00  0.000000e+00  5.908190e-02  0.000000e+00  0.000000e+00
-2.044668  0.000000e+00  0.000000e+00  0.000000e+00  5.948062e-02  0.000000e+00  0.000000e+00
-2.042367  0.000000e+00  0.000000e+00  0.000000e+00  5.988157e-02  0.000000e+00  0.000000e+00
-2.040066  0.000000e+00  0.000000e+00  0.000000e+00  6.028475e-02  0.000000e+00  0.000000e+00
-2.037765  0.000000e+00  0.000000e+00  0.000000e+00  6.069013e-02  0.000000e+00  0.000000e+00
-2.035463  0.000000e+00  0.000000e+00  0.000000e+00  6.109771e-02  0.000000e+00  0.000000e+00
-2.033162  0.000000e+00  0.000000e+00  0.000000e+00  6.150745e-02  0.000000e+00  0.000000e+00
-2.030861  0.000000e+00  0.000000e+00  0.000000e+00  6.191936e-02  0.000000e+00  0.000000e+00
-2.028560  0.000000e+00  0.000000e+00  0.000000e+00  6.233340e-02  0.000000e+00  0.000000e+00
-2.026259  0.000000e+00  0.000000e+00  0.000000e+00  6.274956e-02  0.000000e+00  0.000000e+00
-2.023958  0.000000e+00  0.000000e+00  0.000000e+00  6.316783e-02  0.000000e+00  0.000000e+00
-2.021657  0.000000e+00  0.000000e+00  0.000000e+00  6.358819e-02  0.000000e+00  0.000000e+00
-2.019356  0.000000e+00  0.000000e+00  0.000000e+00  6.401061e-02  0.000000e+00  0.000000e+00
-2.017055  0.000000e+00  0.000000e+00  0.000000e+00  6.443509e-02  0.000000e+00  0.000000e+00
-2.014754  0.000000e+00  0.000000e+00  0.000000e+00  6.486160e-02  0.000000e+00  0.000000e+00
-2.012453  0.000000e+00  0.000000e+00  0.000000e+00  6.529012e-02  0.000000e+00  0.000000e+00
-2.010152  0.000000e+00  0.000000e+00  0.000000e+00  6.572063e-02  0.000000e+00  0.000000e+00
-2.007851  0.000000e+00  0.000000e+00  0.000000e+00  6.615312e-02  0.000000e+00  0.000000e+00
-2.005550  0.000000e+00  0.000000e+00  0.000000e+00  6.658756e-02  0.000000e+00  0.000000e+00
-2.003249  0.000000e+00  0.000000e+00  0.000000e+00  6.702388e-02  0.000000e+00  0.000000e+00
-2.000948  0.000000e+00  0.000000e+00  0.000000e+00  6.746192e-02  0.000000e+00  0.000000e+00
-1.998647  0.000000e+00  0.000000e+00  0.000000e+00  6.790154e-02  0.000000e+00  0.000000e+00
-1.996346  0.000000e+00  0.000000e+00  0.000000e+00  6.834258e-02  0.000000e+00  0.000000e+00
-1.994045  0.000000e+00  0.000000e+00  0.000000e+00  6.878488e-02  0.000000e+00  0.000000e+00
-1.991744  0.000000e+00  0.000000e+00  0.000000e+00  6.922829e-02  0.000000e+00  0.000000e+00
-1.989443  0.000000e+00  0.000000e+00  0.000000e+00  6.967266e-02  0.000000e+00  0.000000e+00
-1.987142  0.000000e+00  0.000000e+00  0.000000e+00  7.011780e-02  0.000000e+00  0.000000e+00
-1.984841  0.000000e+00  0.000000e+00  0.000000e+00  7.056358e-02  0.000000e+00  0.000000e+00
-1.982540  0.000000e+00  0.000000e+00  0.000000e+00  7.100981e-02  0.000000e+00  0.000000e+00
-1.980239  0.000000e+00  0.000000e+00  0.000000e+00  7.145634e-02  0.000000e+00  0.000000e+00
-1.977938  0.000000e+00  0.000000e+00  0.000000e+00  7.190300e-02  0.000000e+00  0.000000e+00
-1.975637  0.000000e+00  0.000000e+00  0.000000e+00  7.234961e-02  0.000000e+00  0.000000e+00
-1.973336  0.000000e+00  0.000000e+00  0.000000e+00  7.279600e-02  0.000000e+00  0.000000e+00
-1.971035  0.000000e+00  0.000000e+00  0.000000e+00  7.324200e-02  0.000000e+00  0.000000e+00
-1.968734  0.000000e+00  0.000000e+00  0.000000e+00  7.368743e-02  0.000000e+00  0.000000e+00
-1.966433  0.000000e+00  0.000000e+00  0.000000e+00  7.413212e-02  0.000000e+00  0.000000e+00
-1.964132  0.000000e+00  0.000000e+00  0.000000e+00  7.457588e-02  0.000000e+00  0.000000e+00
-1.961831  0.000000e+00  0.000000e+00  0.000000e+00  7.501853e-02  0.000000e+00  0.000000e+00
-1.959530  0.000000e+00  0.000000e+00  0.000000e+00  7.545988e-02  0.000000e+00  0.000000e+00
-1.957228  0.000000e+00  0.000000e+00  0.000000e+00  7.589979e-02  0.000000e+00  0.000000e+00
-1.954927  0.000000e+00  0.000000e+00  0.000000e+00  7.633843e-02  0.000000e+00  0.000000e+00
-1.952626  0.000000e+00  0.000000e+00  0.000000e+00  7.677630e-02  0.000000e+00  0.000000e+00
-1.950325  0.000000e+00  0.000000e+00  0.000000e+00  7.721388e-02  0.000000e+00  0.000000e+00
-1.948024  0.000000e+00  0.000000e+00  0.000000e+00  7.765168e-02  0.000000e+00  0.000000e+00
-1.945723  0.000000e+00  0.000000e+00  0.000000e+00  7.809021e-02  0.000000e+00  0.000000e+00
-1.943422  0.000000e+00  0.000000e+00  0.000000e+00  7.852996e-02  0.000000e+00  0.000000e+00
-1.941121  0.000000e+00  0.000000e+00  0.000000e+00  7.897146e-02  0.000000e+00  0.000000e+00
-1.938820  0.000000e+00  0.000000e+00  0.000000e+00  7.941522e-02  0.000000e+00  0.000000e+00
-1.936519  0.000000e+00  0.000000e+00  0.000000e+00  7.986178e-02  0.000000e+00  0.000000e+00
-1.934218  0.000000e+00  0.000000e+00  0.000000e+00  8.031165e-02  0.000000e+00  0.000000e+00
-1.931917  0.000000e+00  0.000000e+00  0.000000e+00  8.076538e-02  0.000000e+00  0.000000e+00
-1.929616  0.000000e+00  0.000000e+00  0.000000e+00  8.122352e-02  0.000000e+00  0.000000e+00
-1.927315  0.000000e+00  0.000000e+00  0.000000e+00  8.168660e-02  0.000000e+00  0.000000e+00
-1.925014  0.000000e+00  0.000000e+00  0.000000e+00  8.215519e-02  0.000000e+00  0.000000e+00
-1.922713  0.000000e+00  0.000000e+00  0.000000e+00  8.262984e-02  0.000000e+00  0.000000e+00
-1.920412  0.000000e+00  0.000000e+00  0.000000e+00  8.311112e-02  0.000000e+00  0.000000e+00
-1.918111  0.000000e+00  0.000000e+00  0.000000e+00  8.359960e-02  0.000000e+00  0.000000e+00
-1.915810  0.000000e+00  0.000000e+00  0.000000e+00  8.409585e-02  0.000000e+00  0.000000e+00
-1.913509  0.000000e+00  0.000000e+00  0.000000e+00  8.460048e-02  0.000000e+00  0.000000e+00
-1.911208  0.000000e+00  0.000000e+00  0.000000e+00  8.511405e-02  0.000000e+00  0.000000e+00
-1.908907  0.000000e+00  0.000000e+00  0.000000e+00  8.563715e-02  0.000000e+00  0.000000e+00
-1.906606  0.000000e+00  0.000000e+00  0.000000e+00  8.616973e-02  0.000000e+00  0.000000e+00
-1.904305  0.000000e+00  0.000000e+00  0.000000e+00  8.671116e-02  0.000000e+00  0.000000e+00
-1.902004  0.000000e+00  0.000000e+00  0.000000e+00  8.726077e-02  0.000000e+00  0.000000e+00
-1.899703  0.000000e+00  0.000000e+00  0.000000e+00  8.781791e-02  0.000000e+00  0.000000e+00
-1.897402  0.000000e+00  0.000000e+00  0.000000e+00  8.838188e-02  0.000000e+00  0.000000e+00
-1.895101  0.000000e+00  0.000000e+00  0.000000e+00  8.895200e-02  0.000000e+00  0.000000e+00
-1.892800  0.000000e+00  0.000000e+00  0.000000e+00  8.952760e-02  0.000000e+00  0.000000e+00
-1.890499  0.000000e+00  0.000000e+00  0.000000e+00  9.010795e-02  0.000000e+00  0.000000e+00
-1.888198  0.000000e+00  0.000000e+00  0.000000e+00  9.069237e-02  0.000000e+00  0.000000e+00
-1.885897  0.000000e+00  0.000000e+00  0.000000e+00  9.128013e-02  0.000000e+00  0.000000e+00
-1.883596  0.000000e+00  0.000000e+00  0.000000e+00  9.187052e-02  0.000000e+00  0.000000e+00
-1.881294  0.000000e+00  0.000000e+00  0.000000e+00  9.246280e-02  0.000000e+00  0.000000e+00
-1.878993  0.000000e+00  0.000000e+00  0.000000e+00  9.305624e-02  0.000000e+00  0.000000e+00
-1.876692  0.000000e+00  0.000000e+00  0.000000e+00  9.365009e-02  0.000000e+00  0.000000e+00
-1.874391  0.000000e+00  0.000000e+00  0.000000e+00  9.424360e-02  0.000000e+00  0.000000e+00
-1.872090  0.000000e+00  0.000000e+00  0.000000e+00  9.483601e-02  0.000000e+00  0.000000e+00
-1.869789  0.000000e+00  0.000000e+00  0.000000e+00  9.542655e-02  0.000000e+00  0.000000e+00
-1.867488  0.000000e+00  0.000000e+00  0.000000e+00  9.601444e-02  0.000000e+00  0.000000e+00
-1.865187  0.000000e+00  0.000000e+00  0.000000e+00  9.659888e-02  0.000000e+00  0.000000e+00
-1.862886  0.000000e+00  0.000000e+00  0.000000e+00  9.717910e-02  0.000000e+00  0.000000e+00
-1.860585  0.000000e+00  0.000000e+00  0.000000e+00  9.775468e-02  0.000000e+00  0.000000e+00
-1.858284  0.000000e+00  0.000000e+00  0.000000e+00  9.832615e-02  0.000000e+00  0.000000e+00
-1.855983  0.000000e+00  0.000000e+00  0.000000e+00  9.889419e-02  0.000000e+00  0.000000e+00
-1.853682  0.000000e+00  0.000000e+00  0.000000e+00  9.945950e-02  0.000000e+00  0.000000e+00
-1.851381  0.000000e+00  0.000000e+00  0.000000e+00  1.000228e-01  0.000000e+00  0.000000e+00
-1.849080  0.000000e+00  0.000000e+00  0.000000e+00  1.005847e-01  0.000000e+00  0.000000e+00
-1.846779  0.000000e+00  0.000000e+00  0.000000e+00  1.011460e-01  0.000000e+00  0.000000e+00
-1.844478  0.000000e+00  0.000000e+00  0.000000e+00  1.017074e-01  0.000000e+00  0.000000e+00
-1.842177  0.000000e+00  0.000000e+00  0.000000e+00  1.022697e-01  0.000000e+00  0.000000e+00
-1.839876  0.000000e+00  0.000000e+00  0.000000e+00  1.028335e-01  0.000000e+00  0.000000e+00
-1.837575  0.000000e+00  0.000000e+00  0.000000e+00  1.033996e-01  0.000000e+00  0.000000e+00
-1.835274  0.000000e+00  0.000000e+00  0.000000e+00  1.039687e-01  0.000000e+00  0.000000e+00
-1.832973  0.000000e+00  0.000000e+00  0.000000e+00  1.045416e-01  0.000000e+00  0.000000e+00
-1.830672  0.000000e+00  0.000000e+00  0.000000e+00  1.051192e-01  0.000000e+00  0.000000e+00
-1.828371  0.000000e+00  0.000000e+00  0.000000e+00  1.057020e-01  0.000000e+00  0.000000e+00
-1.826070  0.000000e+00  0.000000e+00  0.000000e+00  1.062910e-01  0.000000e+00  0.000000e+00
-1.823769  0.000000e+00  0.000000e+00  0.000000e+00  1.068869e-01  0.000000e+00  0.000000e+00
-1.821468  0.000000e+00  0.000000e+00  0.000000e+00  1.074905e-01  0.000000e+00  0.000000e+00
-1.819167  0.000000e+00  0.000000e+00  0.000000e+00  1.081026e-01  0.000000e+00  0.000000e+00
-1.816866  0.000000e+00  0.000000e+00  0.000000e+00  1.087241e-01  0.000000e+00  0.000000e+00
-1.814565  0.000000e+00  0.000000e+00  0.000000e+00  1.093557e-01  0.000000e+00  0.000000e+00
-1.812264  0.000000e+00  0.000000e+00  0.000000e+00  1.099977e-01  0.000000e+00  0.000000e+00
-1.809963  0.000000e+00  0.000000e+00  0.000000e+00  1.106496e-01  0.000000e+00  0.000000e+00
-1.807662  0.000000e+00  0.000000e+00  0.000000e+00  1.113106e-01  0.000000e+00  0.000000e+00
-1.805360  0.000000e+00  0.000000e+00  0.000000e+00  1.119801e-01  0.000000e+00  0.000000e+00
-1.803059  0.000000e+00  0.000000e+00  0.000000e+00  1.126573e-01  0.000000e+00  0.000000e+00
-1.800758  0.000000e+00  0.000000e+00  0.000000e+00  1.133416e-01  0.000000e+00  0.000000e+00
-1.798457  0.000000e+00  0.000000e+00  0.000000e+00  1.140322e-01  0.000000e+00  0.000000e+00
-1.796156  0.000000e+00  0.000000e+00  0.000000e+00  1.147284e-01  0.000000e+00  0.000000e+00
-1.793855  0.000000e+00  0.000000e+00  0.000000e+00  1.154296e-01  0.000000e+00  0.000000e+00
-1.791554  0.000000e+00  0.000000e+00  0.000000e+00  1.161349e-01  0.000000e+00  0.000000e+00
-1.789253  0.000000e+00  0.000000e+00  0.000000e+00  1.168436e-01  0.000000e+00  0.000000e+00
-1.786952  0.000000e+00  0.000000e+00  0.000000e+00  1.175550e-01  0.000000e+00  0.000000e+00
-1.784651  0.000000e+00  0.000000e+00  0.000000e+00  1.182683e-01  0.000000e+00  0.000000e+00
-1.782350  0.000000e+00  0.000000e+00  0.000000e+00  1.189827e-01  0.000000e+00  0.000000e+00
-1.780049  0.000000e+00  0.000000e+00  0.000000e+00  1.196975e-01  0.000000e+00  0.000000e+00
-1.777748  0.000000e+00  0.000000e+00  0.000000e+00  1.204118e-01  0.000000e+00  0.000000e+00
-1.775447  0.000000e+00  0.000000e+00  0.000000e+00  1.211250e-01  0.000000e+00  0.000000e+00
-1.773146  0.000000e+00  0.000000e+00  0.000000e+00  1.218361e-01  0.000000e+00  0.000000e+00
-1.770845  0.000000e+00  0.000000e+00  0.000000e+00  1.225444e-01  0.000000e+00  0.000000e+00
-1.768544  0.000000e+00  0.000000e+00  0.000000e+00  1.232491e-01  0.000000e+00  0.000000e+00
-1.766243  0.000000e+00  0.000000e+00  0.000000e+00  1.239498e-01  0.000000e+00  0.000000e+00
-1.763942  0.000000e+00  0.000000e+00  0.000000e+00  1.246470e-01  0.000000e+00  0.000000e+00
-1.761641  0.000000e+00  0.000000e+00  0.000000e+00  1.253408e-01  0.000000e+00  0.000000e+00
-1.759340  0.000000e+00  0.000000e+00  0.000000e+00  1.260317e-01  0.000000e+00  0.000000e+00
-1.757039  0.000000e+00  0.000000e+00  0.000000e+00  1.267200e-01  0.000000e+00  0.000000e+00
-1.754738  0.000000e+00  0.000000e+00  0.000000e+00  1.274061e-01  0.000000e+00  0.000000e+00
-1.752437  0.000000e+00  0.000000e+00  0.000000e+00  1.280903e-01  0.000000e+00  0.000000e+00
-1.750136  0.000000e+00  0.000000e+00  0.000000e+00  1.287729e-01  0.000000e+00  0.000000e+00
-1.747835  0.000000e+00  0.000000e+00  0.000000e+00  1.294544e-01  0.000000e+00  0.000000e+00
-1.745534  0.000000e+00  0.000000e+00  0.000000e+00  1.301352e-01  0.000000e+00  0.000000e+00
-1.743233  0.000000e+00  0.000000e+00  0.000000e+00  1.308155e-01  0.000000e+00  0.000000e+00
-1.740932  0.000000e+00  0.000000e+00  0.000000e+00  1.314957e-01  0.000000e+00  0.000000e+00
-1.738631  0.000000e+00  0.000000e+00  0.000000e+00  1.321763e-01  0.000000e+00  0.000000e+00
-1.736330  0.000000e+00  0.000000e+00  0.000000e+00  1.328575e-01  0.000000e+00  0.000000e+00
-1.734029  0.000000e+00  0.000000e+00  0.000000e+00  1.335399e-01  0.000000e+00  0.000000e+00
-1.731728  0.000000e+00  0.000000e+00  0.000000e+00  1.342238e-01  0.000000e+00  0.000000e+00
-1.729427  0.000000e+00  0.000000e+00  0.000000e+00  1.349095e-01  0.000000e+00  0.000000e+00
-1.727125  0.000000e+00  0.000000e+00  0.000000e+00  1.355975e-01  0.000000e+00  0.000000e+00
-1.724824  0.000000e+00  0.000000e+00  0.000000e+00  1.362882e-01  0.000000e+00  0.000000e+00
-1.722523  0.000000e+00  0.000000e+00  0.000000e+00  1.369819e-01  0.000000e+00  0.000000e+00
-1.720222  0.000000e+00  0.000000e+00  0.000000e+00  1.376792e-01  0.000000e+00  0.000000e+00
-1.717921  0.000000e+00  0.000000e+00  0.000000e+00  1.383802e-01  0.000000e+00  0.000000e+00
-1.715620  0.000000e+00  0.000000e+00  0.000000e+00  1.390851e-01  0.000000e+00  0.000000e+00
-1.713319  0.000000e+00  0.000000e+00  0.000000e+00  1.397942e-01  0.000000e+00  0.000000e+00
-1.711018  0.000000e+00  0.000000e+00  0.000000e+00  1.405076e-01  0.000000e+00  0.000000e+00
-1.708717  0.000000e+00  0.000000e+00  0.000000e+00  1.412253e-01  0.000000e+00  0.000000e+00
-1.706416  0.000000e+00  0.000000e+00  0.000000e+00  1.419477e-01  0.000000e+00  0.000000e+00
-1.704115  0.000000e+00  0.000000e+00  0.000000e+00  1.426749e-01  0.000000e+00  0.000000e+00
-1.701814  0.000000e+00  0.000000e+00  0.000000e+00  1.434069e-01  0.000000e+00  0.000000e+00
-1.699513  0.000000e+00  0.000000e+00  0.000000e+00  1.441441e-01  0.000000e+00  0.000000e+00
-1.697212  0.000000e+00  0.000000e+00  0.000000e+00  1.448866e-01  0.000000e+00  0.000000e+00
-1.694911  0.000000e+00  0.000000e+00  0.000000e+00  1.456345e-01  0.000000e+00  0.000000e+00
-1.692610  0.000000e+00  0.000000e+00  0.000000e+00  1.463881e-01  0.000000e+00  0.000000e+00
-1.690309  0.000000e+00  0.000000e+00  0.000000e+00  1.471475e-01  0.000000e+00  0.000000e+00
-1.688008  0.000000e+00  0.000000e+00  0.000000e+00  1.479128e-01  0.000000e+00  0.000000e+00
-1.685707  0.000000e+00  0.000000e+00  0.000000e+00  1.486843e-01  0.000000e+00  0.000000e+00
-1.683406  0.000000e+00  0.000000e+00  0.000000e+00  1.494622e-01  0.000000e+00  0.000000e+00
-1.681105  0.000000e+00  0.000000e+00  0.000000e+00  1.502466e-01  0.000000e+00  0.000000e+00
-1.678804  0.000000e+00  0.000000e+00  0.000000e+00  1.510378e-01  0.000000e+00  0.000000e+00
-1.676503  0.000000e+00  0.000000e+00  0.000000e+00  1.518358e-01  0.000000e+00  0.000000e+00
-1.674202  0.000000e+00  0.000000e+00  0.000000e+00  1.526410e-01  0.000000e+00  0.000000e+00
-1.671901  0.000000e+00  0.000000e+00  0.000000e+00  1.534534e-01  0.000000e+00  0.000000e+00
-1.669600  0.000000e+00  0.000000e+00  0.000000e+00  1.542727e-01  0.000000e+00  0.000000e+00
-1.667299  0.000000e+00  0.000000e+00  0.000000e+00  1.550984e-01  0.000000e+00  0.000000e+00
-1.664998  0.000000e+00  0.000000e+00  0.000000e+00  1.559298e-01  0.000000e+00  0.000000e+00
-1.662697  0.000000e+00  0.000000e+00  0.000000e+00  1.567664e-01  0.000000e+00  0.000000e+00
-1.660396  0.000000e+00  0.000000e+00  0.000000e+00  1.576076e-01  0.000000e+00  0.000000e+00
-1.658095  0.000000e+00  0.000000e+00  0.000000e+00  1.584528e-01  0.000000e+00  0.000000e+00
-1.655794  0.000000e+00  0.000000e+00  0.000000e+00  1.593013e-01  0.000000e+00  0.000000e+00
-1.653493  0.000000e+00  0.000000e+00  0.000000e+00  1.601526e-01  0.000000e+00  0.000000e+00
-1.651191  0.000000e+00  0.000000e+00  0.000000e+00  1.610061e-01  0.000000e+00  0.000000e+00
-1.648890  0.000000e+00  0.000000e+00  0.000000e+00  1.618611e-01  0.000000e+00  0.000000e+00
-1.646589  0.000000e+00  0.000000e+00  0.000000e+00  1.627170e-01  0.000000e+00  0.000000e+00
-1.644288  0.000000e+00  0.000000e+00  0.000000e+00  1.635731e-01  0.000000e+00  0.000000e+00
-1.641987  0.000000e+00  0.000000e+00  0.000000e+00  1.644289e-01  0.000000e+00  0.000000e+00
-1.639686  0.000000e+00  0.000000e+00  0.000000e+00  1.652836e-01  0.000000e+00  0.000000e+00
-1.637385  0.000000e+00  0.000000e+00  0.000000e+00  1.661366e-01  0.000000e+00  0.000000e+00
-1.635084  0.000000e+00  0.000000e+00  0.000000e+00  1.669872e-01  0.000000e+00  0.000000e+00
-1.632783  0.000000e+00  0.000000e+00  0.000000e+00  1.678348e-01  0.000000e+00  0.000000e+00
-1.630482  0.000000e+00  0.000000e+00  0.000000e+00  1.686787e-01  0.000000e+00  0.000000e+00
-1.628181  0.000000e+00  0.000000e+00  0.000000e+00  1.695182e-01  0.000000e+00  0.000000e+00
-1.625880  0.000000e+00  0.000000e+00  0.000000e+00  1.703526e-01  0.000000e+00  0.000000e+00
-1.623579  0.000000e+00  0.000000e+00  0.000000e+00  1.711819e-01  0.000000e+00  0.000000e+00
-1.621278  0.000000e+00  0.000000e+00  0.000000e+00  1.720068e-01  0.000000e+00  0.000000e+00
-1.618977  0.000000e+00  0.000000e+00  0.000000e+00  1.728281e-01  0.000000e+00  0.000000e+00
-1.616676  0.000000e+00  0.000000e+00  0.000000e+00  1.736463e-01  0.000000e+00  0.000000e+00
-1.614375  0.000000e+00  0.000000e+00  0.000000e+00  1.744623e-01  0.000000e+00  0.000000e+00
-1.612074  0.000000e+00  0.000000e+00  0.000000e+00  1.752768e-01  0.000000e+00  0.000000e+00
-1.609773  0.000000e+00  0.000000e+00  0.000000e+00  1.760904e-01  0.000000e+00  0.000000e+00
-1.607472  0.000000e+00  0.000000e+00  0.000000e+00  1.769040e-01  0.000000e+00  0.000000e+00
-1.605171  0.000000e+00  0.000000e+00  0.000000e+00  1.777182e-01  0.000000e+00  0.000000e+00
-1.602870  0.000000e+00  0.000000e+00  0.000000e+00  1.785338e-01  0.000000e+00  0.000000e+00
-1.600569  0.000000e+00  0.000000e+00  0.000000e+00  1.793517e-01  0.000000e+00  0.000000e+00
-1.598268  0.000000e+00  0.000000e+00  0.000000e+00  1.801724e-01  0.000000e+00  0.000000e+00
-1.595967  0.000000e+00  0.000000e+00  0.000000e+00  1.809969e-01  0.000000e+00  0.000000e+00
-1.593666  0.000000e+00  0.000000e+00  0.000000e+00  1.818259e-01  0.000000e+00  0.000000e+00
-1.591365  0.000000e+00  0.000000e+00  0.000000e+00  1.826602e-01  0.000000e+00  0.000000e+00
-1.589064  0.000000e+00  0.000000e+00  0.000000e+00  1.835006e-01  0.000000e+00  0.000000e+00
-1.586763  0.000000e+00  0.000000e+00  0.000000e+00  1.843479e-01  0.000000e+00  0.000000e+00
-1.584462  0.000000e+00  0.000000e+00  0.000000e+00  1.852029e-01  0.000000e+00  0.000000e+00
-1.582161  0.000000e+00  0.000000e+00  0.000000e+00  1.860665e-01  0.000000e+00  0.000000e+00
-1.579860  0.000000e+00  0.000000e+00  0.000000e+00  1.869395e-01  0.000000e+00  0.000000e+00
-1.577559  0.000000e+00  0.000000e+00  0.000000e+00  1.878227e-01  0.000000e+00  0.000000e+00
-1.575257  0.000000e+00  0.000000e+00  0.000000e+00  1.887164e-01  0.000000e+00  0.000000e+00
-1.572956  0.000000e+00  0.000000e+00  0.000000e+00  1.896200e-01  0.000000e+00  0.000000e+00
-1.570655  0.000000e+00  0.000000e+00  0.000000e+00  1.905330e-01  0.000000e+00  0.000000e+00
-1.568354  0.000000e+00  0.000000e+00  0.000000e+00  1.914546e-01  0.000000e+00  0.000000e+00
-1.566053  0.000000e+00  0.000000e+00  0.000000e+00  1.923844e-01  0.000000e+00  0.000000e+00
-1.563752  0.000000e+00  0.000000e+00  0.000000e+00  1.933216e-01  0.000000e+00  0.000000e+00
-1.561451  0.000000e+00  0.000000e+00  0.000000e+00  1.942656e-01  0.000000e+00  0.000000e+00
-1.559150  0.000000e+00  0.000000e+00  0.000000e+00  1.952157e-01  0.000000e+00  0.000000e+00
-1.556849  0.000000e+00  0.000000e+00  0.000000e+00  1.961713e-01  0.000000e+00  0.000000e+00
-1.554548  0.000000e+00  0.000000e+00  0.000000e+00  1.971318e-01  0.000000e+00  0.000000e+00
-1.552247  0.000000e+00  0.000000e+00  0.000000e+00  1.980964e-01  0.000000e+00  0.000000e+00
-1.549946  0.000000e+00  0.000000e+00  0.000000e+00  1.990645e-01  0.000000e+00  0.000000e+00
-1.547645  0.000000e+00  0.000000e+00  0.000000e+00  2.000355e-01  0.000000e+00  0.000000e+00
-1.545344  0.000000e+00  0.000000e+00  0.000000e+00  2.010085e-01  0.000000e+00  0.000000e+00
-1.543043  0.000000e+00  0.000000e+00  0.000000e+00  2.019829e-01  0.000000e+00  0.000000e+00
-1.540742  0.000000e+00  0.000000e+00  0.000000e+00  2.029580e-01  0.000000e+00  0.000000e+00
-1.538441  0.000000e+00  0.000000e+00  0.000000e+00  2.039331e-01  0.000000e+00  0.000000e+00
-1.536140  0.000000e+00  0.000000e+00  0.000000e+00  2.049075e-01  0.000000e+00  0.000000e+00
-1.533839  0.000000e+00  0.000000e+00  0.000000e+00  2.058804e-01  0.000000e+00  0.000000e+00
-1.531538  0.000000e+00  0.000000e+00  0.000000e+00  2.068511e-01  0.000000e+00  0.000000e+00
-1.529237  0.000000e+00  0.000000e+00  0.000000e+00  2.078190e-01  0.000000e+00  0.000000e+00
-1.526936  0.000000e+00  0.000000e+00  0.000000e+00  2.087844e-01  0.000000e+00  0.000000e+00
-1.524635  0.000000e+00  0.000000e+00  0.000000e+00  2.097478e-01  0.000000e+00  0.000000e+00
-1.522334  0.000000e+00  0.000000e+00  0.000000e+00  2.107095e-01  0.000000e+00  0.000000e+00
-1.520033  0.000000e+00  0.000000e+00  0.000000e+00  2.116699e-01  0.000000e+00  0.000000e+00
-1.517732  0.000000e+00  0.000000e+00  0.000000e+00  2.126295e-01  0.000000e+00  0.000000e+00
-1.515431  0.000000e+00  0.000000e+00  0.000000e+00  2.135888e-01  0.000000e+00  0.000000e+00
-1.513130  0.000000e+00  0.000000e+00  0.000000e+00  2.145480e-01  0.000000e+00  0.000000e+00
-1.510829  0.000000e+00  0.000000e+00  0.000000e+00  2.155077e-01  0.000000e+00  0.000000e+00
-1.508528  0.000000e+00  0.000000e+00  0.000000e+00  2.164683e-01  0.000000e+00  0.000000e+00
-1.506227  0.000000e+00  0.000000e+00  0.000000e+00  2.174303e-01  0.000000e+00  0.000000e+00
-1.503926  0.000000e+00  0.000000e+00  0.000000e+00  2.183941e-01  0.000000e+00  0.000000e+00
-1.501625  0.000000e+00  0.000000e+00  0.000000e+00  2.193602e-01  0.000000e+00  0.000000e+00
-1.499324  0.000000e+00  0.000000e+00  0.000000e+00  2.203289e-01  0.000000e+00  0.000000e+00
-1.497022  0.000000e+00  0.000000e+00  0.000000e+00  2.213009e-01  0.000000e+00  0.000000e+00
-1.494721  0.000000e+00  0.000000e+00  0.000000e+00  2.222765e-01  0.000000e+00  0.000000e+00
-1.492420  0.000000e+00  0.000000e+00  0.000000e+00  2.232562e-01  0.000000e+00  0.000000e+00
-1.490119  0.000000e+00  0.000000e+00  0.000000e+00  2.242405e-01  0.000000e+00  0.000000e+00
-1.487818  0.000000e+00  0.000000e+00  0.000000e+00  2.252299e-01  0.000000e+00  0.000000e+00
-1.485517  0.000000e+00  0.000000e+00  0.000000e+00  2.262248e-01  0.000000e+00  0.000000e+00
-1.483216  0.000000e+00  0.000000e+00  0.000000e+00  2.272258e-01  0.000000e+00  0.000000e+00
-1.480915  0.000000e+00  0.000000e+00  0.000000e+00  2.282330e-01  0.000000e+00  0.000000e+00
-1.478614  0.000000e+00  0.000000e+00  0.000000e+00  2.292457e-01  0.000000e+00  0.000000e+00
-1.476313  0.000000e+00  0.000000e+00  0.000000e+00  2.302635e-01  0.000000e+00  0.000000e+00
-1.474012  0.000000e+00  0.000000e+00  0.000000e+00  2.312859e-01  0.000000e+00  0.000000e+00
-1.471711  0.000000e+00  0.000000e+00  0.000000e+00  2.323122e-01  0.000000e+00  0.000000e+00
-1.469410  0.000000e+00  0.000000e+00  0.000000e+00  2.333419e-01  0.000000e+00  0.000000e+00
-1.467109  0.000000e+00  0.000000e+00  0.000000e+00  2.343745e-01  0.000000e+00  0.000000e+00
-1.464808  0.000000e+00  0.000000e+00  0.000000e+00  2.354094e-01  0.000000e+00  0.000000e+00
-1.462507  0.000000e+00  0.000000e+00  0.000000e+00  2.364460e-01  0.000000e+00  0.000000e+00
-1.460206  0.000000e+00  0.000000e+00  0.000000e+00  2.374838e-01  0.000000e+00  0.000000e+00
-1.457905  0.000000e+00  0.000000e+00  0.000000e+00  2.385220e-01  0.000000e+00  0.000000e+00
-1.455604  0.000000e+00  0.000000e+00  0.000000e+00  2.395602e-01  0.000000e+00  0.000000e+00
-1.453303  0.000000e+00  0.000000e+00  0.000000e+00  2.405978e-01  0.000000e+00  0.000000e+00
-1.451002  0.000000e+00  0.000000e+00  0.000000e+00  2.416340e-01  0.000000e+00  0.000000e+00
-1.448701  0.000000e+00  0.000000e+00  0.000000e+00  2.426684e-01  0.000000e+00  0.000000e+00
-1.446400  0.000000e+00  0.000000e+00  0.000000e+00  2.437003e-01  0.000000e+00  0.000000e+00
-1.444099  0.000000e+00  0.000000e+00  0.000000e+00  2.447290e-01  0.000000e+00  0.000000e+00
-1.441798  0.000000e+00  0.000000e+00  0.000000e+00  2.457539e-01  0.000000e+00  0.000000e+00
-1.439497  0.000000e+00  0.000000e+00  0.000000e+00  2.467744e-01  0.000000e+00  0.000000e+00
-1.437196  0.000000e+00  0.000000e+00  0.000000e+00  2.477898e-01  0.000000e+00  0.000000e+00
-1.434895  0.000000e+00  0.000000e+00  0.000000e+00  2.487996e-01  0.000000e+00  0.000000e+00
-1.432594  0.000000e+00  0.000000e+00  0.000000e+00  2.498039e-01  0.000000e+00  0.000000e+00
-1.430293  0.000000e+00  0.000000e+00  0.000000e+00  2.508032e-01  0.000000e+00  0.000000e+00
-1.427992  0.000000e+00  0.000000e+00  0.000000e+00  2.517983e-01  0.000000e+00  0.000000e+00
-1.425691  0.000000e+00  0.000000e+00  0.000000e+00  2.527897e-01  0.000000e+00  0.000000e+00
-1.423390  0.000000e+00  0.000000e+00  0.000000e+00  2.537780e-01  0.000000e+00  0.000000e+00
-1.421088  0.000000e+00  0.000000e+00  0.000000e+00  2.547639e-01  0.000000e+00  0.000000e+00
-1.418787  0.000000e+00  0.000000e+00  0.000000e+00  2.557481e-01  0.000000e+00  0.000000e+00
-1.416486  0.000000e+00  0.000000e+00  0.000000e+00  2.567311e-01  0.000000e+00  0.000000e+00
-1.414185  0.000000e+00  0.000000e+00  0.000000e+00  2.577136e-01  0.000000e+00  0.000000e+00
-1.411884  0.000000e+00  0.000000e+00  0.000000e+00  2.586963e-01  0.000000e+00  0.000000e+00
-1.409583  0.000000e+00  0.000000e+00  0.000000e+00  2.596799e-01  0.000000e+00  0.000000e+00
-1.407282  0.000000e+00  0.000000e+00  0.000000e+00  2.606649e-01  0.000000e+00  0.000000e+00
-1.404981  0.000000e+00  0.000000e+00  0.000000e+00  2.616521e-01  0.000000e+00  0.000000e+00
-1.402680  0.000000e+00  0.000000e+00  0.000000e+00  2.626422e-01  0.000000e+00  0.000000e+00
-1.400379  0.000000e+00  0.000000e+00  0.000000e+00  2.636358e-01  0.000000e+00  0.000000e+00
-1.398078  0.000000e+00  0.000000e+00  0.000000e+00  2.646337e-01  0.000000e+00  0.000000e+00
-1.395777  0.000000e+00  0.000000e+00  0.000000e+00  2.656366e-01  0.000000e+00  0.000000e+00
-1.393476  0.000000e+00  0.000000e+00  0.000000e+00  2.666451e-01  0.000000e+00  0.000000e+00
-1.391175  0.000000e+00  0.000000e+00  0.000000e+00  2.676600e-01  0.000000e+00  0.000000e+00
-1.388874  0.000000e+00  0.000000e+00  0.000000e+00  2.686821e-01  0.000000e+00  0.000000e+00
-1.386573  0.000000e+00  0.000000e+00  0.000000e+00  2.697120e-01  0.000000e+00  0.000000e+00
-1.384272  0.000000e+00  0.000000e+00  0.000000e+00  2.707503e-01  0.000000e+00  0.000000e+00
-1.381971  0.000000e+00  0.000000e+00  0.000000e+00  2.717976e-01  0.000000e+00  0.000000e+00
-1.379670  0.000000e+00  0.000000e+00  0.000000e+00  2.728544e-01  0.000000e+00  0.000000e+00
-1.377369  0.000000e+00  0.000000e+00  0.000000e+00  2.739214e-01  0.000000e+00  0.000000e+00
-1.375068  0.000000e+00  0.000000e+00  0.000000e+00  2.749990e-01  0.000000e+00  0.000000e+00
-1.372767  0.000000e+00  0.000000e+00  0.000000e+00  2.760877e-01  0.000000e+00  0.000000e+00
-1.370466  0.000000e+00  0.000000e+00  0.000000e+00  2.771883e-01  0.000000e+00  0.000000e+00
-1.368165  0.000000e+00  0.000000e+00  0.000000e+00  2.783012e-01  0.000000e+00  0.000000e+00
-1.365864  0.000000e+00  0.000000e+00  0.000000e+00  2.794270e-01  0.000000e+00  0.000000e+00
-1.363563  0.000000e+00  0.000000e+00  0.000000e+00  2.805664e-01  0.000000e+00  0.000000e+00
-1.361262  0.000000e+00  0.000000e+00  0.000000e+00  2.817191e-01  0.000000e+00  0.000000e+00
-1.358961  0.000000e+00  0.000000e+00  0.000000e+00  2.828842e-01  0.000000e+00  0.000000e+00
-1.356660  0.000000e+00  0.000000e+00  0.000000e+00  2.840605e-01  0.000000e+00  0.000000e+00
-1.354359  0.000000e+00  0.000000e+00  0.000000e+00  2.852470e-01  0.000000e+00  0.000000e+00
-1.352058  0.000000e+00  0.000000e+00  0.000000e+00  2.864426e-01  0.000000e+00  0.000000e+00
-1.349757  0.000000e+00  0.000000e+00  0.000000e+00  2.876462e-01  0.000000e+00  0.000000e+00
-1.347456  0.000000e+00  0.000000e+00  0.000000e+00  2.888566e-01  0.000000e+00  0.000000e+00
-1.345154  0.000000e+00  0.000000e+00  0.000000e+00  2.900726e-01  0.000000e+00  0.000000e+00
-1.342853  0.000000e+00  0.000000e+00  0.000000e+00  2.912932e-01  0.000000e+00  0.000000e+00
-1.340552  0.000000e+00  0.000000e+00  0.000000e+00  2.925172e-01  0.000000e+00  0.000000e+00
-1.338251  0.000000e+00  0.000000e+00  0.000000e+00  2.937434e-01  0.000000e+00  0.000000e+00
-1.335950  0.000000e+00  0.000000e+00  0.000000e+00  2.949705e-01  0.000000e+00  0.000000e+00
-1.333649  0.000000e+00  0.000000e+00  0.000000e+00  2.961974e-01  0.000000e+00  0.000000e+00
-1.331348  0.000000e+00  0.000000e+00  0.000000e+00  2.974230e-01  0.000000e+00  0.000000e+00
-1.329047  0.000000e+00  0.000000e+00  0.000000e+00  2.986458e-01  0.000000e+00  0.000000e+00
-1.326746  0.000000e+00  0.000000e+00  0.000000e+00  2.998647e-01  0.000000e+00  0.000000e+00
-1.324445  0.000000e+00  0.000000e+00  0.000000e+00  3.010785e-01  0.000000e+00  0.000000e+00
-1.322144  0.000000e+00  0.000000e+00  0.000000e+00  3.022858e-01  0.000000e+00  0.000000e+00
-1.319843  0.000000e+00  0.000000e+00  0.000000e+00  3.034854e-01  0.000000e+00  0.000000e+00
-1.317542  0.000000e+00  0.000000e+00  0.000000e+00  3.046760e-01  0.000000e+00  0.000000e+00
-1.315241  0.000000e+00  0.000000e+00  0.000000e+00  3.058564e-01  0.000000e+00  0.000000e+00
-1.312940  0.000000e+00  0.000000e+00  0.000000e+00  3.070265e-01  0.000000e+00  0.000000e+00
-1.310639  0.000000e+00  0.000000e+00  0.000000e+00  3.081870e-01  0.000000e+00  0.000000e+00
-1.308338  0.000000e+00  0.000000e+00  0.000000e+00  3.093384e-01  0.000000e+00  0.000000e+00
-1.306037  0.000000e+00  0.000000e+00  0.000000e+00  3.104813e-01  0.000000e+00  0.000000e+00
-1.303736  0.000000e+00  0.000000e+00  0.000000e+00  3.116164e-01  0.000000e+00  0.000000e+00
-1.301435  0.000000e+00  0.000000e+00  0.000000e+00  3.127442e-01  0.000000e+00  0.000000e+00
-1.299134  0.000000e+00  0.000000e+00  0.000000e+00  3.138654e-01  0.000000e+00  0.000000e+00
-1.296833  0.000000e+00  0.000000e+00  0.000000e+00  3.149806e-01  0.000000e+00  0.000000e+00
-1.294532  0.000000e+00  0.000000e+00  0.000000e+00  3.160904e-01  0.000000e+00  0.000000e+00
-1.292231  0.000000e+00  0.000000e+00  0.000000e+00  3.171955e-01  0.000000e+00  0.000000e+00
-1.289930  0.000000e+00  0.000000e+00  0.000000e+00  3.182965e-01  0.000000e+00  0.000000e+00
-1.287629  0.000000e+00  0.000000e+00  0.000000e+00  3.193940e-01  0.000000e+00  0.000000e+00
-1.285328  0.000000e+00  0.000000e+00  0.000000e+00  3.204887e-01  0.000000e+00  0.000000e+00
-1.283027  0.000000e+00  0.000000e+00  0.000000e+00  3.215813e-01  0.000000e+00  0.000000e+00
-1.280726  0.000000e+00  0.000000e+00  0.000000e+00  3.226724e-01  0.000000e+00  0.000000e+00
-1.278425  0.000000e+00  0.000000e+00  0.000000e+00  3.237627e-01  0.000000e+00  0.000000e+00
-1.276124  0.000000e+00  0.000000e+00  0.000000e+00  3.248530e-01  0.000000e+00  0.000000e+00
-1.273823  0.000000e+00  0.000000e+00  0.000000e+00  3.259437e-01  0.000000e+00  0.000000e+00
-1.271522  0.000000e+00  0.000000e+00  0.000000e+00  3.270358e-01  0.000000e+00  0.000000e+00
-1.269221  0.000000e+00  0.000000e+00  0.000000e+00  3.281298e-01  0.000000e+00  0.000000e+00
-1.266919  0.000000e+00  0.000000e+00  0.000000e+00  3.292262e-01  0.000000e+00  0.000000e+00
-1.264618  0.000000e+00  0.000000e+00  0.000000e+00  3.303248e-01  0.000000e+00  0.000000e+00
-1.262317  0.000000e+00  0.000000e+00  0.000000e+00  3.314255e-01  0.000000e+00  0.000000e+00
-1.260016  0.000000e+00  0.000000e+00  0.000000e+00  3.325280e-01  0.000000e+00  0.000000e+00
-1.257715  0.000000e+00  0.000000e+00  0.000000e+00  3.336323e-01  0.000000e+00  0.000000e+00
-1.255414  0.000000e+00  0.000000e+00  0.000000e+00  3.347381e-01  0.000000e+00  0.000000e+00
-1.253113  0.000000e+00  0.000000e+00  0.000000e+00  3.358453e-01  0.000000e+00  0.000000e+00
-1.250812  0.000000e+00  0.000000e+00  0.000000e+00  3.369537e-01  0.000000e+00  0.000000e+00
-1.248511  0.000000e+00  0.000000e+00  0.000000e+00  3.380631e-01  0.000000e+00  0.000000e+00
-1.246210  0.000000e+00  0.000000e+00  0.000000e+00  3.391734e-01  0.000000e+00  0.000000e+00
-1.243909  0.000000e+00  0.000000e+00  0.000000e+00  3.402844e-01  0.000000e+00  0.000000e+00
-1.241608  0.000000e+00  0.000000e+00  0.000000e+00  3.413958e-01  0.000000e+00  0.000000e+00
-1.239307  0.000000e+00  0.000000e+00  0.000000e+00  3.425076e-01  0.000000e+00  0.000000e+00
-1.237006  0.000000e+00  0.000000e+00  0.000000e+00  3.436195e-01  0.000000e+00  0.000000e+00
-1.234705  0.000000e+00  0.000000e+00  0.000000e+00  3.447313e-01  0.000000e+00  0.000000e+00
-1.232404  0.000000e+00  0.000000e+00  0.000000e+00  3.458429e-01  0.000000e+00  0.000000e+00
-1.230103  0.000000e+00  0.000000e+00  0.000000e+00  3.469540e-01  0.000000e+00  0.000000e+00
-1.227802  0.000000e+00  0.000000e+00  0.000000e+00  3.480644e-01  0.000000e+00  0.000000e+00
-1.225501  0.000000e+00  0.000000e+00  0.000000e+00  3.491740e-01  0.000000e+00  0.000000e+00
-1.223200  0.000000e+00  0.000000e+00  0.000000e+00  3.502826e-01  0.000000e+00  0.000000e+00
-1.220899  0.000000e+00  0.000000e+00  0.000000e+00  3.513899e-01  0.000000e+00  0.000000e+00
-1.218598  0.000000e+00  0.000000e+00  0.000000e+00  3.524960e-01  0.000000e+00  0.000000e+00
-1.216297  0.000000e+00  0.000000e+00  0.000000e+00  3.536012e-01  0.000000e+00  0.000000e+00
-1.213996  0.000000e+00  0.000000e+00  0.000000e+00  3.547055e-01  0.000000e+00  0.000000e+00
-1.211695  0.000000e+00  0.000000e+00  0.000000e+00  3.558093e-01  0.000000e+00  0.000000e+00
-1.209394  0.000000e+00  0.000000e+00  0.000000e+00  3.569125e-01  0.000000e+00  0.000000e+00
-1.207093  0.000000e+00  0.000000e+00  0.000000e+00  3.580156e-01  0.000000e+00  0.000000e+00
-1.204792  0.000000e+00  0.000000e+00  0.000000e+00  3.591186e-01  0.000000e+00  0.000000e+00
-1.202491  0.000000e+00  0.000000e+00  0.000000e+00  3.602217e-01  0.000000e+00  0.000000e+00
-1.200190  0.000000e+00  0.000000e+00  0.000000e+00  3.613252e-01  0.000000e+00  0.000000e+00
-1.197889  0.000000e+00  0.000000e+00  0.000000e+00  3.624292e-01  0.000000e+00  0.000000e+00
-1.195588  0.000000e+00  0.000000e+00  0.000000e+00  3.635340e-01  0.000000e+00  0.000000e+00
-1.193287  0.000000e+00  0.000000e+00  0.000000e+00  3.646397e-01  0.000000e+00  0.000000e+00
-1.190985  0.000000e+00  0.000000e+00  0.000000e+00  3.657465e-01  0.000000e+00  0.000000e+00
-1.188684  0.000000e+00  0.000000e+00  0.000000e+00  3.668547e-01  0.000000e+00  0.000000e+00
-1.186383  0.000000e+00  0.000000e+00  0.000000e+00  3.679644e-01  0.000000e+00  0.000000e+00
-1.184082  0.000000e+00  0.000000e+00  0.000000e+00  3.690759e-01  0.000000e+00  0.000000e+00
-1.181781  0.000000e+00  0.000000e+00  0.000000e+00  3.701893e-01  0.000000e+00  0.000000e+00
-1.179480  0.000000e+00  0.000000e+00  0.000000e+00  3.713050e-01  0.000000e+00  0.000000e+00
-1.177179  0.000000e+00  0.000000e+00  0.000000e+00  3.724230e-01  0.000000e+00  0.000000e+00
-1.174878  0.000000e+00  0.000000e+00  0.000000e+00  3.735436e-01  0.000000e+00  0.000000e+00
-1.172577  0.000000e+00  0.000000e+00  0.000000e+00  3.746670e-01  0.000000e+00  0.000000e+00
-1.170276  0.000000e+00  0.000000e+00  0.000000e+00  3.757930e-01  0.000000e+00  0.000000e+00
-1.167975  0.000000e+00  0.000000e+00  0.000000e+00  3.769210e-01  0.000000e+00  0.000000e+00
-1.165674  0.000000e+00  0.000000e+00  0.000000e+00  3.780508e-01  0.000000e+00  0.000000e+00
-1.163373  0.000000e+00  0.000000e+00  0.000000e+00  3.791820e-01  0.000000e+00  0.000000e+00
-1.161072  0.000000e+00  0.000000e+00  0.000000e+00  3.803140e-01  0.000000e+00  0.000000e+00
-1.158771  0.000000e+00  0.000000e+00  0.000000e+00  3.814466e-01  0.000000e+00  0.000000e+00
-1.156470  0.000000e+00  0.000000e+00  0.000000e+00  3.825793e-01  0.000000e+00  0.000000e+00
-1.154169  0.000000e+00  0.000000e+00  0.000000e+00  3.837117e-01  0.000000e+00  0.000000e+00
-1.151868  0.000000e+00  0.000000e+00  0.000000e+00  3.848434e-01  0.000000e+00  0.000000e+00
-1.149567  0.000000e+00  0.000000e+00  0.000000e+00  3.859739e-01  0.000000e+00  0.000000e+00
-1.147266  0.000000e+00  0.000000e+00  0.000000e+00  3.871028e-01  0.000000e+00  0.000000e+00
-1.144965  0.000000e+00  0.000000e+00  0.000000e+00  3.882297e-01  0.000000e+00  0.000000e+00
-1.142664  0.000000e+00  0.000000e+00  0.000000e+00  3.893541e-01  0.000000e+00  0.000000e+00
-1.140363  0.000000e+00  0.000000e+00  0.000000e+00  3.904755e-01  0.000000e+00  0.000000e+00
-1.138062  0.000000e+00  0.000000e+00  0.000000e+00  3.915936e-01  0.000000e+00  0.000000e+00
-1.135761  0.000000e+00  0.000000e+00  0.000000e+00  3.927079e-01  0.000000e+00  0.000000e+00
-1.133460  0.000000e+00  0.000000e+00  0.000000e+00  3.938179e-01  0.000000e+00  0.000000e+00
-1.131159  0.000000e+00  0.000000e+00  0.000000e+00  3.949231e-01  0.000000e+00  0.000000e+00
-1.128858  0.000000e+00  0.000000e+00  0.000000e+00  3.960230e-01  0.000000e+00  0.000000e+00
-1.126557  0.000000e+00  0.000000e+00  0.000000e+00  3.971172e-01  0.000000e+00  0.000000e+00
-1.124256  0.000000e+00  0.000000e+00  0.000000e+00  3.982055e-01  0.000000e+00  0.000000e+00
-1.121955  0.000000e+00  0.000000e+00  0.000000e+00  3.992879e-01  0.000000e+00  0.000000e+00
-1.119654  0.000000e+00  0.000000e+00  0.000000e+00  4.003647e-01  0.000000e+00  0.000000e+00
-1.117353  0.000000e+00  0.000000e+00  0.000000e+00  4.014360e-01  0.000000e+00  0.000000e+00
-1.115051  0.000000e+00  0.000000e+00  0.000000e+00  4.025019e-01  0.000000e+00  0.000000e+00
-1.112750  0.000000e+00  0.000000e+00  0.000000e+00  4.035628e-01  0.000000e+00  0.000000e+00
-1.110449  0.000000e+00  0.000000e+00  0.000000e+00  4.046187e-01  0.000000e+00  0.000000e+00
-1.108148  0.000000e+00  0.000000e+00  0.000000e+00  4.056698e-01  0.000000e+00  0.000000e+00
-1.105847  0.000000e+00  0.000000e+00  0.000000e+00  4.067164e-01  0.000000e+00  0.000000e+00
-1.103546  0.000000e+00  0.000000e+00  0.000000e+00  4.077586e-01  0.000000e+00  0.000000e+00
-1.101245  0.000000e+00  0.000000e+00  0.000000e+00  4.087965e-01  0.000000e+00  0.000000e+00
-1.098944  0.000000e+00  0.000000e+00  0.000000e+00  4.098305e-01  0.000000e+00  0.000000e+00
-1.096643  0.000000e+00  0.000000e+00  0.000000e+00  4.108606e-01  0.000000e+00  0.000000e+00
-1.094342  0.000000e+00  0.000000e+00  0.000000e+00  4.118871e-01  0.000000e+00  0.000000e+00
-1.092041  0.000000e+00  0.000000e+00  0.000000e+00  4.129101e-01  0.000000e+00  0.000000e+00
-1.089740  0.000000e+00  0.000000e+00  0.000000e+00  4.139299e-01  0.000000e+00  0.000000e+00
-1.087439  0.000000e+00  0.000000e+00  0.000000e+00  4.149467e-01  0.000000e+00  0.000000e+00
-1.085138  0.000000e+00  0.000000e+00  0.000000e+00  4.159606e-01  0.000000e+00  0.000000e+00
-1.082837  0.000000e+00  0.000000e+00  0.000000e+00  4.169718e-01  0.000000e+00  0.000000e+00
-1.080536  0.000000e+00  0.000000e+00  0.000000e+00  4.179806e-01  0.000000e+00  0.000000e+00
-1.078235  0.000000e+00  0.000000e+00  0.000000e+00  4.189871e-01  0.000000e+00  0.000000e+00
-1.075934  0.000000e+00  0.000000e+00  0.000000e+00  4.199911e-01  0.000000e+00  0.000000e+00
-1.073633  0.000000e+00  0.000000e+00  0.000000e+00  4.209922e-01  0.000000e+00  0.000000e+00
-1.071332  0.000000e+00  0.000000e+00  0.000000e+00  4.219900e-01  0.000000e+00  0.000000e+00
-1.069031  0.000000e+00  0.000000e+00  0.000000e+00  4.229841e-01  0.000000e+00  0.000000e+00
-1.066730  0.000000e+00  0.000000e+00  0.000000e+00  4.239741e-01  0.000000e+00  0.000000e+00
-1.064429  0.000000e+00  0.000000e+00  0.000000e+00  4.249594e-01  0.000000e+00  0.000000e+00
-1.062128  0.000000e+00  0.000000e+00  0.000000e+00  4.259397e-01  0.000000e+00  0.000000e+00
-1.059827  0.000000e+00  0.000000e+00  0.000000e+00  4.269146e-01  0.000000e+00  0.000000e+00
-1.057526  0.000000e+00  0.000000e+00  0.000000e+00  4.278835e-01  0.000000e+00  0.000000e+00
-1.055225  0.000000e+00  0.000000e+00  0.000000e+00  4.288461e-01  0.000000e+00  0.000000e+00
-1.052924  0.000000e+00  0.000000e+00  0.000000e+00  4.298019e-01  0.000000e+00  0.000000e+00
-1.050623  0.000000e+00  0.000000e+00  0.000000e+00  4.307504e-01  0.000000e+00  0.000000e+00
-1.048322  0.000000e+00  0.000000e+00  0.000000e+00  4.316911e-01  0.000000e+00  0.000000e+00
-1.046021  0.000000e+00  0.000000e+00  0.000000e+00  4.326236e-01  0.000000e+00  0.000000e+00
-1.043720  0.000000e+00  0.000000e+00  0.000000e+00  4.335474e-01  0.000000e+00  0.000000e+00
-1.041419  0.000000e+00  0.000000e+00  0.000000e+00  4.344621e-01  0.000000e+00  0.000000e+00
-1.039118  0.000000e+00  0.000000e+00  0.000000e+00  4.353670e-01  0.000000e+00  0.000000e+00
-1.036816  0.000000e+00  0.000000e+00  0.000000e+00  4.362618e-01  0.000000e+00  0.000000e+00
-1.034515  0.000000e+00  0.000000e+00  0.000000e+00  4.371459e-01  0.000000e+00  0.000000e+00
-1.032214  0.000000e+00  0.000000e+00  0.000000e+00  4.380188e-01  0.000000e+00  0.000000e+00
-1.029913  0.000000e+00  0.000000e+00  0.000000e+00  4.388802e-01  0.000000e+00  0.000000e+00
-1.027612  0.000000e+00  0.000000e+00  0.000000e+00  4.397303e-01  0.000000e+00  0.000000e+00
-1.025311  0.000000e+00  0.000000e+00  0.000000e+00  4.405697e-01  0.000000e+00  0.000000e+00
-1.023010  0.000000e+00  0.000000e+00  0.000000e+00  4.413989e-01  0.000000e+00  0.000000e+00
-1.020709  0.000000e+00  0.000000e+00  0.000000e+00  4.422186e-01  0.000000e+00  0.000000e+00
-1.018408  0.000000e+00  0.000000e+00  0.000000e+00  4.430292e-01  0.000000e+00  0.000000e+00
-1.016107  0.000000e+00  0.000000e+00  0.000000e+00  4.438314e-01  0.000000e+00  0.000000e+00
-1.013806  0.000000e+00  0.000000e+00  0.000000e+00  4.446257e-01  0.000000e+00  0.000000e+00
-1.011505  0.000000e+00  0.000000e+00  0.000000e+00  4.454127e-01  0.000000e+00  0.000000e+00
-1.009204  0.000000e+00  0.000000e+00  0.000000e+00  4.461930e-01  0.000000e+00  0.000000e+00
-1.006903  0.000000e+00  0.000000e+00  0.000000e+00  4.469671e-01  0.000000e+00  0.000000e+00
-1.004602  0.000000e+00  0.000000e+00  0.000000e+00  4.477357e-01  0.000000e+00  0.000000e+00
-1.002301  0.000000e+00  0.000000e+00  0.000000e+00  4.484995e-01  0.000000e+00  0.000000e+00
-1.000000  0.000000e+00  0.000000e+00  0.000000e+00  4.492589e-01  0.000000e+00  0.000000e+00
