# # IBD cross section (10^-38 cm^2/GeV) #   From Strumia & Vissani astro-ph/0302055v2 doi:10.1016/S0370-2693(03)00616-6 #
# log(energy in GeV)  nu_e      nu_mu      nu_tau      nu_e_bar      nu_mu_bar    nu_tau_bar #

-3.301030  0.000000e+00  0.000000e+00  0.000000e+00  0.000000e+00  0.000000e+00  0.000000e+00
-3.298428  0.000000e+00  0.000000e+00  0.000000e+00  0.000000e+00  0.000000e+00  0.000000e+00
-3.295826  0.000000e+00  0.000000e+00  0.000000e+00  0.000000e+00  0.000000e+00  0.000000e+00
-3.293224  0.000000e+00  0.000000e+00  0.000000e+00  0.000000e+00  0.000000e+00  0.000000e+00
-3.290622  0.000000e+00  0.000000e+00  0.000000e+00  0.000000e+00  0.000000e+00  0.000000e+00
-3.288020  0.000000e+00  0.000000e+00  0.000000e+00  0.000000e+00  0.000000e+00  0.000000e+00
-3.285418  0.000000e+00  0.000000e+00  0.000000e+00  0.000000e+00  0.000000e+00  0.000000e+00
-3.282816  0.000000e+00  0.000000e+00  0.000000e+00  0.000000e+00  0.000000e+00  0.000000e+00
-3.280214  0.000000e+00  0.000000e+00  0.000000e+00  0.000000e+00  0.000000e+00  0.000000e+00
-3.277611  0.000000e+00  0.000000e+00  0.000000e+00  0.000000e+00  0.000000e+00  0.000000e+00
-3.275009  0.000000e+00  0.000000e+00  0.000000e+00  0.000000e+00  0.000000e+00  0.000000e+00
-3.272407  0.000000e+00  0.000000e+00  0.000000e+00  0.000000e+00  0.000000e+00  0.000000e+00
-3.269805  0.000000e+00  0.000000e+00  0.000000e+00  0.000000e+00  0.000000e+00  0.000000e+00
-3.267203  0.000000e+00  0.000000e+00  0.000000e+00  0.000000e+00  0.000000e+00  0.000000e+00
-3.264601  0.000000e+00  0.000000e+00  0.000000e+00  0.000000e+00  0.000000e+00  0.000000e+00
-3.261999  0.000000e+00  0.000000e+00  0.000000e+00  0.000000e+00  0.000000e+00  0.000000e+00
-3.259397  0.000000e+00  0.000000e+00  0.000000e+00  0.000000e+00  0.000000e+00  0.000000e+00
-3.256795  0.000000e+00  0.000000e+00  0.000000e+00  0.000000e+00  0.000000e+00  0.000000e+00
-3.254193  0.000000e+00  0.000000e+00  0.000000e+00  0.000000e+00  0.000000e+00  0.000000e+00
-3.251591  0.000000e+00  0.000000e+00  0.000000e+00  0.000000e+00  0.000000e+00  0.000000e+00
-3.248989  0.000000e+00  0.000000e+00  0.000000e+00  0.000000e+00  0.000000e+00  0.000000e+00
-3.246387  0.000000e+00  0.000000e+00  0.000000e+00  0.000000e+00  0.000000e+00  0.000000e+00
-3.243785  0.000000e+00  0.000000e+00  0.000000e+00  0.000000e+00  0.000000e+00  0.000000e+00
-3.241183  0.000000e+00  0.000000e+00  0.000000e+00  0.000000e+00  0.000000e+00  0.000000e+00
-3.238581  0.000000e+00  0.000000e+00  0.000000e+00  0.000000e+00  0.000000e+00  0.000000e+00
-3.235978  0.000000e+00  0.000000e+00  0.000000e+00  0.000000e+00  0.000000e+00  0.000000e+00
-3.233376  0.000000e+00  0.000000e+00  0.000000e+00  0.000000e+00  0.000000e+00  0.000000e+00
-3.230774  0.000000e+00  0.000000e+00  0.000000e+00  0.000000e+00  0.000000e+00  0.000000e+00
-3.228172  0.000000e+00  0.000000e+00  0.000000e+00  0.000000e+00  0.000000e+00  0.000000e+00
-3.225570  0.000000e+00  0.000000e+00  0.000000e+00  0.000000e+00  0.000000e+00  0.000000e+00
-3.222968  0.000000e+00  0.000000e+00  0.000000e+00  0.000000e+00  0.000000e+00  0.000000e+00
-3.220366  0.000000e+00  0.000000e+00  0.000000e+00  0.000000e+00  0.000000e+00  0.000000e+00
-3.217764  0.000000e+00  0.000000e+00  0.000000e+00  0.000000e+00  0.000000e+00  0.000000e+00
-3.215162  0.000000e+00  0.000000e+00  0.000000e+00  0.000000e+00  0.000000e+00  0.000000e+00
-3.212560  0.000000e+00  0.000000e+00  0.000000e+00  0.000000e+00  0.000000e+00  0.000000e+00
-3.209958  0.000000e+00  0.000000e+00  0.000000e+00  0.000000e+00  0.000000e+00  0.000000e+00
-3.207356  0.000000e+00  0.000000e+00  0.000000e+00  0.000000e+00  0.000000e+00  0.000000e+00
-3.204754  0.000000e+00  0.000000e+00  0.000000e+00  0.000000e+00  0.000000e+00  0.000000e+00
-3.202152  0.000000e+00  0.000000e+00  0.000000e+00  0.000000e+00  0.000000e+00  0.000000e+00
-3.199550  0.000000e+00  0.000000e+00  0.000000e+00  0.000000e+00  0.000000e+00  0.000000e+00
-3.196948  0.000000e+00  0.000000e+00  0.000000e+00  0.000000e+00  0.000000e+00  0.000000e+00
-3.194346  0.000000e+00  0.000000e+00  0.000000e+00  0.000000e+00  0.000000e+00  0.000000e+00
-3.191743  0.000000e+00  0.000000e+00  0.000000e+00  0.000000e+00  0.000000e+00  0.000000e+00
-3.189141  0.000000e+00  0.000000e+00  0.000000e+00  0.000000e+00  0.000000e+00  0.000000e+00
-3.186539  0.000000e+00  0.000000e+00  0.000000e+00  0.000000e+00  0.000000e+00  0.000000e+00
-3.183937  0.000000e+00  0.000000e+00  0.000000e+00  0.000000e+00  0.000000e+00  0.000000e+00
-3.181335  0.000000e+00  0.000000e+00  0.000000e+00  0.000000e+00  0.000000e+00  0.000000e+00
-3.178733  0.000000e+00  0.000000e+00  0.000000e+00  0.000000e+00  0.000000e+00  0.000000e+00
-3.176131  0.000000e+00  0.000000e+00  0.000000e+00  0.000000e+00  0.000000e+00  0.000000e+00
-3.173529  0.000000e+00  0.000000e+00  0.000000e+00  0.000000e+00  0.000000e+00  0.000000e+00
-3.170927  0.000000e+00  0.000000e+00  0.000000e+00  0.000000e+00  0.000000e+00  0.000000e+00
-3.168325  0.000000e+00  0.000000e+00  0.000000e+00  0.000000e+00  0.000000e+00  0.000000e+00
-3.165723  0.000000e+00  0.000000e+00  0.000000e+00  0.000000e+00  0.000000e+00  0.000000e+00
-3.163121  0.000000e+00  0.000000e+00  0.000000e+00  0.000000e+00  0.000000e+00  0.000000e+00
-3.160519  0.000000e+00  0.000000e+00  0.000000e+00  0.000000e+00  0.000000e+00  0.000000e+00
-3.157917  0.000000e+00  0.000000e+00  0.000000e+00  0.000000e+00  0.000000e+00  0.000000e+00
-3.155315  0.000000e+00  0.000000e+00  0.000000e+00  0.000000e+00  0.000000e+00  0.000000e+00
-3.152713  0.000000e+00  0.000000e+00  0.000000e+00  0.000000e+00  0.000000e+00  0.000000e+00
-3.150111  0.000000e+00  0.000000e+00  0.000000e+00  0.000000e+00  0.000000e+00  0.000000e+00
-3.147508  0.000000e+00  0.000000e+00  0.000000e+00  0.000000e+00  0.000000e+00  0.000000e+00
-3.144906  0.000000e+00  0.000000e+00  0.000000e+00  0.000000e+00  0.000000e+00  0.000000e+00
-3.142304  0.000000e+00  0.000000e+00  0.000000e+00  0.000000e+00  0.000000e+00  0.000000e+00
-3.139702  0.000000e+00  0.000000e+00  0.000000e+00  0.000000e+00  0.000000e+00  0.000000e+00
-3.137100  0.000000e+00  0.000000e+00  0.000000e+00  0.000000e+00  0.000000e+00  0.000000e+00
-3.134498  0.000000e+00  0.000000e+00  0.000000e+00  0.000000e+00  0.000000e+00  0.000000e+00
-3.131896  0.000000e+00  0.000000e+00  0.000000e+00  0.000000e+00  0.000000e+00  0.000000e+00
-3.129294  0.000000e+00  0.000000e+00  0.000000e+00  0.000000e+00  0.000000e+00  0.000000e+00
-3.126692  0.000000e+00  0.000000e+00  0.000000e+00  0.000000e+00  0.000000e+00  0.000000e+00
-3.124090  0.000000e+00  0.000000e+00  0.000000e+00  0.000000e+00  0.000000e+00  0.000000e+00
-3.121488  0.000000e+00  0.000000e+00  0.000000e+00  0.000000e+00  0.000000e+00  0.000000e+00
-3.118886  0.000000e+00  0.000000e+00  0.000000e+00  0.000000e+00  0.000000e+00  0.000000e+00
-3.116284  0.000000e+00  0.000000e+00  0.000000e+00  0.000000e+00  0.000000e+00  0.000000e+00
-3.113682  0.000000e+00  0.000000e+00  0.000000e+00  0.000000e+00  0.000000e+00  0.000000e+00
-3.111080  0.000000e+00  0.000000e+00  0.000000e+00  0.000000e+00  0.000000e+00  0.000000e+00
-3.108478  0.000000e+00  0.000000e+00  0.000000e+00  0.000000e+00  0.000000e+00  0.000000e+00
-3.105875  0.000000e+00  0.000000e+00  0.000000e+00  0.000000e+00  0.000000e+00  0.000000e+00
-3.103273  0.000000e+00  0.000000e+00  0.000000e+00  0.000000e+00  0.000000e+00  0.000000e+00
-3.100671  0.000000e+00  0.000000e+00  0.000000e+00  0.000000e+00  0.000000e+00  0.000000e+00
-3.098069  0.000000e+00  0.000000e+00  0.000000e+00  0.000000e+00  0.000000e+00  0.000000e+00
-3.095467  0.000000e+00  0.000000e+00  0.000000e+00  0.000000e+00  0.000000e+00  0.000000e+00
-3.092865  0.000000e+00  0.000000e+00  0.000000e+00  0.000000e+00  0.000000e+00  0.000000e+00
-3.090263  0.000000e+00  0.000000e+00  0.000000e+00  0.000000e+00  0.000000e+00  0.000000e+00
-3.087661  0.000000e+00  0.000000e+00  0.000000e+00  0.000000e+00  0.000000e+00  0.000000e+00
-3.085059  0.000000e+00  0.000000e+00  0.000000e+00  0.000000e+00  0.000000e+00  0.000000e+00
-3.082457  0.000000e+00  0.000000e+00  0.000000e+00  0.000000e+00  0.000000e+00  0.000000e+00
-3.079855  0.000000e+00  0.000000e+00  0.000000e+00  0.000000e+00  0.000000e+00  0.000000e+00
-3.077253  0.000000e+00  0.000000e+00  0.000000e+00  0.000000e+00  0.000000e+00  0.000000e+00
-3.074651  0.000000e+00  0.000000e+00  0.000000e+00  0.000000e+00  0.000000e+00  0.000000e+00
-3.072049  0.000000e+00  0.000000e+00  0.000000e+00  0.000000e+00  0.000000e+00  0.000000e+00
-3.069447  0.000000e+00  0.000000e+00  0.000000e+00  0.000000e+00  0.000000e+00  0.000000e+00
-3.066845  0.000000e+00  0.000000e+00  0.000000e+00  0.000000e+00  0.000000e+00  0.000000e+00
-3.064243  0.000000e+00  0.000000e+00  0.000000e+00  0.000000e+00  0.000000e+00  0.000000e+00
-3.061640  0.000000e+00  0.000000e+00  0.000000e+00  0.000000e+00  0.000000e+00  0.000000e+00
-3.059038  0.000000e+00  0.000000e+00  0.000000e+00  0.000000e+00  0.000000e+00  0.000000e+00
-3.056436  0.000000e+00  0.000000e+00  0.000000e+00  0.000000e+00  0.000000e+00  0.000000e+00
-3.053834  0.000000e+00  0.000000e+00  0.000000e+00  0.000000e+00  0.000000e+00  0.000000e+00
-3.051232  0.000000e+00  0.000000e+00  0.000000e+00  0.000000e+00  0.000000e+00  0.000000e+00
-3.048630  0.000000e+00  0.000000e+00  0.000000e+00  0.000000e+00  0.000000e+00  0.000000e+00
-3.046028  0.000000e+00  0.000000e+00  0.000000e+00  0.000000e+00  0.000000e+00  0.000000e+00
-3.043426  0.000000e+00  0.000000e+00  0.000000e+00  0.000000e+00  0.000000e+00  0.000000e+00
-3.040824  0.000000e+00  0.000000e+00  0.000000e+00  0.000000e+00  0.000000e+00  0.000000e+00
-3.038222  0.000000e+00  0.000000e+00  0.000000e+00  0.000000e+00  0.000000e+00  0.000000e+00
-3.035620  0.000000e+00  0.000000e+00  0.000000e+00  0.000000e+00  0.000000e+00  0.000000e+00
-3.033018  0.000000e+00  0.000000e+00  0.000000e+00  0.000000e+00  0.000000e+00  0.000000e+00
-3.030416  0.000000e+00  0.000000e+00  0.000000e+00  0.000000e+00  0.000000e+00  0.000000e+00
-3.027814  0.000000e+00  0.000000e+00  0.000000e+00  0.000000e+00  0.000000e+00  0.000000e+00
-3.025212  0.000000e+00  0.000000e+00  0.000000e+00  0.000000e+00  0.000000e+00  0.000000e+00
-3.022610  0.000000e+00  0.000000e+00  0.000000e+00  0.000000e+00  0.000000e+00  0.000000e+00
-3.020008  0.000000e+00  0.000000e+00  0.000000e+00  0.000000e+00  0.000000e+00  0.000000e+00
-3.017405  0.000000e+00  0.000000e+00  0.000000e+00  0.000000e+00  0.000000e+00  0.000000e+00
-3.014803  0.000000e+00  0.000000e+00  0.000000e+00  0.000000e+00  0.000000e+00  0.000000e+00
-3.012201  0.000000e+00  0.000000e+00  0.000000e+00  0.000000e+00  0.000000e+00  0.000000e+00
-3.009599  0.000000e+00  0.000000e+00  0.000000e+00  0.000000e+00  0.000000e+00  0.000000e+00
-3.006997  0.000000e+00  0.000000e+00  0.000000e+00  0.000000e+00  0.000000e+00  0.000000e+00
-3.004395  0.000000e+00  0.000000e+00  0.000000e+00  0.000000e+00  0.000000e+00  0.000000e+00
-3.001793  0.000000e+00  0.000000e+00  0.000000e+00  0.000000e+00  0.000000e+00  0.000000e+00
-2.999191  0.000000e+00  0.000000e+00  0.000000e+00  0.000000e+00  0.000000e+00  0.000000e+00
-2.996589  0.000000e+00  0.000000e+00  0.000000e+00  0.000000e+00  0.000000e+00  0.000000e+00
-2.993987  0.000000e+00  0.000000e+00  0.000000e+00  0.000000e+00  0.000000e+00  0.000000e+00
-2.991385  0.000000e+00  0.000000e+00  0.000000e+00  0.000000e+00  0.000000e+00  0.000000e+00
-2.988783  0.000000e+00  0.000000e+00  0.000000e+00  0.000000e+00  0.000000e+00  0.000000e+00
-2.986181  0.000000e+00  0.000000e+00  0.000000e+00  0.000000e+00  0.000000e+00  0.000000e+00
-2.983579  0.000000e+00  0.000000e+00  0.000000e+00  0.000000e+00  0.000000e+00  0.000000e+00
-2.980977  0.000000e+00  0.000000e+00  0.000000e+00  0.000000e+00  0.000000e+00  0.000000e+00
-2.978375  0.000000e+00  0.000000e+00  0.000000e+00  0.000000e+00  0.000000e+00  0.000000e+00
-2.975772  0.000000e+00  0.000000e+00  0.000000e+00  0.000000e+00  0.000000e+00  0.000000e+00
-2.973170  0.000000e+00  0.000000e+00  0.000000e+00  0.000000e+00  0.000000e+00  0.000000e+00
-2.970568  0.000000e+00  0.000000e+00  0.000000e+00  0.000000e+00  0.000000e+00  0.000000e+00
-2.967966  0.000000e+00  0.000000e+00  0.000000e+00  0.000000e+00  0.000000e+00  0.000000e+00
-2.965364  0.000000e+00  0.000000e+00  0.000000e+00  0.000000e+00  0.000000e+00  0.000000e+00
-2.962762  0.000000e+00  0.000000e+00  0.000000e+00  0.000000e+00  0.000000e+00  0.000000e+00
-2.960160  0.000000e+00  0.000000e+00  0.000000e+00  0.000000e+00  0.000000e+00  0.000000e+00
-2.957558  0.000000e+00  0.000000e+00  0.000000e+00  0.000000e+00  0.000000e+00  0.000000e+00
-2.954956  0.000000e+00  0.000000e+00  0.000000e+00  0.000000e+00  0.000000e+00  0.000000e+00
-2.952354  0.000000e+00  0.000000e+00  0.000000e+00  0.000000e+00  0.000000e+00  0.000000e+00
-2.949752  0.000000e+00  0.000000e+00  0.000000e+00  0.000000e+00  0.000000e+00  0.000000e+00
-2.947150  0.000000e+00  0.000000e+00  0.000000e+00  0.000000e+00  0.000000e+00  0.000000e+00
-2.944548  0.000000e+00  0.000000e+00  0.000000e+00  0.000000e+00  0.000000e+00  0.000000e+00
-2.941946  0.000000e+00  0.000000e+00  0.000000e+00  0.000000e+00  0.000000e+00  0.000000e+00
-2.939344  0.000000e+00  0.000000e+00  0.000000e+00  0.000000e+00  0.000000e+00  0.000000e+00
-2.936742  0.000000e+00  0.000000e+00  0.000000e+00  0.000000e+00  0.000000e+00  0.000000e+00
-2.934140  0.000000e+00  0.000000e+00  0.000000e+00  0.000000e+00  0.000000e+00  0.000000e+00
-2.931537  0.000000e+00  0.000000e+00  0.000000e+00  0.000000e+00  0.000000e+00  0.000000e+00
-2.928935  0.000000e+00  0.000000e+00  0.000000e+00  0.000000e+00  0.000000e+00  0.000000e+00
-2.926333  0.000000e+00  0.000000e+00  0.000000e+00  0.000000e+00  0.000000e+00  0.000000e+00
-2.923731  0.000000e+00  0.000000e+00  0.000000e+00  0.000000e+00  0.000000e+00  0.000000e+00
-2.921129  0.000000e+00  0.000000e+00  0.000000e+00  0.000000e+00  0.000000e+00  0.000000e+00
-2.918527  0.000000e+00  0.000000e+00  0.000000e+00  0.000000e+00  0.000000e+00  0.000000e+00
-2.915925  0.000000e+00  0.000000e+00  0.000000e+00  0.000000e+00  0.000000e+00  0.000000e+00
-2.913323  0.000000e+00  0.000000e+00  0.000000e+00  0.000000e+00  0.000000e+00  0.000000e+00
-2.910721  0.000000e+00  0.000000e+00  0.000000e+00  0.000000e+00  0.000000e+00  0.000000e+00
-2.908119  0.000000e+00  0.000000e+00  0.000000e+00  0.000000e+00  0.000000e+00  0.000000e+00
-2.905517  0.000000e+00  0.000000e+00  0.000000e+00  0.000000e+00  0.000000e+00  0.000000e+00
-2.902915  0.000000e+00  0.000000e+00  0.000000e+00  0.000000e+00  0.000000e+00  0.000000e+00
-2.900313  0.000000e+00  0.000000e+00  0.000000e+00  0.000000e+00  0.000000e+00  0.000000e+00
-2.897711  0.000000e+00  0.000000e+00  0.000000e+00  0.000000e+00  0.000000e+00  0.000000e+00
-2.895109  0.000000e+00  0.000000e+00  0.000000e+00  0.000000e+00  0.000000e+00  0.000000e+00
-2.892507  0.000000e+00  0.000000e+00  0.000000e+00  0.000000e+00  0.000000e+00  0.000000e+00
-2.889905  0.000000e+00  0.000000e+00  0.000000e+00  0.000000e+00  0.000000e+00  0.000000e+00
-2.887302  0.000000e+00  0.000000e+00  0.000000e+00  0.000000e+00  0.000000e+00  0.000000e+00
-2.884700  0.000000e+00  0.000000e+00  0.000000e+00  0.000000e+00  0.000000e+00  0.000000e+00
-2.882098  0.000000e+00  0.000000e+00  0.000000e+00  0.000000e+00  0.000000e+00  0.000000e+00
-2.879496  0.000000e+00  0.000000e+00  0.000000e+00  0.000000e+00  0.000000e+00  0.000000e+00
-2.876894  0.000000e+00  0.000000e+00  0.000000e+00  0.000000e+00  0.000000e+00  0.000000e+00
-2.874292  0.000000e+00  0.000000e+00  0.000000e+00  0.000000e+00  0.000000e+00  0.000000e+00
-2.871690  0.000000e+00  0.000000e+00  0.000000e+00  0.000000e+00  0.000000e+00  0.000000e+00
-2.869088  0.000000e+00  0.000000e+00  0.000000e+00  0.000000e+00  0.000000e+00  0.000000e+00
-2.866486  0.000000e+00  0.000000e+00  0.000000e+00  0.000000e+00  0.000000e+00  0.000000e+00
-2.863884  0.000000e+00  0.000000e+00  0.000000e+00  0.000000e+00  0.000000e+00  0.000000e+00
-2.861282  0.000000e+00  0.000000e+00  0.000000e+00  0.000000e+00  0.000000e+00  0.000000e+00
-2.858680  0.000000e+00  0.000000e+00  0.000000e+00  0.000000e+00  0.000000e+00  0.000000e+00
-2.856078  0.000000e+00  0.000000e+00  0.000000e+00  0.000000e+00  0.000000e+00  0.000000e+00
-2.853476  0.000000e+00  0.000000e+00  0.000000e+00  0.000000e+00  0.000000e+00  0.000000e+00
-2.850874  0.000000e+00  0.000000e+00  0.000000e+00  0.000000e+00  0.000000e+00  0.000000e+00
-2.848272  0.000000e+00  0.000000e+00  0.000000e+00  0.000000e+00  0.000000e+00  0.000000e+00
-2.845669  0.000000e+00  0.000000e+00  0.000000e+00  0.000000e+00  0.000000e+00  0.000000e+00
-2.843067  0.000000e+00  0.000000e+00  0.000000e+00  0.000000e+00  0.000000e+00  0.000000e+00
-2.840465  0.000000e+00  0.000000e+00  0.000000e+00  0.000000e+00  0.000000e+00  0.000000e+00
-2.837863  0.000000e+00  0.000000e+00  0.000000e+00  0.000000e+00  0.000000e+00  0.000000e+00
-2.835261  0.000000e+00  0.000000e+00  0.000000e+00  0.000000e+00  0.000000e+00  0.000000e+00
-2.832659  0.000000e+00  0.000000e+00  0.000000e+00  0.000000e+00  0.000000e+00  0.000000e+00
-2.830057  0.000000e+00  0.000000e+00  0.000000e+00  0.000000e+00  0.000000e+00  0.000000e+00
-2.827455  0.000000e+00  0.000000e+00  0.000000e+00  0.000000e+00  0.000000e+00  0.000000e+00
-2.824853  0.000000e+00  0.000000e+00  0.000000e+00  0.000000e+00  0.000000e+00  0.000000e+00
-2.822251  0.000000e+00  0.000000e+00  0.000000e+00  0.000000e+00  0.000000e+00  0.000000e+00
-2.819649  0.000000e+00  0.000000e+00  0.000000e+00  0.000000e+00  0.000000e+00  0.000000e+00
-2.817047  0.000000e+00  0.000000e+00  0.000000e+00  0.000000e+00  0.000000e+00  0.000000e+00
-2.814445  0.000000e+00  0.000000e+00  0.000000e+00  0.000000e+00  0.000000e+00  0.000000e+00
-2.811843  0.000000e+00  0.000000e+00  0.000000e+00  0.000000e+00  0.000000e+00  0.000000e+00
-2.809241  0.000000e+00  0.000000e+00  0.000000e+00  0.000000e+00  0.000000e+00  0.000000e+00
-2.806639  0.000000e+00  0.000000e+00  0.000000e+00  0.000000e+00  0.000000e+00  0.000000e+00
-2.804037  0.000000e+00  0.000000e+00  0.000000e+00  0.000000e+00  0.000000e+00  0.000000e+00
-2.801434  0.000000e+00  0.000000e+00  0.000000e+00  0.000000e+00  0.000000e+00  0.000000e+00
-2.798832  0.000000e+00  0.000000e+00  0.000000e+00  0.000000e+00  0.000000e+00  0.000000e+00
-2.796230  0.000000e+00  0.000000e+00  0.000000e+00  0.000000e+00  0.000000e+00  0.000000e+00
-2.793628  0.000000e+00  0.000000e+00  0.000000e+00  0.000000e+00  0.000000e+00  0.000000e+00
-2.791026  0.000000e+00  0.000000e+00  0.000000e+00  0.000000e+00  0.000000e+00  0.000000e+00
-2.788424  0.000000e+00  0.000000e+00  0.000000e+00  0.000000e+00  0.000000e+00  0.000000e+00
-2.785822  0.000000e+00  0.000000e+00  0.000000e+00  0.000000e+00  0.000000e+00  0.000000e+00
-2.783220  0.000000e+00  0.000000e+00  0.000000e+00  0.000000e+00  0.000000e+00  0.000000e+00
-2.780618  0.000000e+00  0.000000e+00  0.000000e+00  0.000000e+00  0.000000e+00  0.000000e+00
-2.778016  0.000000e+00  0.000000e+00  0.000000e+00  0.000000e+00  0.000000e+00  0.000000e+00
-2.775414  0.000000e+00  0.000000e+00  0.000000e+00  0.000000e+00  0.000000e+00  0.000000e+00
-2.772812  0.000000e+00  0.000000e+00  0.000000e+00  0.000000e+00  0.000000e+00  0.000000e+00
-2.770210  0.000000e+00  0.000000e+00  0.000000e+00  0.000000e+00  0.000000e+00  0.000000e+00
-2.767608  0.000000e+00  0.000000e+00  0.000000e+00  0.000000e+00  0.000000e+00  0.000000e+00
-2.765006  0.000000e+00  0.000000e+00  0.000000e+00  0.000000e+00  0.000000e+00  0.000000e+00
-2.762404  0.000000e+00  0.000000e+00  0.000000e+00  0.000000e+00  0.000000e+00  0.000000e+00
-2.759802  0.000000e+00  0.000000e+00  0.000000e+00  0.000000e+00  0.000000e+00  0.000000e+00
-2.757199  0.000000e+00  0.000000e+00  0.000000e+00  0.000000e+00  0.000000e+00  0.000000e+00
-2.754597  0.000000e+00  0.000000e+00  0.000000e+00  0.000000e+00  0.000000e+00  0.000000e+00
-2.751995  0.000000e+00  0.000000e+00  0.000000e+00  0.000000e+00  0.000000e+00  0.000000e+00
-2.749393  0.000000e+00  0.000000e+00  0.000000e+00  0.000000e+00  0.000000e+00  0.000000e+00
-2.746791  0.000000e+00  0.000000e+00  0.000000e+00  0.000000e+00  0.000000e+00  0.000000e+00
-2.744189  0.000000e+00  0.000000e+00  0.000000e+00  0.000000e+00  0.000000e+00  0.000000e+00
-2.741587  0.000000e+00  0.000000e+00  0.000000e+00  7.646292e-05  0.000000e+00  0.000000e+00
-2.738985  0.000000e+00  0.000000e+00  0.000000e+00  1.914971e-04  0.000000e+00  0.000000e+00
-2.736383  0.000000e+00  0.000000e+00  0.000000e+00  3.037887e-04  0.000000e+00  0.000000e+00
-2.733781  0.000000e+00  0.000000e+00  0.000000e+00  4.134362e-04  0.000000e+00  0.000000e+00
-2.731179  0.000000e+00  0.000000e+00  0.000000e+00  5.205396e-04  0.000000e+00  0.000000e+00
-2.728577  0.000000e+00  0.000000e+00  0.000000e+00  6.251997e-04  0.000000e+00  0.000000e+00
-2.725975  0.000000e+00  0.000000e+00  0.000000e+00  7.275185e-04  0.000000e+00  0.000000e+00
-2.723373  0.000000e+00  0.000000e+00  0.000000e+00  8.275989e-04  0.000000e+00  0.000000e+00
-2.720771  0.000000e+00  0.000000e+00  0.000000e+00  9.255452e-04  0.000000e+00  0.000000e+00
-2.718169  0.000000e+00  0.000000e+00  0.000000e+00  1.021463e-03  0.000000e+00  0.000000e+00
-2.715566  0.000000e+00  0.000000e+00  0.000000e+00  1.115458e-03  0.000000e+00  0.000000e+00
-2.712964  0.000000e+00  0.000000e+00  0.000000e+00  1.207638e-03  0.000000e+00  0.000000e+00
-2.710362  0.000000e+00  0.000000e+00  0.000000e+00  1.298112e-03  0.000000e+00  0.000000e+00
-2.707760  0.000000e+00  0.000000e+00  0.000000e+00  1.386991e-03  0.000000e+00  0.000000e+00
-2.705158  0.000000e+00  0.000000e+00  0.000000e+00  1.474384e-03  0.000000e+00  0.000000e+00
-2.702556  0.000000e+00  0.000000e+00  0.000000e+00  1.560406e-03  0.000000e+00  0.000000e+00
-2.699954  0.000000e+00  0.000000e+00  0.000000e+00  1.645169e-03  0.000000e+00  0.000000e+00
-2.697352  0.000000e+00  0.000000e+00  0.000000e+00  1.728789e-03  0.000000e+00  0.000000e+00
-2.694750  0.000000e+00  0.000000e+00  0.000000e+00  1.811381e-03  0.000000e+00  0.000000e+00
-2.692148  0.000000e+00  0.000000e+00  0.000000e+00  1.893065e-03  0.000000e+00  0.000000e+00
-2.689546  0.000000e+00  0.000000e+00  0.000000e+00  1.973958e-03  0.000000e+00  0.000000e+00
-2.686944  0.000000e+00  0.000000e+00  0.000000e+00  2.054182e-03  0.000000e+00  0.000000e+00
-2.684342  0.000000e+00  0.000000e+00  0.000000e+00  2.133857e-03  0.000000e+00  0.000000e+00
-2.681740  0.000000e+00  0.000000e+00  0.000000e+00  2.213108e-03  0.000000e+00  0.000000e+00
-2.679138  0.000000e+00  0.000000e+00  0.000000e+00  2.292059e-03  0.000000e+00  0.000000e+00
-2.676536  0.000000e+00  0.000000e+00  0.000000e+00  2.370836e-03  0.000000e+00  0.000000e+00
-2.673934  0.000000e+00  0.000000e+00  0.000000e+00  2.449566e-03  0.000000e+00  0.000000e+00
-2.671331  0.000000e+00  0.000000e+00  0.000000e+00  2.528379e-03  0.000000e+00  0.000000e+00
-2.668729  0.000000e+00  0.000000e+00  0.000000e+00  2.607406e-03  0.000000e+00  0.000000e+00
-2.666127  0.000000e+00  0.000000e+00  0.000000e+00  2.686778e-03  0.000000e+00  0.000000e+00
-2.663525  0.000000e+00  0.000000e+00  0.000000e+00  2.766630e-03  0.000000e+00  0.000000e+00
-2.660923  0.000000e+00  0.000000e+00  0.000000e+00  2.847096e-03  0.000000e+00  0.000000e+00
-2.658321  0.000000e+00  0.000000e+00  0.000000e+00  2.928314e-03  0.000000e+00  0.000000e+00
-2.655719  0.000000e+00  0.000000e+00  0.000000e+00  3.010422e-03  0.000000e+00  0.000000e+00
-2.653117  0.000000e+00  0.000000e+00  0.000000e+00  3.093560e-03  0.000000e+00  0.000000e+00
-2.650515  0.000000e+00  0.000000e+00  0.000000e+00  3.177871e-03  0.000000e+00  0.000000e+00
-2.647913  0.000000e+00  0.000000e+00  0.000000e+00  3.263499e-03  0.000000e+00  0.000000e+00
-2.645311  0.000000e+00  0.000000e+00  0.000000e+00  3.350562e-03  0.000000e+00  0.000000e+00
-2.642709  0.000000e+00  0.000000e+00  0.000000e+00  3.439066e-03  0.000000e+00  0.000000e+00
-2.640107  0.000000e+00  0.000000e+00  0.000000e+00  3.528986e-03  0.000000e+00  0.000000e+00
-2.637505  0.000000e+00  0.000000e+00  0.000000e+00  3.620294e-03  0.000000e+00  0.000000e+00
-2.634903  0.000000e+00  0.000000e+00  0.000000e+00  3.712963e-03  0.000000e+00  0.000000e+00
-2.632301  0.000000e+00  0.000000e+00  0.000000e+00  3.806965e-03  0.000000e+00  0.000000e+00
-2.629699  0.000000e+00  0.000000e+00  0.000000e+00  3.902273e-03  0.000000e+00  0.000000e+00
-2.627096  0.000000e+00  0.000000e+00  0.000000e+00  3.998859e-03  0.000000e+00  0.000000e+00
-2.624494  0.000000e+00  0.000000e+00  0.000000e+00  4.096694e-03  0.000000e+00  0.000000e+00
-2.621892  0.000000e+00  0.000000e+00  0.000000e+00  4.195749e-03  0.000000e+00  0.000000e+00
-2.619290  0.000000e+00  0.000000e+00  0.000000e+00  4.295995e-03  0.000000e+00  0.000000e+00
-2.616688  0.000000e+00  0.000000e+00  0.000000e+00  4.397403e-03  0.000000e+00  0.000000e+00
-2.614086  0.000000e+00  0.000000e+00  0.000000e+00  4.499943e-03  0.000000e+00  0.000000e+00
-2.611484  0.000000e+00  0.000000e+00  0.000000e+00  4.603584e-03  0.000000e+00  0.000000e+00
-2.608882  0.000000e+00  0.000000e+00  0.000000e+00  4.708296e-03  0.000000e+00  0.000000e+00
-2.606280  0.000000e+00  0.000000e+00  0.000000e+00  4.814049e-03  0.000000e+00  0.000000e+00
-2.603678  0.000000e+00  0.000000e+00  0.000000e+00  4.920810e-03  0.000000e+00  0.000000e+00
-2.601076  0.000000e+00  0.000000e+00  0.000000e+00  5.028548e-03  0.000000e+00  0.000000e+00
-2.598474  0.000000e+00  0.000000e+00  0.000000e+00  5.137234e-03  0.000000e+00  0.000000e+00
-2.595872  0.000000e+00  0.000000e+00  0.000000e+00  5.246868e-03  0.000000e+00  0.000000e+00
-2.593270  0.000000e+00  0.000000e+00  0.000000e+00  5.357469e-03  0.000000e+00  0.000000e+00
-2.590668  0.000000e+00  0.000000e+00  0.000000e+00  5.469054e-03  0.000000e+00  0.000000e+00
-2.588066  0.000000e+00  0.000000e+00  0.000000e+00  5.581643e-03  0.000000e+00  0.000000e+00
-2.585463  0.000000e+00  0.000000e+00  0.000000e+00  5.695253e-03  0.000000e+00  0.000000e+00
-2.582861  0.000000e+00  0.000000e+00  0.000000e+00  5.809903e-03  0.000000e+00  0.000000e+00
-2.580259  0.000000e+00  0.000000e+00  0.000000e+00  5.925614e-03  0.000000e+00  0.000000e+00
-2.577657  0.000000e+00  0.000000e+00  0.000000e+00  6.042403e-03  0.000000e+00  0.000000e+00
-2.575055  0.000000e+00  0.000000e+00  0.000000e+00  6.160291e-03  0.000000e+00  0.000000e+00
-2.572453  0.000000e+00  0.000000e+00  0.000000e+00  6.279298e-03  0.000000e+00  0.000000e+00
-2.569851  0.000000e+00  0.000000e+00  0.000000e+00  6.399442e-03  0.000000e+00  0.000000e+00
-2.567249  0.000000e+00  0.000000e+00  0.000000e+00  6.520745e-03  0.000000e+00  0.000000e+00
-2.564647  0.000000e+00  0.000000e+00  0.000000e+00  6.643227e-03  0.000000e+00  0.000000e+00
-2.562045  0.000000e+00  0.000000e+00  0.000000e+00  6.766909e-03  0.000000e+00  0.000000e+00
-2.559443  0.000000e+00  0.000000e+00  0.000000e+00  6.891812e-03  0.000000e+00  0.000000e+00
-2.556841  0.000000e+00  0.000000e+00  0.000000e+00  7.017956e-03  0.000000e+00  0.000000e+00
-2.554239  0.000000e+00  0.000000e+00  0.000000e+00  7.145364e-03  0.000000e+00  0.000000e+00
-2.551637  0.000000e+00  0.000000e+00  0.000000e+00  7.274056e-03  0.000000e+00  0.000000e+00
-2.549035  0.000000e+00  0.000000e+00  0.000000e+00  7.404040e-03  0.000000e+00  0.000000e+00
-2.546433  0.000000e+00  0.000000e+00  0.000000e+00  7.535311e-03  0.000000e+00  0.000000e+00
-2.543831  0.000000e+00  0.000000e+00  0.000000e+00  7.667860e-03  0.000000e+00  0.000000e+00
-2.541228  0.000000e+00  0.000000e+00  0.000000e+00  7.801682e-03  0.000000e+00  0.000000e+00
-2.538626  0.000000e+00  0.000000e+00  0.000000e+00  7.936767e-03  0.000000e+00  0.000000e+00
-2.536024  0.000000e+00  0.000000e+00  0.000000e+00  8.073109e-03  0.000000e+00  0.000000e+00
-2.533422  0.000000e+00  0.000000e+00  0.000000e+00  8.210700e-03  0.000000e+00  0.000000e+00
-2.530820  0.000000e+00  0.000000e+00  0.000000e+00  8.349532e-03  0.000000e+00  0.000000e+00
-2.528218  0.000000e+00  0.000000e+00  0.000000e+00  8.489597e-03  0.000000e+00  0.000000e+00
-2.525616  0.000000e+00  0.000000e+00  0.000000e+00  8.630888e-03  0.000000e+00  0.000000e+00
-2.523014  0.000000e+00  0.000000e+00  0.000000e+00  8.773396e-03  0.000000e+00  0.000000e+00
-2.520412  0.000000e+00  0.000000e+00  0.000000e+00  8.917113e-03  0.000000e+00  0.000000e+00
-2.517810  0.000000e+00  0.000000e+00  0.000000e+00  9.062031e-03  0.000000e+00  0.000000e+00
-2.515208  0.000000e+00  0.000000e+00  0.000000e+00  9.208141e-03  0.000000e+00  0.000000e+00
-2.512606  0.000000e+00  0.000000e+00  0.000000e+00  9.355435e-03  0.000000e+00  0.000000e+00
-2.510004  0.000000e+00  0.000000e+00  0.000000e+00  9.503904e-03  0.000000e+00  0.000000e+00
-2.507402  0.000000e+00  0.000000e+00  0.000000e+00  9.653539e-03  0.000000e+00  0.000000e+00
-2.504800  0.000000e+00  0.000000e+00  0.000000e+00  9.804331e-03  0.000000e+00  0.000000e+00
-2.502198  0.000000e+00  0.000000e+00  0.000000e+00  9.956259e-03  0.000000e+00  0.000000e+00
-2.499596  0.000000e+00  0.000000e+00  0.000000e+00  1.010928e-02  0.000000e+00  0.000000e+00
-2.496993  0.000000e+00  0.000000e+00  0.000000e+00  1.026336e-02  0.000000e+00  0.000000e+00
-2.494391  0.000000e+00  0.000000e+00  0.000000e+00  1.041846e-02  0.000000e+00  0.000000e+00
-2.491789  0.000000e+00  0.000000e+00  0.000000e+00  1.057454e-02  0.000000e+00  0.000000e+00
-2.489187  0.000000e+00  0.000000e+00  0.000000e+00  1.073154e-02  0.000000e+00  0.000000e+00
-2.486585  0.000000e+00  0.000000e+00  0.000000e+00  1.088945e-02  0.000000e+00  0.000000e+00
-2.483983  0.000000e+00  0.000000e+00  0.000000e+00  1.104820e-02  0.000000e+00  0.000000e+00
-2.481381  0.000000e+00  0.000000e+00  0.000000e+00  1.120775e-02  0.000000e+00  0.000000e+00
-2.478779  0.000000e+00  0.000000e+00  0.000000e+00  1.136808e-02  0.000000e+00  0.000000e+00
-2.476177  0.000000e+00  0.000000e+00  0.000000e+00  1.152912e-02  0.000000e+00  0.000000e+00
-2.473575  0.000000e+00  0.000000e+00  0.000000e+00  1.169083e-02  0.000000e+00  0.000000e+00
-2.470973  0.000000e+00  0.000000e+00  0.000000e+00  1.185318e-02  0.000000e+00  0.000000e+00
-2.468371  0.000000e+00  0.000000e+00  0.000000e+00  1.201611e-02  0.000000e+00  0.000000e+00
-2.465769  0.000000e+00  0.000000e+00  0.000000e+00  1.217958e-02  0.000000e+00  0.000000e+00
-2.463167  0.000000e+00  0.000000e+00  0.000000e+00  1.234353e-02  0.000000e+00  0.000000e+00
-2.460565  0.000000e+00  0.000000e+00  0.000000e+00  1.250793e-02  0.000000e+00  0.000000e+00
-2.457963  0.000000e+00  0.000000e+00  0.000000e+00  1.267272e-02  0.000000e+00  0.000000e+00
-2.455360  0.000000e+00  0.000000e+00  0.000000e+00  1.283791e-02  0.000000e+00  0.000000e+00
-2.452758  0.000000e+00  0.000000e+00  0.000000e+00  1.300360e-02  0.000000e+00  0.000000e+00
-2.450156  0.000000e+00  0.000000e+00  0.000000e+00  1.316991e-02  0.000000e+00  0.000000e+00
-2.447554  0.000000e+00  0.000000e+00  0.000000e+00  1.333699e-02  0.000000e+00  0.000000e+00
-2.444952  0.000000e+00  0.000000e+00  0.000000e+00  1.350496e-02  0.000000e+00  0.000000e+00
-2.442350  0.000000e+00  0.000000e+00  0.000000e+00  1.367396e-02  0.000000e+00  0.000000e+00
-2.439748  0.000000e+00  0.000000e+00  0.000000e+00  1.384411e-02  0.000000e+00  0.000000e+00
-2.437146  0.000000e+00  0.000000e+00  0.000000e+00  1.401556e-02  0.000000e+00  0.000000e+00
-2.434544  0.000000e+00  0.000000e+00  0.000000e+00  1.418844e-02  0.000000e+00  0.000000e+00
-2.431942  0.000000e+00  0.000000e+00  0.000000e+00  1.436290e-02  0.000000e+00  0.000000e+00
-2.429340  0.000000e+00  0.000000e+00  0.000000e+00  1.453906e-02  0.000000e+00  0.000000e+00
-2.426738  0.000000e+00  0.000000e+00  0.000000e+00  1.471708e-02  0.000000e+00  0.000000e+00
-2.424136  0.000000e+00  0.000000e+00  0.000000e+00  1.489710e-02  0.000000e+00  0.000000e+00
-2.421534  0.000000e+00  0.000000e+00  0.000000e+00  1.507926e-02  0.000000e+00  0.000000e+00
-2.418932  0.000000e+00  0.000000e+00  0.000000e+00  1.526371e-02  0.000000e+00  0.000000e+00
-2.416330  0.000000e+00  0.000000e+00  0.000000e+00  1.545061e-02  0.000000e+00  0.000000e+00
-2.413728  0.000000e+00  0.000000e+00  0.000000e+00  1.564010e-02  0.000000e+00  0.000000e+00
-2.411125  0.000000e+00  0.000000e+00  0.000000e+00  1.583233e-02  0.000000e+00  0.000000e+00
-2.408523  0.000000e+00  0.000000e+00  0.000000e+00  1.602746e-02  0.000000e+00  0.000000e+00
-2.405921  0.000000e+00  0.000000e+00  0.000000e+00  1.622546e-02  0.000000e+00  0.000000e+00
-2.403319  0.000000e+00  0.000000e+00  0.000000e+00  1.642619e-02  0.000000e+00  0.000000e+00
-2.400717  0.000000e+00  0.000000e+00  0.000000e+00  1.662949e-02  0.000000e+00  0.000000e+00
-2.398115  0.000000e+00  0.000000e+00  0.000000e+00  1.683522e-02  0.000000e+00  0.000000e+00
-2.395513  0.000000e+00  0.000000e+00  0.000000e+00  1.704321e-02  0.000000e+00  0.000000e+00
-2.392911  0.000000e+00  0.000000e+00  0.000000e+00  1.725331e-02  0.000000e+00  0.000000e+00
-2.390309  0.000000e+00  0.000000e+00  0.000000e+00  1.746536e-02  0.000000e+00  0.000000e+00
-2.387707  0.000000e+00  0.000000e+00  0.000000e+00  1.767919e-02  0.000000e+00  0.000000e+00
-2.385105  0.000000e+00  0.000000e+00  0.000000e+00  1.789465e-02  0.000000e+00  0.000000e+00
-2.382503  0.000000e+00  0.000000e+00  0.000000e+00  1.811157e-02  0.000000e+00  0.000000e+00
-2.379901  0.000000e+00  0.000000e+00  0.000000e+00  1.832978e-02  0.000000e+00  0.000000e+00
-2.377299  0.000000e+00  0.000000e+00  0.000000e+00  1.854911e-02  0.000000e+00  0.000000e+00
-2.374697  0.000000e+00  0.000000e+00  0.000000e+00  1.876940e-02  0.000000e+00  0.000000e+00
-2.372095  0.000000e+00  0.000000e+00  0.000000e+00  1.899045e-02  0.000000e+00  0.000000e+00
-2.369493  0.000000e+00  0.000000e+00  0.000000e+00  1.921211e-02  0.000000e+00  0.000000e+00
-2.366890  0.000000e+00  0.000000e+00  0.000000e+00  1.943419e-02  0.000000e+00  0.000000e+00
-2.364288  0.000000e+00  0.000000e+00  0.000000e+00  1.965652e-02  0.000000e+00  0.000000e+00
-2.361686  0.000000e+00  0.000000e+00  0.000000e+00  1.987891e-02  0.000000e+00  0.000000e+00
-2.359084  0.000000e+00  0.000000e+00  0.000000e+00  2.010139e-02  0.000000e+00  0.000000e+00
-2.356482  0.000000e+00  0.000000e+00  0.000000e+00  2.032403e-02  0.000000e+00  0.000000e+00
-2.353880  0.000000e+00  0.000000e+00  0.000000e+00  2.054695e-02  0.000000e+00  0.000000e+00
-2.351278  0.000000e+00  0.000000e+00  0.000000e+00  2.077024e-02  0.000000e+00  0.000000e+00
-2.348676  0.000000e+00  0.000000e+00  0.000000e+00  2.099401e-02  0.000000e+00  0.000000e+00
-2.346074  0.000000e+00  0.000000e+00  0.000000e+00  2.121836e-02  0.000000e+00  0.000000e+00
-2.343472  0.000000e+00  0.000000e+00  0.000000e+00  2.144340e-02  0.000000e+00  0.000000e+00
-2.340870  0.000000e+00  0.000000e+00  0.000000e+00  2.166922e-02  0.000000e+00  0.000000e+00
-2.338268  0.000000e+00  0.000000e+00  0.000000e+00  2.189594e-02  0.000000e+00  0.000000e+00
-2.335666  0.000000e+00  0.000000e+00  0.000000e+00  2.212368e-02  0.000000e+00  0.000000e+00
-2.333064  0.000000e+00  0.000000e+00  0.000000e+00  2.235252e-02  0.000000e+00  0.000000e+00
-2.330462  0.000000e+00  0.000000e+00  0.000000e+00  2.258260e-02  0.000000e+00  0.000000e+00
-2.327860  0.000000e+00  0.000000e+00  0.000000e+00  2.281401e-02  0.000000e+00  0.000000e+00
-2.325257  0.000000e+00  0.000000e+00  0.000000e+00  2.304688e-02  0.000000e+00  0.000000e+00
-2.322655  0.000000e+00  0.000000e+00  0.000000e+00  2.328131e-02  0.000000e+00  0.000000e+00
-2.320053  0.000000e+00  0.000000e+00  0.000000e+00  2.351743e-02  0.000000e+00  0.000000e+00
-2.317451  0.000000e+00  0.000000e+00  0.000000e+00  2.375535e-02  0.000000e+00  0.000000e+00
-2.314849  0.000000e+00  0.000000e+00  0.000000e+00  2.399519e-02  0.000000e+00  0.000000e+00
-2.312247  0.000000e+00  0.000000e+00  0.000000e+00  2.423705e-02  0.000000e+00  0.000000e+00
-2.309645  0.000000e+00  0.000000e+00  0.000000e+00  2.448093e-02  0.000000e+00  0.000000e+00
-2.307043  0.000000e+00  0.000000e+00  0.000000e+00  2.472685e-02  0.000000e+00  0.000000e+00
-2.304441  0.000000e+00  0.000000e+00  0.000000e+00  2.497479e-02  0.000000e+00  0.000000e+00
-2.301839  0.000000e+00  0.000000e+00  0.000000e+00  2.522477e-02  0.000000e+00  0.000000e+00
-2.299237  0.000000e+00  0.000000e+00  0.000000e+00  2.547679e-02  0.000000e+00  0.000000e+00
-2.296635  0.000000e+00  0.000000e+00  0.000000e+00  2.573084e-02  0.000000e+00  0.000000e+00
-2.294033  0.000000e+00  0.000000e+00  0.000000e+00  2.598693e-02  0.000000e+00  0.000000e+00
-2.291431  0.000000e+00  0.000000e+00  0.000000e+00  2.624507e-02  0.000000e+00  0.000000e+00
-2.288829  0.000000e+00  0.000000e+00  0.000000e+00  2.650524e-02  0.000000e+00  0.000000e+00
-2.286227  0.000000e+00  0.000000e+00  0.000000e+00  2.676746e-02  0.000000e+00  0.000000e+00
-2.283625  0.000000e+00  0.000000e+00  0.000000e+00  2.703173e-02  0.000000e+00  0.000000e+00
-2.281022  0.000000e+00  0.000000e+00  0.000000e+00  2.729804e-02  0.000000e+00  0.000000e+00
-2.278420  0.000000e+00  0.000000e+00  0.000000e+00  2.756640e-02  0.000000e+00  0.000000e+00
-2.275818  0.000000e+00  0.000000e+00  0.000000e+00  2.783681e-02  0.000000e+00  0.000000e+00
-2.273216  0.000000e+00  0.000000e+00  0.000000e+00  2.810928e-02  0.000000e+00  0.000000e+00
-2.270614  0.000000e+00  0.000000e+00  0.000000e+00  2.838380e-02  0.000000e+00  0.000000e+00
-2.268012  0.000000e+00  0.000000e+00  0.000000e+00  2.866037e-02  0.000000e+00  0.000000e+00
-2.265410  0.000000e+00  0.000000e+00  0.000000e+00  2.893900e-02  0.000000e+00  0.000000e+00
-2.262808  0.000000e+00  0.000000e+00  0.000000e+00  2.921966e-02  0.000000e+00  0.000000e+00
-2.260206  0.000000e+00  0.000000e+00  0.000000e+00  2.950232e-02  0.000000e+00  0.000000e+00
-2.257604  0.000000e+00  0.000000e+00  0.000000e+00  2.978696e-02  0.000000e+00  0.000000e+00
-2.255002  0.000000e+00  0.000000e+00  0.000000e+00  3.007353e-02  0.000000e+00  0.000000e+00
-2.252400  0.000000e+00  0.000000e+00  0.000000e+00  3.036202e-02  0.000000e+00  0.000000e+00
-2.249798  0.000000e+00  0.000000e+00  0.000000e+00  3.065240e-02  0.000000e+00  0.000000e+00
-2.247196  0.000000e+00  0.000000e+00  0.000000e+00  3.094462e-02  0.000000e+00  0.000000e+00
-2.244594  0.000000e+00  0.000000e+00  0.000000e+00  3.123865e-02  0.000000e+00  0.000000e+00
-2.241992  0.000000e+00  0.000000e+00  0.000000e+00  3.153448e-02  0.000000e+00  0.000000e+00
-2.239390  0.000000e+00  0.000000e+00  0.000000e+00  3.183205e-02  0.000000e+00  0.000000e+00
-2.236787  0.000000e+00  0.000000e+00  0.000000e+00  3.213135e-02  0.000000e+00  0.000000e+00
-2.234185  0.000000e+00  0.000000e+00  0.000000e+00  3.243233e-02  0.000000e+00  0.000000e+00
-2.231583  0.000000e+00  0.000000e+00  0.000000e+00  3.273496e-02  0.000000e+00  0.000000e+00
-2.228981  0.000000e+00  0.000000e+00  0.000000e+00  3.303920e-02  0.000000e+00  0.000000e+00
-2.226379  0.000000e+00  0.000000e+00  0.000000e+00  3.334503e-02  0.000000e+00  0.000000e+00
-2.223777  0.000000e+00  0.000000e+00  0.000000e+00  3.365240e-02  0.000000e+00  0.000000e+00
-2.221175  0.000000e+00  0.000000e+00  0.000000e+00  3.396128e-02  0.000000e+00  0.000000e+00
-2.218573  0.000000e+00  0.000000e+00  0.000000e+00  3.427164e-02  0.000000e+00  0.000000e+00
-2.215971  0.000000e+00  0.000000e+00  0.000000e+00  3.458348e-02  0.000000e+00  0.000000e+00
-2.213369  0.000000e+00  0.000000e+00  0.000000e+00  3.489684e-02  0.000000e+00  0.000000e+00
-2.210767  0.000000e+00  0.000000e+00  0.000000e+00  3.521176e-02  0.000000e+00  0.000000e+00
-2.208165  0.000000e+00  0.000000e+00  0.000000e+00  3.552827e-02  0.000000e+00  0.000000e+00
-2.205563  0.000000e+00  0.000000e+00  0.000000e+00  3.584642e-02  0.000000e+00  0.000000e+00
-2.202961  0.000000e+00  0.000000e+00  0.000000e+00  3.616623e-02  0.000000e+00  0.000000e+00
-2.200359  0.000000e+00  0.000000e+00  0.000000e+00  3.648774e-02  0.000000e+00  0.000000e+00
-2.197757  0.000000e+00  0.000000e+00  0.000000e+00  3.681099e-02  0.000000e+00  0.000000e+00
-2.195154  0.000000e+00  0.000000e+00  0.000000e+00  3.713603e-02  0.000000e+00  0.000000e+00
-2.192552  0.000000e+00  0.000000e+00  0.000000e+00  3.746288e-02  0.000000e+00  0.000000e+00
-2.189950  0.000000e+00  0.000000e+00  0.000000e+00  3.779159e-02  0.000000e+00  0.000000e+00
-2.187348  0.000000e+00  0.000000e+00  0.000000e+00  3.812220e-02  0.000000e+00  0.000000e+00
-2.184746  0.000000e+00  0.000000e+00  0.000000e+00  3.845474e-02  0.000000e+00  0.000000e+00
-2.182144  0.000000e+00  0.000000e+00  0.000000e+00  3.878926e-02  0.000000e+00  0.000000e+00
-2.179542  0.000000e+00  0.000000e+00  0.000000e+00  3.912579e-02  0.000000e+00  0.000000e+00
-2.176940  0.000000e+00  0.000000e+00  0.000000e+00  3.946438e-02  0.000000e+00  0.000000e+00
-2.174338  0.000000e+00  0.000000e+00  0.000000e+00  3.980507e-02  0.000000e+00  0.000000e+00
-2.171736  0.000000e+00  0.000000e+00  0.000000e+00  4.014789e-02  0.000000e+00  0.000000e+00
-2.169134  0.000000e+00  0.000000e+00  0.000000e+00  4.049289e-02  0.000000e+00  0.000000e+00
-2.166532  0.000000e+00  0.000000e+00  0.000000e+00  4.084004e-02  0.000000e+00  0.000000e+00
-2.163930  0.000000e+00  0.000000e+00  0.000000e+00  4.118936e-02  0.000000e+00  0.000000e+00
-2.161328  0.000000e+00  0.000000e+00  0.000000e+00  4.154083e-02  0.000000e+00  0.000000e+00
-2.158726  0.000000e+00  0.000000e+00  0.000000e+00  4.189447e-02  0.000000e+00  0.000000e+00
-2.156124  0.000000e+00  0.000000e+00  0.000000e+00  4.225025e-02  0.000000e+00  0.000000e+00
-2.153522  0.000000e+00  0.000000e+00  0.000000e+00  4.260819e-02  0.000000e+00  0.000000e+00
-2.150919  0.000000e+00  0.000000e+00  0.000000e+00  4.296827e-02  0.000000e+00  0.000000e+00
-2.148317  0.000000e+00  0.000000e+00  0.000000e+00  4.333050e-02  0.000000e+00  0.000000e+00
-2.145715  0.000000e+00  0.000000e+00  0.000000e+00  4.369486e-02  0.000000e+00  0.000000e+00
-2.143113  0.000000e+00  0.000000e+00  0.000000e+00  4.406137e-02  0.000000e+00  0.000000e+00
-2.140511  0.000000e+00  0.000000e+00  0.000000e+00  4.443000e-02  0.000000e+00  0.000000e+00
-2.137909  0.000000e+00  0.000000e+00  0.000000e+00  4.480077e-02  0.000000e+00  0.000000e+00
-2.135307  0.000000e+00  0.000000e+00  0.000000e+00  4.517366e-02  0.000000e+00  0.000000e+00
-2.132705  0.000000e+00  0.000000e+00  0.000000e+00  4.554868e-02  0.000000e+00  0.000000e+00
-2.130103  0.000000e+00  0.000000e+00  0.000000e+00  4.592581e-02  0.000000e+00  0.000000e+00
-2.127501  0.000000e+00  0.000000e+00  0.000000e+00  4.630506e-02  0.000000e+00  0.000000e+00
-2.124899  0.000000e+00  0.000000e+00  0.000000e+00  4.668642e-02  0.000000e+00  0.000000e+00
-2.122297  0.000000e+00  0.000000e+00  0.000000e+00  4.706988e-02  0.000000e+00  0.000000e+00
-2.119695  0.000000e+00  0.000000e+00  0.000000e+00  4.745544e-02  0.000000e+00  0.000000e+00
-2.117093  0.000000e+00  0.000000e+00  0.000000e+00  4.784309e-02  0.000000e+00  0.000000e+00
-2.114491  0.000000e+00  0.000000e+00  0.000000e+00  4.823283e-02  0.000000e+00  0.000000e+00
-2.111889  0.000000e+00  0.000000e+00  0.000000e+00  4.862464e-02  0.000000e+00  0.000000e+00
-2.109287  0.000000e+00  0.000000e+00  0.000000e+00  4.901853e-02  0.000000e+00  0.000000e+00
-2.106684  0.000000e+00  0.000000e+00  0.000000e+00  4.941449e-02  0.000000e+00  0.000000e+00
-2.104082  0.000000e+00  0.000000e+00  0.000000e+00  4.981250e-02  0.000000e+00  0.000000e+00
-2.101480  0.000000e+00  0.000000e+00  0.000000e+00  5.021257e-02  0.000000e+00  0.000000e+00
-2.098878  0.000000e+00  0.000000e+00  0.000000e+00  5.061467e-02  0.000000e+00  0.000000e+00
-2.096276  0.000000e+00  0.000000e+00  0.000000e+00  5.101882e-02  0.000000e+00  0.000000e+00
-2.093674  0.000000e+00  0.000000e+00  0.000000e+00  5.142499e-02  0.000000e+00  0.000000e+00
-2.091072  0.000000e+00  0.000000e+00  0.000000e+00  5.183319e-02  0.000000e+00  0.000000e+00
-2.088470  0.000000e+00  0.000000e+00  0.000000e+00  5.224340e-02  0.000000e+00  0.000000e+00
-2.085868  0.000000e+00  0.000000e+00  0.000000e+00  5.265561e-02  0.000000e+00  0.000000e+00
-2.083266  0.000000e+00  0.000000e+00  0.000000e+00  5.306981e-02  0.000000e+00  0.000000e+00
-2.080664  0.000000e+00  0.000000e+00  0.000000e+00  5.348600e-02  0.000000e+00  0.000000e+00
-2.078062  0.000000e+00  0.000000e+00  0.000000e+00  5.390417e-02  0.000000e+00  0.000000e+00
-2.075460  0.000000e+00  0.000000e+00  0.000000e+00  5.432433e-02  0.000000e+00  0.000000e+00
-2.072858  0.000000e+00  0.000000e+00  0.000000e+00  5.474654e-02  0.000000e+00  0.000000e+00
-2.070256  0.000000e+00  0.000000e+00  0.000000e+00  5.517091e-02  0.000000e+00  0.000000e+00
-2.067654  0.000000e+00  0.000000e+00  0.000000e+00  5.559754e-02  0.000000e+00  0.000000e+00
-2.065051  0.000000e+00  0.000000e+00  0.000000e+00  5.602655e-02  0.000000e+00  0.000000e+00
-2.062449  0.000000e+00  0.000000e+00  0.000000e+00  5.645804e-02  0.000000e+00  0.000000e+00
-2.059847  0.000000e+00  0.000000e+00  0.000000e+00  5.689211e-02  0.000000e+00  0.000000e+00
-2.057245  0.000000e+00  0.000000e+00  0.000000e+00  5.732888e-02  0.000000e+00  0.000000e+00
-2.054643  0.000000e+00  0.000000e+00  0.000000e+00  5.776845e-02  0.000000e+00  0.000000e+00
-2.052041  0.000000e+00  0.000000e+00  0.000000e+00  5.821093e-02  0.000000e+00  0.000000e+00
-2.049439  0.000000e+00  0.000000e+00  0.000000e+00  5.865633e-02  0.000000e+00  0.000000e+00
-2.046837  0.000000e+00  0.000000e+00  0.000000e+00  5.910464e-02  0.000000e+00  0.000000e+00
-2.044235  0.000000e+00  0.000000e+00  0.000000e+00  5.955583e-02  0.000000e+00  0.000000e+00
-2.041633  0.000000e+00  0.000000e+00  0.000000e+00  6.000988e-02  0.000000e+00  0.000000e+00
-2.039031  0.000000e+00  0.000000e+00  0.000000e+00  6.046676e-02  0.000000e+00  0.000000e+00
-2.036429  0.000000e+00  0.000000e+00  0.000000e+00  6.092645e-02  0.000000e+00  0.000000e+00
-2.033827  0.000000e+00  0.000000e+00  0.000000e+00  6.138894e-02  0.000000e+00  0.000000e+00
-2.031225  0.000000e+00  0.000000e+00  0.000000e+00  6.185418e-02  0.000000e+00  0.000000e+00
-2.028623  0.000000e+00  0.000000e+00  0.000000e+00  6.232217e-02  0.000000e+00  0.000000e+00
-2.026021  0.000000e+00  0.000000e+00  0.000000e+00  6.279287e-02  0.000000e+00  0.000000e+00
-2.023419  0.000000e+00  0.000000e+00  0.000000e+00  6.326626e-02  0.000000e+00  0.000000e+00
-2.020816  0.000000e+00  0.000000e+00  0.000000e+00  6.374231e-02  0.000000e+00  0.000000e+00
-2.018214  0.000000e+00  0.000000e+00  0.000000e+00  6.422100e-02  0.000000e+00  0.000000e+00
-2.015612  0.000000e+00  0.000000e+00  0.000000e+00  6.470230e-02  0.000000e+00  0.000000e+00
-2.013010  0.000000e+00  0.000000e+00  0.000000e+00  6.518618e-02  0.000000e+00  0.000000e+00
-2.010408  0.000000e+00  0.000000e+00  0.000000e+00  6.567262e-02  0.000000e+00  0.000000e+00
-2.007806  0.000000e+00  0.000000e+00  0.000000e+00  6.616159e-02  0.000000e+00  0.000000e+00
-2.005204  0.000000e+00  0.000000e+00  0.000000e+00  6.665305e-02  0.000000e+00  0.000000e+00
-2.002602  0.000000e+00  0.000000e+00  0.000000e+00  6.714688e-02  0.000000e+00  0.000000e+00
-2.000000  0.000000e+00  0.000000e+00  0.000000e+00  6.764286e-02  0.000000e+00  0.000000e+00
-1.997398  0.000000e+00  0.000000e+00  0.000000e+00  6.814078e-02  0.000000e+00  0.000000e+00
-1.994796  0.000000e+00  0.000000e+00  0.000000e+00  6.864041e-02  0.000000e+00  0.000000e+00
-1.992194  0.000000e+00  0.000000e+00  0.000000e+00  6.914152e-02  0.000000e+00  0.000000e+00
-1.989592  0.000000e+00  0.000000e+00  0.000000e+00  6.964388e-02  0.000000e+00  0.000000e+00
-1.986990  0.000000e+00  0.000000e+00  0.000000e+00  7.014727e-02  0.000000e+00  0.000000e+00
-1.984388  0.000000e+00  0.000000e+00  0.000000e+00  7.065144e-02  0.000000e+00  0.000000e+00
-1.981786  0.000000e+00  0.000000e+00  0.000000e+00  7.115615e-02  0.000000e+00  0.000000e+00
-1.979184  0.000000e+00  0.000000e+00  0.000000e+00  7.166117e-02  0.000000e+00  0.000000e+00
-1.976581  0.000000e+00  0.000000e+00  0.000000e+00  7.216626e-02  0.000000e+00  0.000000e+00
-1.973979  0.000000e+00  0.000000e+00  0.000000e+00  7.267115e-02  0.000000e+00  0.000000e+00
-1.971377  0.000000e+00  0.000000e+00  0.000000e+00  7.317561e-02  0.000000e+00  0.000000e+00
-1.968775  0.000000e+00  0.000000e+00  0.000000e+00  7.367937e-02  0.000000e+00  0.000000e+00
-1.966173  0.000000e+00  0.000000e+00  0.000000e+00  7.418219e-02  0.000000e+00  0.000000e+00
-1.963571  0.000000e+00  0.000000e+00  0.000000e+00  7.468379e-02  0.000000e+00  0.000000e+00
-1.960969  0.000000e+00  0.000000e+00  0.000000e+00  7.518392e-02  0.000000e+00  0.000000e+00
-1.958367  0.000000e+00  0.000000e+00  0.000000e+00  7.568230e-02  0.000000e+00  0.000000e+00
-1.955765  0.000000e+00  0.000000e+00  0.000000e+00  7.617889e-02  0.000000e+00  0.000000e+00
-1.953163  0.000000e+00  0.000000e+00  0.000000e+00  7.667425e-02  0.000000e+00  0.000000e+00
-1.950561  0.000000e+00  0.000000e+00  0.000000e+00  7.716910e-02  0.000000e+00  0.000000e+00
-1.947959  0.000000e+00  0.000000e+00  0.000000e+00  7.766417e-02  0.000000e+00  0.000000e+00
-1.945357  0.000000e+00  0.000000e+00  0.000000e+00  7.816017e-02  0.000000e+00  0.000000e+00
-1.942755  0.000000e+00  0.000000e+00  0.000000e+00  7.865785e-02  0.000000e+00  0.000000e+00
-1.940153  0.000000e+00  0.000000e+00  0.000000e+00  7.915796e-02  0.000000e+00  0.000000e+00
-1.937551  0.000000e+00  0.000000e+00  0.000000e+00  7.966125e-02  0.000000e+00  0.000000e+00
-1.934949  0.000000e+00  0.000000e+00  0.000000e+00  8.016847e-02  0.000000e+00  0.000000e+00
-1.932346  0.000000e+00  0.000000e+00  0.000000e+00  8.068042e-02  0.000000e+00  0.000000e+00
-1.929744  0.000000e+00  0.000000e+00  0.000000e+00  8.119786e-02  0.000000e+00  0.000000e+00
-1.927142  0.000000e+00  0.000000e+00  0.000000e+00  8.172159e-02  0.000000e+00  0.000000e+00
-1.924540  0.000000e+00  0.000000e+00  0.000000e+00  8.225241e-02  0.000000e+00  0.000000e+00
-1.921938  0.000000e+00  0.000000e+00  0.000000e+00  8.279113e-02  0.000000e+00  0.000000e+00
-1.919336  0.000000e+00  0.000000e+00  0.000000e+00  8.333858e-02  0.000000e+00  0.000000e+00
-1.916734  0.000000e+00  0.000000e+00  0.000000e+00  8.389557e-02  0.000000e+00  0.000000e+00
-1.914132  0.000000e+00  0.000000e+00  0.000000e+00  8.446297e-02  0.000000e+00  0.000000e+00
-1.911530  0.000000e+00  0.000000e+00  0.000000e+00  8.504160e-02  0.000000e+00  0.000000e+00
-1.908928  0.000000e+00  0.000000e+00  0.000000e+00  8.563232e-02  0.000000e+00  0.000000e+00
-1.906326  0.000000e+00  0.000000e+00  0.000000e+00  8.623515e-02  0.000000e+00  0.000000e+00
-1.903724  0.000000e+00  0.000000e+00  0.000000e+00  8.684919e-02  0.000000e+00  0.000000e+00
-1.901122  0.000000e+00  0.000000e+00  0.000000e+00  8.747348e-02  0.000000e+00  0.000000e+00
-1.898520  0.000000e+00  0.000000e+00  0.000000e+00  8.810706e-02  0.000000e+00  0.000000e+00
-1.895918  0.000000e+00  0.000000e+00  0.000000e+00  8.874893e-02  0.000000e+00  0.000000e+00
-1.893316  0.000000e+00  0.000000e+00  0.000000e+00  8.939811e-02  0.000000e+00  0.000000e+00
-1.890713  0.000000e+00  0.000000e+00  0.000000e+00  9.005358e-02  0.000000e+00  0.000000e+00
-1.888111  0.000000e+00  0.000000e+00  0.000000e+00  9.071432e-02  0.000000e+00  0.000000e+00
-1.885509  0.000000e+00  0.000000e+00  0.000000e+00  9.137931e-02  0.000000e+00  0.000000e+00
-1.882907  0.000000e+00  0.000000e+00  0.000000e+00  9.204750e-02  0.000000e+00  0.000000e+00
-1.880305  0.000000e+00  0.000000e+00  0.000000e+00  9.271783e-02  0.000000e+00  0.000000e+00
-1.877703  0.000000e+00  0.000000e+00  0.000000e+00  9.338924e-02  0.000000e+00  0.000000e+00
-1.875101  0.000000e+00  0.000000e+00  0.000000e+00  9.406063e-02  0.000000e+00  0.000000e+00
-1.872499  0.000000e+00  0.000000e+00  0.000000e+00  9.473091e-02  0.000000e+00  0.000000e+00
-1.869897  0.000000e+00  0.000000e+00  0.000000e+00  9.539897e-02  0.000000e+00  0.000000e+00
-1.867295  0.000000e+00  0.000000e+00  0.000000e+00  9.606369e-02  0.000000e+00  0.000000e+00
-1.864693  0.000000e+00  0.000000e+00  0.000000e+00  9.672393e-02  0.000000e+00  0.000000e+00
-1.862091  0.000000e+00  0.000000e+00  0.000000e+00  9.737858e-02  0.000000e+00  0.000000e+00
-1.859489  0.000000e+00  0.000000e+00  0.000000e+00  9.802746e-02  0.000000e+00  0.000000e+00
-1.856887  0.000000e+00  0.000000e+00  0.000000e+00  9.867150e-02  0.000000e+00  0.000000e+00
-1.854285  0.000000e+00  0.000000e+00  0.000000e+00  9.931170e-02  0.000000e+00  0.000000e+00
-1.851683  0.000000e+00  0.000000e+00  0.000000e+00  9.994906e-02  0.000000e+00  0.000000e+00
-1.849081  0.000000e+00  0.000000e+00  0.000000e+00  1.005846e-01  0.000000e+00  0.000000e+00
-1.846478  0.000000e+00  0.000000e+00  0.000000e+00  1.012193e-01  0.000000e+00  0.000000e+00
-1.843876  0.000000e+00  0.000000e+00  0.000000e+00  1.018543e-01  0.000000e+00  0.000000e+00
-1.841274  0.000000e+00  0.000000e+00  0.000000e+00  1.024906e-01  0.000000e+00  0.000000e+00
-1.838672  0.000000e+00  0.000000e+00  0.000000e+00  1.031293e-01  0.000000e+00  0.000000e+00
-1.836070  0.000000e+00  0.000000e+00  0.000000e+00  1.037713e-01  0.000000e+00  0.000000e+00
-1.833468  0.000000e+00  0.000000e+00  0.000000e+00  1.044180e-01  0.000000e+00  0.000000e+00
-1.830866  0.000000e+00  0.000000e+00  0.000000e+00  1.050702e-01  0.000000e+00  0.000000e+00
-1.828264  0.000000e+00  0.000000e+00  0.000000e+00  1.057292e-01  0.000000e+00  0.000000e+00
-1.825662  0.000000e+00  0.000000e+00  0.000000e+00  1.063961e-01  0.000000e+00  0.000000e+00
-1.823060  0.000000e+00  0.000000e+00  0.000000e+00  1.070720e-01  0.000000e+00  0.000000e+00
-1.820458  0.000000e+00  0.000000e+00  0.000000e+00  1.077580e-01  0.000000e+00  0.000000e+00
-1.817856  0.000000e+00  0.000000e+00  0.000000e+00  1.084555e-01  0.000000e+00  0.000000e+00
-1.815254  0.000000e+00  0.000000e+00  0.000000e+00  1.091654e-01  0.000000e+00  0.000000e+00
-1.812652  0.000000e+00  0.000000e+00  0.000000e+00  1.098887e-01  0.000000e+00  0.000000e+00
-1.810050  0.000000e+00  0.000000e+00  0.000000e+00  1.106248e-01  0.000000e+00  0.000000e+00
-1.807448  0.000000e+00  0.000000e+00  0.000000e+00  1.113725e-01  0.000000e+00  0.000000e+00
-1.804846  0.000000e+00  0.000000e+00  0.000000e+00  1.121310e-01  0.000000e+00  0.000000e+00
-1.802243  0.000000e+00  0.000000e+00  0.000000e+00  1.128992e-01  0.000000e+00  0.000000e+00
-1.799641  0.000000e+00  0.000000e+00  0.000000e+00  1.136761e-01  0.000000e+00  0.000000e+00
-1.797039  0.000000e+00  0.000000e+00  0.000000e+00  1.144607e-01  0.000000e+00  0.000000e+00
-1.794437  0.000000e+00  0.000000e+00  0.000000e+00  1.152518e-01  0.000000e+00  0.000000e+00
-1.791835  0.000000e+00  0.000000e+00  0.000000e+00  1.160486e-01  0.000000e+00  0.000000e+00
-1.789233  0.000000e+00  0.000000e+00  0.000000e+00  1.168498e-01  0.000000e+00  0.000000e+00
-1.786631  0.000000e+00  0.000000e+00  0.000000e+00  1.176544e-01  0.000000e+00  0.000000e+00
-1.784029  0.000000e+00  0.000000e+00  0.000000e+00  1.184614e-01  0.000000e+00  0.000000e+00
-1.781427  0.000000e+00  0.000000e+00  0.000000e+00  1.192695e-01  0.000000e+00  0.000000e+00
-1.778825  0.000000e+00  0.000000e+00  0.000000e+00  1.200776e-01  0.000000e+00  0.000000e+00
-1.776223  0.000000e+00  0.000000e+00  0.000000e+00  1.208847e-01  0.000000e+00  0.000000e+00
-1.773621  0.000000e+00  0.000000e+00  0.000000e+00  1.216896e-01  0.000000e+00  0.000000e+00
-1.771019  0.000000e+00  0.000000e+00  0.000000e+00  1.224911e-01  0.000000e+00  0.000000e+00
-1.768417  0.000000e+00  0.000000e+00  0.000000e+00  1.232880e-01  0.000000e+00  0.000000e+00
-1.765815  0.000000e+00  0.000000e+00  0.000000e+00  1.240799e-01  0.000000e+00  0.000000e+00
-1.763213  0.000000e+00  0.000000e+00  0.000000e+00  1.248672e-01  0.000000e+00  0.000000e+00
-1.760610  0.000000e+00  0.000000e+00  0.000000e+00  1.256505e-01  0.000000e+00  0.000000e+00
-1.758008  0.000000e+00  0.000000e+00  0.000000e+00  1.264303e-01  0.000000e+00  0.000000e+00
-1.755406  0.000000e+00  0.000000e+00  0.000000e+00  1.272070e-01  0.000000e+00  0.000000e+00
-1.752804  0.000000e+00  0.000000e+00  0.000000e+00  1.279811e-01  0.000000e+00  0.000000e+00
-1.750202  0.000000e+00  0.000000e+00  0.000000e+00  1.287532e-01  0.000000e+00  0.000000e+00
-1.747600  0.000000e+00  0.000000e+00  0.000000e+00  1.295239e-01  0.000000e+00  0.000000e+00
-1.744998  0.000000e+00  0.000000e+00  0.000000e+00  1.302935e-01  0.000000e+00  0.000000e+00
-1.742396  0.000000e+00  0.000000e+00  0.000000e+00  1.310628e-01  0.000000e+00  0.000000e+00
-1.739794  0.000000e+00  0.000000e+00  0.000000e+00  1.318321e-01  0.000000e+00  0.000000e+00
-1.737192  0.000000e+00  0.000000e+00  0.000000e+00  1.326021e-01  0.000000e+00  0.000000e+00
-1.734590  0.000000e+00  0.000000e+00  0.000000e+00  1.333733e-01  0.000000e+00  0.000000e+00
-1.731988  0.000000e+00  0.000000e+00  0.000000e+00  1.341463e-01  0.000000e+00  0.000000e+00
-1.729386  0.000000e+00  0.000000e+00  0.000000e+00  1.349217e-01  0.000000e+00  0.000000e+00
-1.726784  0.000000e+00  0.000000e+00  0.000000e+00  1.356999e-01  0.000000e+00  0.000000e+00
-1.724182  0.000000e+00  0.000000e+00  0.000000e+00  1.364816e-01  0.000000e+00  0.000000e+00
-1.721580  0.000000e+00  0.000000e+00  0.000000e+00  1.372675e-01  0.000000e+00  0.000000e+00
-1.718978  0.000000e+00  0.000000e+00  0.000000e+00  1.380579e-01  0.000000e+00  0.000000e+00
-1.716375  0.000000e+00  0.000000e+00  0.000000e+00  1.388534e-01  0.000000e+00  0.000000e+00
-1.713773  0.000000e+00  0.000000e+00  0.000000e+00  1.396540e-01  0.000000e+00  0.000000e+00
-1.711171  0.000000e+00  0.000000e+00  0.000000e+00  1.404600e-01  0.000000e+00  0.000000e+00
-1.708569  0.000000e+00  0.000000e+00  0.000000e+00  1.412716e-01  0.000000e+00  0.000000e+00
-1.705967  0.000000e+00  0.000000e+00  0.000000e+00  1.420892e-01  0.000000e+00  0.000000e+00
-1.703365  0.000000e+00  0.000000e+00  0.000000e+00  1.429129e-01  0.000000e+00  0.000000e+00
-1.700763  0.000000e+00  0.000000e+00  0.000000e+00  1.437430e-01  0.000000e+00  0.000000e+00
-1.698161  0.000000e+00  0.000000e+00  0.000000e+00  1.445798e-01  0.000000e+00  0.000000e+00
-1.695559  0.000000e+00  0.000000e+00  0.000000e+00  1.454234e-01  0.000000e+00  0.000000e+00
-1.692957  0.000000e+00  0.000000e+00  0.000000e+00  1.462741e-01  0.000000e+00  0.000000e+00
-1.690355  0.000000e+00  0.000000e+00  0.000000e+00  1.471323e-01  0.000000e+00  0.000000e+00
-1.687753  0.000000e+00  0.000000e+00  0.000000e+00  1.479981e-01  0.000000e+00  0.000000e+00
-1.685151  0.000000e+00  0.000000e+00  0.000000e+00  1.488718e-01  0.000000e+00  0.000000e+00
-1.682549  0.000000e+00  0.000000e+00  0.000000e+00  1.497537e-01  0.000000e+00  0.000000e+00
-1.679947  0.000000e+00  0.000000e+00  0.000000e+00  1.506440e-01  0.000000e+00  0.000000e+00
-1.677345  0.000000e+00  0.000000e+00  0.000000e+00  1.515431e-01  0.000000e+00  0.000000e+00
-1.674743  0.000000e+00  0.000000e+00  0.000000e+00  1.524512e-01  0.000000e+00  0.000000e+00
-1.672140  0.000000e+00  0.000000e+00  0.000000e+00  1.533685e-01  0.000000e+00  0.000000e+00
-1.669538  0.000000e+00  0.000000e+00  0.000000e+00  1.542947e-01  0.000000e+00  0.000000e+00
-1.666936  0.000000e+00  0.000000e+00  0.000000e+00  1.552290e-01  0.000000e+00  0.000000e+00
-1.664334  0.000000e+00  0.000000e+00  0.000000e+00  1.561705e-01  0.000000e+00  0.000000e+00
-1.661732  0.000000e+00  0.000000e+00  0.000000e+00  1.571185e-01  0.000000e+00  0.000000e+00
-1.659130  0.000000e+00  0.000000e+00  0.000000e+00  1.580720e-01  0.000000e+00  0.000000e+00
-1.656528  0.000000e+00  0.000000e+00  0.000000e+00  1.590301e-01  0.000000e+00  0.000000e+00
-1.653926  0.000000e+00  0.000000e+00  0.000000e+00  1.599921e-01  0.000000e+00  0.000000e+00
-1.651324  0.000000e+00  0.000000e+00  0.000000e+00  1.609569e-01  0.000000e+00  0.000000e+00
-1.648722  0.000000e+00  0.000000e+00  0.000000e+00  1.619238e-01  0.000000e+00  0.000000e+00
-1.646120  0.000000e+00  0.000000e+00  0.000000e+00  1.628917e-01  0.000000e+00  0.000000e+00
-1.643518  0.000000e+00  0.000000e+00  0.000000e+00  1.638598e-01  0.000000e+00  0.000000e+00
-1.640916  0.000000e+00  0.000000e+00  0.000000e+00  1.648271e-01  0.000000e+00  0.000000e+00
-1.638314  0.000000e+00  0.000000e+00  0.000000e+00  1.657927e-01  0.000000e+00  0.000000e+00
-1.635712  0.000000e+00  0.000000e+00  0.000000e+00  1.667556e-01  0.000000e+00  0.000000e+00
-1.633110  0.000000e+00  0.000000e+00  0.000000e+00  1.677149e-01  0.000000e+00  0.000000e+00
-1.630507  0.000000e+00  0.000000e+00  0.000000e+00  1.686695e-01  0.000000e+00  0.000000e+00
-1.627905  0.000000e+00  0.000000e+00  0.000000e+00  1.696185e-01  0.000000e+00  0.000000e+00
-1.625303  0.000000e+00  0.000000e+00  0.000000e+00  1.705609e-01  0.000000e+00  0.000000e+00
-1.622701  0.000000e+00  0.000000e+00  0.000000e+00  1.714971e-01  0.000000e+00  0.000000e+00
-1.620099  0.000000e+00  0.000000e+00  0.000000e+00  1.724280e-01  0.000000e+00  0.000000e+00
-1.617497  0.000000e+00  0.000000e+00  0.000000e+00  1.733546e-01  0.000000e+00  0.000000e+00
-1.614895  0.000000e+00  0.000000e+00  0.000000e+00  1.742781e-01  0.000000e+00  0.000000e+00
-1.612293  0.000000e+00  0.000000e+00  0.000000e+00  1.751993e-01  0.000000e+00  0.000000e+00
-1.609691  0.000000e+00  0.000000e+00  0.000000e+00  1.761194e-01  0.000000e+00  0.000000e+00
-1.607089  0.000000e+00  0.000000e+00  0.000000e+00  1.770394e-01  0.000000e+00  0.000000e+00
-1.604487  0.000000e+00  0.000000e+00  0.000000e+00  1.779605e-01  0.000000e+00  0.000000e+00
-1.601885  0.000000e+00  0.000000e+00  0.000000e+00  1.788836e-01  0.000000e+00  0.000000e+00
-1.599283  0.000000e+00  0.000000e+00  0.000000e+00  1.798100e-01  0.000000e+00  0.000000e+00
-1.596681  0.000000e+00  0.000000e+00  0.000000e+00  1.807407e-01  0.000000e+00  0.000000e+00
-1.594079  0.000000e+00  0.000000e+00  0.000000e+00  1.816768e-01  0.000000e+00  0.000000e+00
-1.591477  0.000000e+00  0.000000e+00  0.000000e+00  1.826195e-01  0.000000e+00  0.000000e+00
-1.588875  0.000000e+00  0.000000e+00  0.000000e+00  1.835700e-01  0.000000e+00  0.000000e+00
-1.586272  0.000000e+00  0.000000e+00  0.000000e+00  1.845294e-01  0.000000e+00  0.000000e+00
-1.583670  0.000000e+00  0.000000e+00  0.000000e+00  1.854989e-01  0.000000e+00  0.000000e+00
-1.581068  0.000000e+00  0.000000e+00  0.000000e+00  1.864797e-01  0.000000e+00  0.000000e+00
-1.578466  0.000000e+00  0.000000e+00  0.000000e+00  1.874730e-01  0.000000e+00  0.000000e+00
-1.575864  0.000000e+00  0.000000e+00  0.000000e+00  1.884798e-01  0.000000e+00  0.000000e+00
-1.573262  0.000000e+00  0.000000e+00  0.000000e+00  1.894994e-01  0.000000e+00  0.000000e+00
-1.570660  0.000000e+00  0.000000e+00  0.000000e+00  1.905311e-01  0.000000e+00  0.000000e+00
-1.568058  0.000000e+00  0.000000e+00  0.000000e+00  1.915740e-01  0.000000e+00  0.000000e+00
-1.565456  0.000000e+00  0.000000e+00  0.000000e+00  1.926270e-01  0.000000e+00  0.000000e+00
-1.562854  0.000000e+00  0.000000e+00  0.000000e+00  1.936894e-01  0.000000e+00  0.000000e+00
-1.560252  0.000000e+00  0.000000e+00  0.000000e+00  1.947601e-01  0.000000e+00  0.000000e+00
-1.557650  0.000000e+00  0.000000e+00  0.000000e+00  1.958383e-01  0.000000e+00  0.000000e+00
-1.555048  0.000000e+00  0.000000e+00  0.000000e+00  1.969229e-01  0.000000e+00  0.000000e+00
-1.552446  0.000000e+00  0.000000e+00  0.000000e+00  1.980131e-01  0.000000e+00  0.000000e+00
-1.549844  0.000000e+00  0.000000e+00  0.000000e+00  1.991078e-01  0.000000e+00  0.000000e+00
-1.547242  0.000000e+00  0.000000e+00  0.000000e+00  2.002060e-01  0.000000e+00  0.000000e+00
-1.544640  0.000000e+00  0.000000e+00  0.000000e+00  2.013067e-01  0.000000e+00  0.000000e+00
-1.542037  0.000000e+00  0.000000e+00  0.000000e+00  2.024090e-01  0.000000e+00  0.000000e+00
-1.539435  0.000000e+00  0.000000e+00  0.000000e+00  2.035118e-01  0.000000e+00  0.000000e+00
-1.536833  0.000000e+00  0.000000e+00  0.000000e+00  2.046140e-01  0.000000e+00  0.000000e+00
-1.534231  0.000000e+00  0.000000e+00  0.000000e+00  2.057147e-01  0.000000e+00  0.000000e+00
-1.531629  0.000000e+00  0.000000e+00  0.000000e+00  2.068126e-01  0.000000e+00  0.000000e+00
-1.529027  0.000000e+00  0.000000e+00  0.000000e+00  2.079071e-01  0.000000e+00  0.000000e+00
-1.526425  0.000000e+00  0.000000e+00  0.000000e+00  2.089985e-01  0.000000e+00  0.000000e+00
-1.523823  0.000000e+00  0.000000e+00  0.000000e+00  2.100873e-01  0.000000e+00  0.000000e+00
-1.521221  0.000000e+00  0.000000e+00  0.000000e+00  2.111741e-01  0.000000e+00  0.000000e+00
-1.518619  0.000000e+00  0.000000e+00  0.000000e+00  2.122596e-01  0.000000e+00  0.000000e+00
-1.516017  0.000000e+00  0.000000e+00  0.000000e+00  2.133444e-01  0.000000e+00  0.000000e+00
-1.513415  0.000000e+00  0.000000e+00  0.000000e+00  2.144291e-01  0.000000e+00  0.000000e+00
-1.510813  0.000000e+00  0.000000e+00  0.000000e+00  2.155144e-01  0.000000e+00  0.000000e+00
-1.508211  0.000000e+00  0.000000e+00  0.000000e+00  2.166008e-01  0.000000e+00  0.000000e+00
-1.505609  0.000000e+00  0.000000e+00  0.000000e+00  2.176890e-01  0.000000e+00  0.000000e+00
-1.503007  0.000000e+00  0.000000e+00  0.000000e+00  2.187797e-01  0.000000e+00  0.000000e+00
-1.500404  0.000000e+00  0.000000e+00  0.000000e+00  2.198735e-01  0.000000e+00  0.000000e+00
-1.497802  0.000000e+00  0.000000e+00  0.000000e+00  2.209710e-01  0.000000e+00  0.000000e+00
-1.495200  0.000000e+00  0.000000e+00  0.000000e+00  2.220731e-01  0.000000e+00  0.000000e+00
-1.492598  0.000000e+00  0.000000e+00  0.000000e+00  2.231803e-01  0.000000e+00  0.000000e+00
-1.489996  0.000000e+00  0.000000e+00  0.000000e+00  2.242933e-01  0.000000e+00  0.000000e+00
-1.487394  0.000000e+00  0.000000e+00  0.000000e+00  2.254128e-01  0.000000e+00  0.000000e+00
-1.484792  0.000000e+00  0.000000e+00  0.000000e+00  2.265396e-01  0.000000e+00  0.000000e+00
-1.482190  0.000000e+00  0.000000e+00  0.000000e+00  2.276743e-01  0.000000e+00  0.000000e+00
-1.479588  0.000000e+00  0.000000e+00  0.000000e+00  2.288165e-01  0.000000e+00  0.000000e+00
-1.476986  0.000000e+00  0.000000e+00  0.000000e+00  2.299655e-01  0.000000e+00  0.000000e+00
-1.474384  0.000000e+00  0.000000e+00  0.000000e+00  2.311204e-01  0.000000e+00  0.000000e+00
-1.471782  0.000000e+00  0.000000e+00  0.000000e+00  2.322806e-01  0.000000e+00  0.000000e+00
-1.469180  0.000000e+00  0.000000e+00  0.000000e+00  2.334452e-01  0.000000e+00  0.000000e+00
-1.466578  0.000000e+00  0.000000e+00  0.000000e+00  2.346134e-01  0.000000e+00  0.000000e+00
-1.463976  0.000000e+00  0.000000e+00  0.000000e+00  2.357843e-01  0.000000e+00  0.000000e+00
-1.461374  0.000000e+00  0.000000e+00  0.000000e+00  2.369571e-01  0.000000e+00  0.000000e+00
-1.458772  0.000000e+00  0.000000e+00  0.000000e+00  2.381310e-01  0.000000e+00  0.000000e+00
-1.456169  0.000000e+00  0.000000e+00  0.000000e+00  2.393051e-01  0.000000e+00  0.000000e+00
-1.453567  0.000000e+00  0.000000e+00  0.000000e+00  2.404786e-01  0.000000e+00  0.000000e+00
-1.450965  0.000000e+00  0.000000e+00  0.000000e+00  2.416505e-01  0.000000e+00  0.000000e+00
-1.448363  0.000000e+00  0.000000e+00  0.000000e+00  2.428199e-01  0.000000e+00  0.000000e+00
-1.445761  0.000000e+00  0.000000e+00  0.000000e+00  2.439861e-01  0.000000e+00  0.000000e+00
-1.443159  0.000000e+00  0.000000e+00  0.000000e+00  2.451480e-01  0.000000e+00  0.000000e+00
-1.440557  0.000000e+00  0.000000e+00  0.000000e+00  2.463047e-01  0.000000e+00  0.000000e+00
-1.437955  0.000000e+00  0.000000e+00  0.000000e+00  2.474553e-01  0.000000e+00  0.000000e+00
-1.435353  0.000000e+00  0.000000e+00  0.000000e+00  2.485989e-01  0.000000e+00  0.000000e+00
-1.432751  0.000000e+00  0.000000e+00  0.000000e+00  2.497354e-01  0.000000e+00  0.000000e+00
-1.430149  0.000000e+00  0.000000e+00  0.000000e+00  2.508655e-01  0.000000e+00  0.000000e+00
-1.427547  0.000000e+00  0.000000e+00  0.000000e+00  2.519902e-01  0.000000e+00  0.000000e+00
-1.424945  0.000000e+00  0.000000e+00  0.000000e+00  2.531103e-01  0.000000e+00  0.000000e+00
-1.422343  0.000000e+00  0.000000e+00  0.000000e+00  2.542268e-01  0.000000e+00  0.000000e+00
-1.419741  0.000000e+00  0.000000e+00  0.000000e+00  2.553406e-01  0.000000e+00  0.000000e+00
-1.417139  0.000000e+00  0.000000e+00  0.000000e+00  2.564526e-01  0.000000e+00  0.000000e+00
-1.414537  0.000000e+00  0.000000e+00  0.000000e+00  2.575637e-01  0.000000e+00  0.000000e+00
-1.411934  0.000000e+00  0.000000e+00  0.000000e+00  2.586749e-01  0.000000e+00  0.000000e+00
-1.409332  0.000000e+00  0.000000e+00  0.000000e+00  2.597872e-01  0.000000e+00  0.000000e+00
-1.406730  0.000000e+00  0.000000e+00  0.000000e+00  2.609015e-01  0.000000e+00  0.000000e+00
-1.404128  0.000000e+00  0.000000e+00  0.000000e+00  2.620188e-01  0.000000e+00  0.000000e+00
-1.401526  0.000000e+00  0.000000e+00  0.000000e+00  2.631400e-01  0.000000e+00  0.000000e+00
-1.398924  0.000000e+00  0.000000e+00  0.000000e+00  2.642663e-01  0.000000e+00  0.000000e+00
-1.396322  0.000000e+00  0.000000e+00  0.000000e+00  2.653986e-01  0.000000e+00  0.000000e+00
-1.393720  0.000000e+00  0.000000e+00  0.000000e+00  2.665379e-01  0.000000e+00  0.000000e+00
-1.391118  0.000000e+00  0.000000e+00  0.000000e+00  2.676853e-01  0.000000e+00  0.000000e+00
-1.388516  0.000000e+00  0.000000e+00  0.000000e+00  2.688418e-01  0.000000e+00  0.000000e+00
-1.385914  0.000000e+00  0.000000e+00  0.000000e+00  2.700085e-01  0.000000e+00  0.000000e+00
-1.383312  0.000000e+00  0.000000e+00  0.000000e+00  2.711862e-01  0.000000e+00  0.000000e+00
-1.380710  0.000000e+00  0.000000e+00  0.000000e+00  2.723757e-01  0.000000e+00  0.000000e+00
-1.378108  0.000000e+00  0.000000e+00  0.000000e+00  2.735777e-01  0.000000e+00  0.000000e+00
-1.375506  0.000000e+00  0.000000e+00  0.000000e+00  2.747931e-01  0.000000e+00  0.000000e+00
-1.372904  0.000000e+00  0.000000e+00  0.000000e+00  2.760227e-01  0.000000e+00  0.000000e+00
-1.370301  0.000000e+00  0.000000e+00  0.000000e+00  2.772674e-01  0.000000e+00  0.000000e+00
-1.367699  0.000000e+00  0.000000e+00  0.000000e+00  2.785278e-01  0.000000e+00  0.000000e+00
-1.365097  0.000000e+00  0.000000e+00  0.000000e+00  2.798050e-01  0.000000e+00  0.000000e+00
-1.362495  0.000000e+00  0.000000e+00  0.000000e+00  2.810995e-01  0.000000e+00  0.000000e+00
-1.359893  0.000000e+00  0.000000e+00  0.000000e+00  2.824106e-01  0.000000e+00  0.000000e+00
-1.357291  0.000000e+00  0.000000e+00  0.000000e+00  2.837366e-01  0.000000e+00  0.000000e+00
-1.354689  0.000000e+00  0.000000e+00  0.000000e+00  2.850760e-01  0.000000e+00  0.000000e+00
-1.352087  0.000000e+00  0.000000e+00  0.000000e+00  2.864273e-01  0.000000e+00  0.000000e+00
-1.349485  0.000000e+00  0.000000e+00  0.000000e+00  2.877887e-01  0.000000e+00  0.000000e+00
-1.346883  0.000000e+00  0.000000e+00  0.000000e+00  2.891587e-01  0.000000e+00  0.000000e+00
-1.344281  0.000000e+00  0.000000e+00  0.000000e+00  2.905356e-01  0.000000e+00  0.000000e+00
-1.341679  0.000000e+00  0.000000e+00  0.000000e+00  2.919177e-01  0.000000e+00  0.000000e+00
-1.339077  0.000000e+00  0.000000e+00  0.000000e+00  2.933034e-01  0.000000e+00  0.000000e+00
-1.336475  0.000000e+00  0.000000e+00  0.000000e+00  2.946909e-01  0.000000e+00  0.000000e+00
-1.333873  0.000000e+00  0.000000e+00  0.000000e+00  2.960784e-01  0.000000e+00  0.000000e+00
-1.331271  0.000000e+00  0.000000e+00  0.000000e+00  2.974643e-01  0.000000e+00  0.000000e+00
-1.328669  0.000000e+00  0.000000e+00  0.000000e+00  2.988467e-01  0.000000e+00  0.000000e+00
-1.326066  0.000000e+00  0.000000e+00  0.000000e+00  3.002239e-01  0.000000e+00  0.000000e+00
-1.323464  0.000000e+00  0.000000e+00  0.000000e+00  3.015940e-01  0.000000e+00  0.000000e+00
-1.320862  0.000000e+00  0.000000e+00  0.000000e+00  3.029551e-01  0.000000e+00  0.000000e+00
-1.318260  0.000000e+00  0.000000e+00  0.000000e+00  3.043055e-01  0.000000e+00  0.000000e+00
-1.315658  0.000000e+00  0.000000e+00  0.000000e+00  3.056432e-01  0.000000e+00  0.000000e+00
-1.313056  0.000000e+00  0.000000e+00  0.000000e+00  3.069677e-01  0.000000e+00  0.000000e+00
-1.310454  0.000000e+00  0.000000e+00  0.000000e+00  3.082798e-01  0.000000e+00  0.000000e+00
-1.307852  0.000000e+00  0.000000e+00  0.000000e+00  3.095805e-01  0.000000e+00  0.000000e+00
-1.305250  0.000000e+00  0.000000e+00  0.000000e+00  3.108704e-01  0.000000e+00  0.000000e+00
-1.302648  0.000000e+00  0.000000e+00  0.000000e+00  3.121506e-01  0.000000e+00  0.000000e+00
-1.300046  0.000000e+00  0.000000e+00  0.000000e+00  3.134218e-01  0.000000e+00  0.000000e+00
-1.297444  0.000000e+00  0.000000e+00  0.000000e+00  3.146851e-01  0.000000e+00  0.000000e+00
-1.294842  0.000000e+00  0.000000e+00  0.000000e+00  3.159412e-01  0.000000e+00  0.000000e+00
-1.292240  0.000000e+00  0.000000e+00  0.000000e+00  3.171912e-01  0.000000e+00  0.000000e+00
-1.289638  0.000000e+00  0.000000e+00  0.000000e+00  3.184360e-01  0.000000e+00  0.000000e+00
-1.287036  0.000000e+00  0.000000e+00  0.000000e+00  3.196764e-01  0.000000e+00  0.000000e+00
-1.284434  0.000000e+00  0.000000e+00  0.000000e+00  3.209135e-01  0.000000e+00  0.000000e+00
-1.281831  0.000000e+00  0.000000e+00  0.000000e+00  3.221482e-01  0.000000e+00  0.000000e+00
-1.279229  0.000000e+00  0.000000e+00  0.000000e+00  3.233815e-01  0.000000e+00  0.000000e+00
-1.276627  0.000000e+00  0.000000e+00  0.000000e+00  3.246143e-01  0.000000e+00  0.000000e+00
-1.274025  0.000000e+00  0.000000e+00  0.000000e+00  3.258476e-01  0.000000e+00  0.000000e+00
-1.271423  0.000000e+00  0.000000e+00  0.000000e+00  3.270825e-01  0.000000e+00  0.000000e+00
-1.268821  0.000000e+00  0.000000e+00  0.000000e+00  3.283200e-01  0.000000e+00  0.000000e+00
-1.266219  0.000000e+00  0.000000e+00  0.000000e+00  3.295604e-01  0.000000e+00  0.000000e+00
-1.263617  0.000000e+00  0.000000e+00  0.000000e+00  3.308036e-01  0.000000e+00  0.000000e+00
-1.261015  0.000000e+00  0.000000e+00  0.000000e+00  3.320493e-01  0.000000e+00  0.000000e+00
-1.258413  0.000000e+00  0.000000e+00  0.000000e+00  3.332973e-01  0.000000e+00  0.000000e+00
-1.255811  0.000000e+00  0.000000e+00  0.000000e+00  3.345474e-01  0.000000e+00  0.000000e+00
-1.253209  0.000000e+00  0.000000e+00  0.000000e+00  3.357993e-01  0.000000e+00  0.000000e+00
-1.250607  0.000000e+00  0.000000e+00  0.000000e+00  3.370528e-01  0.000000e+00  0.000000e+00
-1.248005  0.000000e+00  0.000000e+00  0.000000e+00  3.383075e-01  0.000000e+00  0.000000e+00
-1.245403  0.000000e+00  0.000000e+00  0.000000e+00  3.395633e-01  0.000000e+00  0.000000e+00
-1.242801  0.000000e+00  0.000000e+00  0.000000e+00  3.408198e-01  0.000000e+00  0.000000e+00
-1.240198  0.000000e+00  0.000000e+00  0.000000e+00  3.420769e-01  0.000000e+00  0.000000e+00
-1.237596  0.000000e+00  0.000000e+00  0.000000e+00  3.433342e-01  0.000000e+00  0.000000e+00
-1.234994  0.000000e+00  0.000000e+00  0.000000e+00  3.445915e-01  0.000000e+00  0.000000e+00
-1.232392  0.000000e+00  0.000000e+00  0.000000e+00  3.458485e-01  0.000000e+00  0.000000e+00
-1.229790  0.000000e+00  0.000000e+00  0.000000e+00  3.471050e-01  0.000000e+00  0.000000e+00
-1.227188  0.000000e+00  0.000000e+00  0.000000e+00  3.483605e-01  0.000000e+00  0.000000e+00
-1.224586  0.000000e+00  0.000000e+00  0.000000e+00  3.496149e-01  0.000000e+00  0.000000e+00
-1.221984  0.000000e+00  0.000000e+00  0.000000e+00  3.508678e-01  0.000000e+00  0.000000e+00
-1.219382  0.000000e+00  0.000000e+00  0.000000e+00  3.521192e-01  0.000000e+00  0.000000e+00
-1.216780  0.000000e+00  0.000000e+00  0.000000e+00  3.533692e-01  0.000000e+00  0.000000e+00
-1.214178  0.000000e+00  0.000000e+00  0.000000e+00  3.546182e-01  0.000000e+00  0.000000e+00
-1.211576  0.000000e+00  0.000000e+00  0.000000e+00  3.558663e-01  0.000000e+00  0.000000e+00
-1.208974  0.000000e+00  0.000000e+00  0.000000e+00  3.571139e-01  0.000000e+00  0.000000e+00
-1.206372  0.000000e+00  0.000000e+00  0.000000e+00  3.583612e-01  0.000000e+00  0.000000e+00
-1.203770  0.000000e+00  0.000000e+00  0.000000e+00  3.596085e-01  0.000000e+00  0.000000e+00
-1.201168  0.000000e+00  0.000000e+00  0.000000e+00  3.608562e-01  0.000000e+00  0.000000e+00
-1.198566  0.000000e+00  0.000000e+00  0.000000e+00  3.621044e-01  0.000000e+00  0.000000e+00
-1.195963  0.000000e+00  0.000000e+00  0.000000e+00  3.633534e-01  0.000000e+00  0.000000e+00
-1.193361  0.000000e+00  0.000000e+00  0.000000e+00  3.646037e-01  0.000000e+00  0.000000e+00
-1.190759  0.000000e+00  0.000000e+00  0.000000e+00  3.658553e-01  0.000000e+00  0.000000e+00
-1.188157  0.000000e+00  0.000000e+00  0.000000e+00  3.671088e-01  0.000000e+00  0.000000e+00
-1.185555  0.000000e+00  0.000000e+00  0.000000e+00  3.683642e-01  0.000000e+00  0.000000e+00
-1.182953  0.000000e+00  0.000000e+00  0.000000e+00  3.696220e-01  0.000000e+00  0.000000e+00
-1.180351  0.000000e+00  0.000000e+00  0.000000e+00  3.708825e-01  0.000000e+00  0.000000e+00
-1.177749  0.000000e+00  0.000000e+00  0.000000e+00  3.721459e-01  0.000000e+00  0.000000e+00
-1.175147  0.000000e+00  0.000000e+00  0.000000e+00  3.734126e-01  0.000000e+00  0.000000e+00
-1.172545  0.000000e+00  0.000000e+00  0.000000e+00  3.746828e-01  0.000000e+00  0.000000e+00
-1.169943  0.000000e+00  0.000000e+00  0.000000e+00  3.759563e-01  0.000000e+00  0.000000e+00
-1.167341  0.000000e+00  0.000000e+00  0.000000e+00  3.772323e-01  0.000000e+00  0.000000e+00
-1.164739  0.000000e+00  0.000000e+00  0.000000e+00  3.785105e-01  0.000000e+00  0.000000e+00
-1.162137  0.000000e+00  0.000000e+00  0.000000e+00  3.797902e-01  0.000000e+00  0.000000e+00
-1.159535  0.000000e+00  0.000000e+00  0.000000e+00  3.810708e-01  0.000000e+00  0.000000e+00
-1.156933  0.000000e+00  0.000000e+00  0.000000e+00  3.823517e-01  0.000000e+00  0.000000e+00
-1.154331  0.000000e+00  0.000000e+00  0.000000e+00  3.836323e-01  0.000000e+00  0.000000e+00
-1.151728  0.000000e+00  0.000000e+00  0.000000e+00  3.849120e-01  0.000000e+00  0.000000e+00
-1.149126  0.000000e+00  0.000000e+00  0.000000e+00  3.861902e-01  0.000000e+00  0.000000e+00
-1.146524  0.000000e+00  0.000000e+00  0.000000e+00  3.874662e-01  0.000000e+00  0.000000e+00
-1.143922  0.000000e+00  0.000000e+00  0.000000e+00  3.887395e-01  0.000000e+00  0.000000e+00
-1.141320  0.000000e+00  0.000000e+00  0.000000e+00  3.900093e-01  0.000000e+00  0.000000e+00
-1.138718  0.000000e+00  0.000000e+00  0.000000e+00  3.912751e-01  0.000000e+00  0.000000e+00
-1.136116  0.000000e+00  0.000000e+00  0.000000e+00  3.925361e-01  0.000000e+00  0.000000e+00
-1.133514  0.000000e+00  0.000000e+00  0.000000e+00  3.937917e-01  0.000000e+00  0.000000e+00
-1.130912  0.000000e+00  0.000000e+00  0.000000e+00  3.950413e-01  0.000000e+00  0.000000e+00
-1.128310  0.000000e+00  0.000000e+00  0.000000e+00  3.962840e-01  0.000000e+00  0.000000e+00
-1.125708  0.000000e+00  0.000000e+00  0.000000e+00  3.975194e-01  0.000000e+00  0.000000e+00
-1.123106  0.000000e+00  0.000000e+00  0.000000e+00  3.987471e-01  0.000000e+00  0.000000e+00
-1.120504  0.000000e+00  0.000000e+00  0.000000e+00  3.999675e-01  0.000000e+00  0.000000e+00
-1.117902  0.000000e+00  0.000000e+00  0.000000e+00  4.011808e-01  0.000000e+00  0.000000e+00
-1.115300  0.000000e+00  0.000000e+00  0.000000e+00  4.023872e-01  0.000000e+00  0.000000e+00
-1.112698  0.000000e+00  0.000000e+00  0.000000e+00  4.035871e-01  0.000000e+00  0.000000e+00
-1.110095  0.000000e+00  0.000000e+00  0.000000e+00  4.047807e-01  0.000000e+00  0.000000e+00
-1.107493  0.000000e+00  0.000000e+00  0.000000e+00  4.059682e-01  0.000000e+00  0.000000e+00
-1.104891  0.000000e+00  0.000000e+00  0.000000e+00  4.071499e-01  0.000000e+00  0.000000e+00
-1.102289  0.000000e+00  0.000000e+00  0.000000e+00  4.083261e-01  0.000000e+00  0.000000e+00
-1.099687  0.000000e+00  0.000000e+00  0.000000e+00  4.094971e-01  0.000000e+00  0.000000e+00
-1.097085  0.000000e+00  0.000000e+00  0.000000e+00  4.106631e-01  0.000000e+00  0.000000e+00
-1.094483  0.000000e+00  0.000000e+00  0.000000e+00  4.118243e-01  0.000000e+00  0.000000e+00
-1.091881  0.000000e+00  0.000000e+00  0.000000e+00  4.129812e-01  0.000000e+00  0.000000e+00
-1.089279  0.000000e+00  0.000000e+00  0.000000e+00  4.141339e-01  0.000000e+00  0.000000e+00
-1.086677  0.000000e+00  0.000000e+00  0.000000e+00  4.152828e-01  0.000000e+00  0.000000e+00
-1.084075  0.000000e+00  0.000000e+00  0.000000e+00  4.164281e-01  0.000000e+00  0.000000e+00
-1.081473  0.000000e+00  0.000000e+00  0.000000e+00  4.175702e-01  0.000000e+00  0.000000e+00
-1.078871  0.000000e+00  0.000000e+00  0.000000e+00  4.187092e-01  0.000000e+00  0.000000e+00
-1.076269  0.000000e+00  0.000000e+00  0.000000e+00  4.198452e-01  0.000000e+00  0.000000e+00
-1.073667  0.000000e+00  0.000000e+00  0.000000e+00  4.209776e-01  0.000000e+00  0.000000e+00
-1.071065  0.000000e+00  0.000000e+00  0.000000e+00  4.221057e-01  0.000000e+00  0.000000e+00
-1.068463  0.000000e+00  0.000000e+00  0.000000e+00  4.232291e-01  0.000000e+00  0.000000e+00
-1.065860  0.000000e+00  0.000000e+00  0.000000e+00  4.243469e-01  0.000000e+00  0.000000e+00
-1.063258  0.000000e+00  0.000000e+00  0.000000e+00  4.254587e-01  0.000000e+00  0.000000e+00
-1.060656  0.000000e+00  0.000000e+00  0.000000e+00  4.265638e-01  0.000000e+00  0.000000e+00
-1.058054  0.000000e+00  0.000000e+00  0.000000e+00  4.276615e-01  0.000000e+00  0.000000e+00
-1.055452  0.000000e+00  0.000000e+00  0.000000e+00  4.287512e-01  0.000000e+00  0.000000e+00
-1.052850  0.000000e+00  0.000000e+00  0.000000e+00  4.298323e-01  0.000000e+00  0.000000e+00
-1.050248  0.000000e+00  0.000000e+00  0.000000e+00  4.309040e-01  0.000000e+00  0.000000e+00
-1.047646  0.000000e+00  0.000000e+00  0.000000e+00  4.319658e-01  0.000000e+00  0.000000e+00
-1.045044  0.000000e+00  0.000000e+00  0.000000e+00  4.330168e-01  0.000000e+00  0.000000e+00
-1.042442  0.000000e+00  0.000000e+00  0.000000e+00  4.340564e-01  0.000000e+00  0.000000e+00
-1.039840  0.000000e+00  0.000000e+00  0.000000e+00  4.350840e-01  0.000000e+00  0.000000e+00
-1.037238  0.000000e+00  0.000000e+00  0.000000e+00  4.360987e-01  0.000000e+00  0.000000e+00
-1.034636  0.000000e+00  0.000000e+00  0.000000e+00  4.370999e-01  0.000000e+00  0.000000e+00
-1.032034  0.000000e+00  0.000000e+00  0.000000e+00  4.380869e-01  0.000000e+00  0.000000e+00
-1.029432  0.000000e+00  0.000000e+00  0.000000e+00  4.390591e-01  0.000000e+00  0.000000e+00
-1.026830  0.000000e+00  0.000000e+00  0.000000e+00  4.400170e-01  0.000000e+00  0.000000e+00
-1.024228  0.000000e+00  0.000000e+00  0.000000e+00  4.409615e-01  0.000000e+00  0.000000e+00
-1.021625  0.000000e+00  0.000000e+00  0.000000e+00  4.418934e-01  0.000000e+00  0.000000e+00
-1.019023  0.000000e+00  0.000000e+00  0.000000e+00  4.428134e-01  0.000000e+00  0.000000e+00
-1.016421  0.000000e+00  0.000000e+00  0.000000e+00  4.437224e-01  0.000000e+00  0.000000e+00
-1.013819  0.000000e+00  0.000000e+00  0.000000e+00  4.446212e-01  0.000000e+00  0.000000e+00
-1.011217  0.000000e+00  0.000000e+00  0.000000e+00  4.455107e-01  0.000000e+00  0.000000e+00
-1.008615  0.000000e+00  0.000000e+00  0.000000e+00  4.463917e-01  0.000000e+00  0.000000e+00
-1.006013  0.000000e+00  0.000000e+00  0.000000e+00  4.472650e-01  0.000000e+00  0.000000e+00
-1.003411  0.000000e+00  0.000000e+00  0.000000e+00  4.481316e-01  0.000000e+00  0.000000e+00
-1.000809  0.000000e+00  0.000000e+00  0.000000e+00  4.489923e-01  0.000000e+00  0.000000e+00
-0.998207  0.000000e+00  0.000000e+00  0.000000e+00  4.498481e-01  0.000000e+00  0.000000e+00
-0.995605  0.000000e+00  0.000000e+00  0.000000e+00  4.506997e-01  0.000000e+00  0.000000e+00
-0.993003  0.000000e+00  0.000000e+00  0.000000e+00  4.515481e-01  0.000000e+00  0.000000e+00
-0.990401  0.000000e+00  0.000000e+00  0.000000e+00  4.523943e-01  0.000000e+00  0.000000e+00
-0.987799  0.000000e+00  0.000000e+00  0.000000e+00  4.532392e-01  0.000000e+00  0.000000e+00
-0.985197  0.000000e+00  0.000000e+00  0.000000e+00  4.540836e-01  0.000000e+00  0.000000e+00
-0.982595  0.000000e+00  0.000000e+00  0.000000e+00  4.549286e-01  0.000000e+00  0.000000e+00
-0.979992  0.000000e+00  0.000000e+00  0.000000e+00  4.557750e-01  0.000000e+00  0.000000e+00
-0.977390  0.000000e+00  0.000000e+00  0.000000e+00  4.566229e-01  0.000000e+00  0.000000e+00
-0.974788  0.000000e+00  0.000000e+00  0.000000e+00  4.574728e-01  0.000000e+00  0.000000e+00
-0.972186  0.000000e+00  0.000000e+00  0.000000e+00  4.583248e-01  0.000000e+00  0.000000e+00
-0.969584  0.000000e+00  0.000000e+00  0.000000e+00  4.591792e-01  0.000000e+00  0.000000e+00
-0.966982  0.000000e+00  0.000000e+00  0.000000e+00  4.600361e-01  0.000000e+00  0.000000e+00
-0.964380  0.000000e+00  0.000000e+00  0.000000e+00  4.608959e-01  0.000000e+00  0.000000e+00
-0.961778  0.000000e+00  0.000000e+00  0.000000e+00  4.617588e-01  0.000000e+00  0.000000e+00
-0.959176  0.000000e+00  0.000000e+00  0.000000e+00  4.626250e-01  0.000000e+00  0.000000e+00
-0.956574  0.000000e+00  0.000000e+00  0.000000e+00  4.634949e-01  0.000000e+00  0.000000e+00
-0.953972  0.000000e+00  0.000000e+00  0.000000e+00  4.643685e-01  0.000000e+00  0.000000e+00
-0.951370  0.000000e+00  0.000000e+00  0.000000e+00  4.652463e-01  0.000000e+00  0.000000e+00
-0.948768  0.000000e+00  0.000000e+00  0.000000e+00  4.661285e-01  0.000000e+00  0.000000e+00
-0.946166  0.000000e+00  0.000000e+00  0.000000e+00  4.670153e-01  0.000000e+00  0.000000e+00
-0.943564  0.000000e+00  0.000000e+00  0.000000e+00  4.679070e-01  0.000000e+00  0.000000e+00
-0.940962  0.000000e+00  0.000000e+00  0.000000e+00  4.688038e-01  0.000000e+00  0.000000e+00
-0.938360  0.000000e+00  0.000000e+00  0.000000e+00  4.697062e-01  0.000000e+00  0.000000e+00
-0.935757  0.000000e+00  0.000000e+00  0.000000e+00  4.706142e-01  0.000000e+00  0.000000e+00
-0.933155  0.000000e+00  0.000000e+00  0.000000e+00  4.715280e-01  0.000000e+00  0.000000e+00
-0.930553  0.000000e+00  0.000000e+00  0.000000e+00  4.724461e-01  0.000000e+00  0.000000e+00
-0.927951  0.000000e+00  0.000000e+00  0.000000e+00  4.733669e-01  0.000000e+00  0.000000e+00
-0.925349  0.000000e+00  0.000000e+00  0.000000e+00  4.742883e-01  0.000000e+00  0.000000e+00
-0.922747  0.000000e+00  0.000000e+00  0.000000e+00  4.752086e-01  0.000000e+00  0.000000e+00
-0.920145  0.000000e+00  0.000000e+00  0.000000e+00  4.761259e-01  0.000000e+00  0.000000e+00
-0.917543  0.000000e+00  0.000000e+00  0.000000e+00  4.770383e-01  0.000000e+00  0.000000e+00
-0.914941  0.000000e+00  0.000000e+00  0.000000e+00  4.779438e-01  0.000000e+00  0.000000e+00
-0.912339  0.000000e+00  0.000000e+00  0.000000e+00  4.788406e-01  0.000000e+00  0.000000e+00
-0.909737  0.000000e+00  0.000000e+00  0.000000e+00  4.797266e-01  0.000000e+00  0.000000e+00
-0.907135  0.000000e+00  0.000000e+00  0.000000e+00  4.805998e-01  0.000000e+00  0.000000e+00
-0.904533  0.000000e+00  0.000000e+00  0.000000e+00  4.814581e-01  0.000000e+00  0.000000e+00
-0.901931  0.000000e+00  0.000000e+00  0.000000e+00  4.822997e-01  0.000000e+00  0.000000e+00
-0.899329  0.000000e+00  0.000000e+00  0.000000e+00  4.831223e-01  0.000000e+00  0.000000e+00
-0.896727  0.000000e+00  0.000000e+00  0.000000e+00  4.839238e-01  0.000000e+00  0.000000e+00
-0.894125  0.000000e+00  0.000000e+00  0.000000e+00  4.847023e-01  0.000000e+00  0.000000e+00
-0.891522  0.000000e+00  0.000000e+00  0.000000e+00  4.854553e-01  0.000000e+00  0.000000e+00
-0.888920  0.000000e+00  0.000000e+00  0.000000e+00  4.861809e-01  0.000000e+00  0.000000e+00
-0.886318  0.000000e+00  0.000000e+00  0.000000e+00  4.868780e-01  0.000000e+00  0.000000e+00
-0.883716  0.000000e+00  0.000000e+00  0.000000e+00  4.875482e-01  0.000000e+00  0.000000e+00
-0.881114  0.000000e+00  0.000000e+00  0.000000e+00  4.881938e-01  0.000000e+00  0.000000e+00
-0.878512  0.000000e+00  0.000000e+00  0.000000e+00  4.888168e-01  0.000000e+00  0.000000e+00
-0.875910  0.000000e+00  0.000000e+00  0.000000e+00  4.894195e-01  0.000000e+00  0.000000e+00
-0.873308  0.000000e+00  0.000000e+00  0.000000e+00  4.900039e-01  0.000000e+00  0.000000e+00
-0.870706  0.000000e+00  0.000000e+00  0.000000e+00  4.905724e-01  0.000000e+00  0.000000e+00
-0.868104  0.000000e+00  0.000000e+00  0.000000e+00  4.911272e-01  0.000000e+00  0.000000e+00
-0.865502  0.000000e+00  0.000000e+00  0.000000e+00  4.916705e-01  0.000000e+00  0.000000e+00
-0.862900  0.000000e+00  0.000000e+00  0.000000e+00  4.922046e-01  0.000000e+00  0.000000e+00
-0.860298  0.000000e+00  0.000000e+00  0.000000e+00  4.927319e-01  0.000000e+00  0.000000e+00
-0.857696  0.000000e+00  0.000000e+00  0.000000e+00  4.932548e-01  0.000000e+00  0.000000e+00
-0.855094  0.000000e+00  0.000000e+00  0.000000e+00  4.937755e-01  0.000000e+00  0.000000e+00
-0.852492  0.000000e+00  0.000000e+00  0.000000e+00  4.942965e-01  0.000000e+00  0.000000e+00
-0.849889  0.000000e+00  0.000000e+00  0.000000e+00  4.948203e-01  0.000000e+00  0.000000e+00
-0.847287  0.000000e+00  0.000000e+00  0.000000e+00  4.953493e-01  0.000000e+00  0.000000e+00
-0.844685  0.000000e+00  0.000000e+00  0.000000e+00  4.958860e-01  0.000000e+00  0.000000e+00
-0.842083  0.000000e+00  0.000000e+00  0.000000e+00  4.964329e-01  0.000000e+00  0.000000e+00
-0.839481  0.000000e+00  0.000000e+00  0.000000e+00  4.969921e-01  0.000000e+00  0.000000e+00
-0.836879  0.000000e+00  0.000000e+00  0.000000e+00  4.975628e-01  0.000000e+00  0.000000e+00
-0.834277  0.000000e+00  0.000000e+00  0.000000e+00  4.981426e-01  0.000000e+00  0.000000e+00
-0.831675  0.000000e+00  0.000000e+00  0.000000e+00  4.987294e-01  0.000000e+00  0.000000e+00
-0.829073  0.000000e+00  0.000000e+00  0.000000e+00  4.993209e-01  0.000000e+00  0.000000e+00
-0.826471  0.000000e+00  0.000000e+00  0.000000e+00  4.999147e-01  0.000000e+00  0.000000e+00
-0.823869  0.000000e+00  0.000000e+00  0.000000e+00  5.005087e-01  0.000000e+00  0.000000e+00
-0.821267  0.000000e+00  0.000000e+00  0.000000e+00  5.011003e-01  0.000000e+00  0.000000e+00
-0.818665  0.000000e+00  0.000000e+00  0.000000e+00  5.016873e-01  0.000000e+00  0.000000e+00
-0.816063  0.000000e+00  0.000000e+00  0.000000e+00  5.022672e-01  0.000000e+00  0.000000e+00
-0.813461  0.000000e+00  0.000000e+00  0.000000e+00  5.028376e-01  0.000000e+00  0.000000e+00
-0.810859  0.000000e+00  0.000000e+00  0.000000e+00  5.033960e-01  0.000000e+00  0.000000e+00
-0.808257  0.000000e+00  0.000000e+00  0.000000e+00  5.039400e-01  0.000000e+00  0.000000e+00
-0.805654  0.000000e+00  0.000000e+00  0.000000e+00  5.044669e-01  0.000000e+00  0.000000e+00
-0.803052  0.000000e+00  0.000000e+00  0.000000e+00  5.049742e-01  0.000000e+00  0.000000e+00
-0.800450  0.000000e+00  0.000000e+00  0.000000e+00  5.054594e-01  0.000000e+00  0.000000e+00
-0.797848  0.000000e+00  0.000000e+00  0.000000e+00  5.059198e-01  0.000000e+00  0.000000e+00
-0.795246  0.000000e+00  0.000000e+00  0.000000e+00  5.063528e-01  0.000000e+00  0.000000e+00
-0.792644  0.000000e+00  0.000000e+00  0.000000e+00  5.067567e-01  0.000000e+00  0.000000e+00
-0.790042  0.000000e+00  0.000000e+00  0.000000e+00  5.071323e-01  0.000000e+00  0.000000e+00
-0.787440  0.000000e+00  0.000000e+00  0.000000e+00  5.074804e-01  0.000000e+00  0.000000e+00
-0.784838  0.000000e+00  0.000000e+00  0.000000e+00  5.078019e-01  0.000000e+00  0.000000e+00
-0.782236  0.000000e+00  0.000000e+00  0.000000e+00  5.080977e-01  0.000000e+00  0.000000e+00
-0.779634  0.000000e+00  0.000000e+00  0.000000e+00  5.083687e-01  0.000000e+00  0.000000e+00
-0.777032  0.000000e+00  0.000000e+00  0.000000e+00  5.086158e-01  0.000000e+00  0.000000e+00
-0.774430  0.000000e+00  0.000000e+00  0.000000e+00  5.088401e-01  0.000000e+00  0.000000e+00
-0.771828  0.000000e+00  0.000000e+00  0.000000e+00  5.090424e-01  0.000000e+00  0.000000e+00
-0.769226  0.000000e+00  0.000000e+00  0.000000e+00  5.092237e-01  0.000000e+00  0.000000e+00
-0.766624  0.000000e+00  0.000000e+00  0.000000e+00  5.093849e-01  0.000000e+00  0.000000e+00
-0.764022  0.000000e+00  0.000000e+00  0.000000e+00  5.095271e-01  0.000000e+00  0.000000e+00
-0.761419  0.000000e+00  0.000000e+00  0.000000e+00  5.096512e-01  0.000000e+00  0.000000e+00
-0.758817  0.000000e+00  0.000000e+00  0.000000e+00  5.097583e-01  0.000000e+00  0.000000e+00
-0.756215  0.000000e+00  0.000000e+00  0.000000e+00  5.098493e-01  0.000000e+00  0.000000e+00
-0.753613  0.000000e+00  0.000000e+00  0.000000e+00  5.099253e-01  0.000000e+00  0.000000e+00
-0.751011  0.000000e+00  0.000000e+00  0.000000e+00  5.099873e-01  0.000000e+00  0.000000e+00
-0.748409  0.000000e+00  0.000000e+00  0.000000e+00  5.100364e-01  0.000000e+00  0.000000e+00
-0.745807  0.000000e+00  0.000000e+00  0.000000e+00  5.100736e-01  0.000000e+00  0.000000e+00
-0.743205  0.000000e+00  0.000000e+00  0.000000e+00  5.101000e-01  0.000000e+00  0.000000e+00
-0.740603  0.000000e+00  0.000000e+00  0.000000e+00  5.101167e-01  0.000000e+00  0.000000e+00
-0.738001  0.000000e+00  0.000000e+00  0.000000e+00  5.101247e-01  0.000000e+00  0.000000e+00
-0.735399  0.000000e+00  0.000000e+00  0.000000e+00  5.101253e-01  0.000000e+00  0.000000e+00
-0.732797  0.000000e+00  0.000000e+00  0.000000e+00  5.101195e-01  0.000000e+00  0.000000e+00
-0.730195  0.000000e+00  0.000000e+00  0.000000e+00  5.101084e-01  0.000000e+00  0.000000e+00
-0.727593  0.000000e+00  0.000000e+00  0.000000e+00  5.100932e-01  0.000000e+00  0.000000e+00
-0.724991  0.000000e+00  0.000000e+00  0.000000e+00  5.100752e-01  0.000000e+00  0.000000e+00
-0.722389  0.000000e+00  0.000000e+00  0.000000e+00  5.100553e-01  0.000000e+00  0.000000e+00
-0.719786  0.000000e+00  0.000000e+00  0.000000e+00  5.100349e-01  0.000000e+00  0.000000e+00
-0.717184  0.000000e+00  0.000000e+00  0.000000e+00  5.100152e-01  0.000000e+00  0.000000e+00
-0.714582  0.000000e+00  0.000000e+00  0.000000e+00  5.099974e-01  0.000000e+00  0.000000e+00
-0.711980  0.000000e+00  0.000000e+00  0.000000e+00  5.099826e-01  0.000000e+00  0.000000e+00
-0.709378  0.000000e+00  0.000000e+00  0.000000e+00  5.099722e-01  0.000000e+00  0.000000e+00
-0.706776  0.000000e+00  0.000000e+00  0.000000e+00  5.099675e-01  0.000000e+00  0.000000e+00
-0.704174  0.000000e+00  0.000000e+00  0.000000e+00  5.099697e-01  0.000000e+00  0.000000e+00
-0.701572  0.000000e+00  0.000000e+00  0.000000e+00  5.099801e-01  0.000000e+00  0.000000e+00
-0.698970  0.000000e+00  0.000000e+00  0.000000e+00  5.100000e-01  0.000000e+00  0.000000e+00
