# IBD cross section (10^-38 cm^2/GeV) #   From Strumia & Vissani astro-ph/0302055v2
# log(energy in GeV)  nu_e      nu_mu      nu_tau      nu_e_bar      nu_mu_bar    nu_tau_bar # 
 

-3.30103  0 0 0 0 0 0 
-3.29873  0 0 0 0 0 0 
-3.29643  0 0 0 0 0 0 
-3.29413  0 0 0 0 0 0 
-3.29183  0 0 0 0 0 0 
-3.28952  0 0 0 0 0 0 
-3.28722  0 0 0 0 0 0 
-3.28492  0 0 0 0 0 0 
-3.28262  0 0 0 0 0 0 
-3.28032  0 0 0 0 0 0 
-3.27802  0 0 0 0 0 0 
-3.27572  0 0 0 0 0 0 
-3.27342  0 0 0 0 0 0 
-3.27112  0 0 0 0 0 0 
-3.26882  0 0 0 0 0 0 
-3.26651  0 0 0 0 0 0 
-3.26421  0 0 0 0 0 0 
-3.26191  0 0 0 0 0 0 
-3.25961  0 0 0 0 0 0 
-3.25731  0 0 0 0 0 0 
-3.25501  0 0 0 0 0 0 
-3.25271  0 0 0 0 0 0 
-3.25041  0 0 0 0 0 0 
-3.24811  0 0 0 0 0 0 
-3.24581  0 0 0 0 0 0 
-3.2435  0 0 0 0 0 0 
-3.2412  0 0 0 0 0 0 
-3.2389  0 0 0 0 0 0 
-3.2366  0 0 0 0 0 0 
-3.2343  0 0 0 0 0 0 
-3.232  0 0 0 0 0 0 
-3.2297  0 0 0 0 0 0 
-3.2274  0 0 0 0 0 0 
-3.2251  0 0 0 0 0 0 
-3.22279  0 0 0 0 0 0 
-3.22049  0 0 0 0 0 0 
-3.21819  0 0 0 0 0 0 
-3.21589  0 0 0 0 0 0 
-3.21359  0 0 0 0 0 0 
-3.21129  0 0 0 0 0 0 
-3.20899  0 0 0 0 0 0 
-3.20669  0 0 0 0 0 0 
-3.20439  0 0 0 0 0 0 
-3.20209  0 0 0 0 0 0 
-3.19978  0 0 0 0 0 0 
-3.19748  0 0 0 0 0 0 
-3.19518  0 0 0 0 0 0 
-3.19288  0 0 0 0 0 0 
-3.19058  0 0 0 0 0 0 
-3.18828  0 0 0 0 0 0 
-3.18598  0 0 0 0 0 0 
-3.18368  0 0 0 0 0 0 
-3.18138  0 0 0 0 0 0 
-3.17908  0 0 0 0 0 0 
-3.17677  0 0 0 0 0 0 
-3.17447  0 0 0 0 0 0 
-3.17217  0 0 0 0 0 0 
-3.16987  0 0 0 0 0 0 
-3.16757  0 0 0 0 0 0 
-3.16527  0 0 0 0 0 0 
-3.16297  0 0 0 0 0 0 
-3.16067  0 0 0 0 0 0 
-3.15837  0 0 0 0 0 0 
-3.15607  0 0 0 0 0 0 
-3.15376  0 0 0 0 0 0 
-3.15146  0 0 0 0 0 0 
-3.14916  0 0 0 0 0 0 
-3.14686  0 0 0 0 0 0 
-3.14456  0 0 0 0 0 0 
-3.14226  0 0 0 0 0 0 
-3.13996  0 0 0 0 0 0 
-3.13766  0 0 0 0 0 0 
-3.13536  0 0 0 0 0 0 
-3.13305  0 0 0 0 0 0 
-3.13075  0 0 0 0 0 0 
-3.12845  0 0 0 0 0 0 
-3.12615  0 0 0 0 0 0 
-3.12385  0 0 0 0 0 0 
-3.12155  0 0 0 0 0 0 
-3.11925  0 0 0 0 0 0 
-3.11695  0 0 0 0 0 0 
-3.11465  0 0 0 0 0 0 
-3.11235  0 0 0 0 0 0 
-3.11004  0 0 0 0 0 0 
-3.10774  0 0 0 0 0 0 
-3.10544  0 0 0 0 0 0 
-3.10314  0 0 0 0 0 0 
-3.10084  0 0 0 0 0 0 
-3.09854  0 0 0 0 0 0 
-3.09624  0 0 0 0 0 0 
-3.09394  0 0 0 0 0 0 
-3.09164  0 0 0 0 0 0 
-3.08934  0 0 0 0 0 0 
-3.08703  0 0 0 0 0 0 
-3.08473  0 0 0 0 0 0 
-3.08243  0 0 0 0 0 0 
-3.08013  0 0 0 0 0 0 
-3.07783  0 0 0 0 0 0 
-3.07553  0 0 0 0 0 0 
-3.07323  0 0 0 0 0 0 
-3.07093  0 0 0 0 0 0 
-3.06863  0 0 0 0 0 0 
-3.06632  0 0 0 0 0 0 
-3.06402  0 0 0 0 0 0 
-3.06172  0 0 0 0 0 0 
-3.05942  0 0 0 0 0 0 
-3.05712  0 0 0 0 0 0 
-3.05482  0 0 0 0 0 0 
-3.05252  0 0 0 0 0 0 
-3.05022  0 0 0 0 0 0 
-3.04792  0 0 0 0 0 0 
-3.04562  0 0 0 0 0 0 
-3.04331  0 0 0 0 0 0 
-3.04101  0 0 0 0 0 0 
-3.03871  0 0 0 0 0 0 
-3.03641  0 0 0 0 0 0 
-3.03411  0 0 0 0 0 0 
-3.03181  0 0 0 0 0 0 
-3.02951  0 0 0 0 0 0 
-3.02721  0 0 0 0 0 0 
-3.02491  0 0 0 0 0 0 
-3.02261  0 0 0 0 0 0 
-3.0203  0 0 0 0 0 0 
-3.018  0 0 0 0 0 0 
-3.0157  0 0 0 0 0 0 
-3.0134  0 0 0 0 0 0 
-3.0111  0 0 0 0 0 0 
-3.0088  0 0 0 0 0 0 
-3.0065  0 0 0 0 0 0 
-3.0042  0 0 0 0 0 0 
-3.0019  0 0 0 0 0 0 
-2.9996  0 0 0 0 0 0 
-2.99729  0 0 0 0 0 0 
-2.99499  0 0 0 0 0 0 
-2.99269  0 0 0 0 0 0 
-2.99039  0 0 0 0 0 0 
-2.98809  0 0 0 0 0 0 
-2.98579  0 0 0 0 0 0 
-2.98349  0 0 0 0 0 0 
-2.98119  0 0 0 0 0 0 
-2.97889  0 0 0 0 0 0 
-2.97658  0 0 0 0 0 0 
-2.97428  0 0 0 0 0 0 
-2.97198  0 0 0 0 0 0 
-2.96968  0 0 0 0 0 0 
-2.96738  0 0 0 0 0 0 
-2.96508  0 0 0 0 0 0 
-2.96278  0 0 0 0 0 0 
-2.96048  0 0 0 0 0 0 
-2.95818  0 0 0 0 0 0 
-2.95588  0 0 0 0 0 0 
-2.95357  0 0 0 0 0 0 
-2.95127  0 0 0 0 0 0 
-2.94897  0 0 0 0 0 0 
-2.94667  0 0 0 0 0 0 
-2.94437  0 0 0 0 0 0 
-2.94207  0 0 0 0 0 0 
-2.93977  0 0 0 0 0 0 
-2.93747  0 0 0 0 0 0 
-2.93517  0 0 0 0 0 0 
-2.93287  0 0 0 0 0 0 
-2.93056  0 0 0 0 0 0 
-2.92826  0 0 0 0 0 0 
-2.92596  0 0 0 0 0 0 
-2.92366  0 0 0 0 0 0 
-2.92136  0 0 0 0 0 0 
-2.91906  0 0 0 0 0 0 
-2.91676  0 0 0 0 0 0 
-2.91446  0 0 0 0 0 0 
-2.91216  0 0 0 0 0 0 
-2.90985  0 0 0 0 0 0 
-2.90755  0 0 0 0 0 0 
-2.90525  0 0 0 0 0 0 
-2.90295  0 0 0 0 0 0 
-2.90065  0 0 0 0 0 0 
-2.89835  0 0 0 0 0 0 
-2.89605  0 0 0 0 0 0 
-2.89375  0 0 0 0 0 0 
-2.89145  0 0 0 0 0 0 
-2.88915  0 0 0 0 0 0 
-2.88684  0 0 0 0 0 0 
-2.88454  0 0 0 0 0 0 
-2.88224  0 0 0 0 0 0 
-2.87994  0 0 0 0 0 0 
-2.87764  0 0 0 0 0 0 
-2.87534  0 0 0 0 0 0 
-2.87304  0 0 0 0 0 0 
-2.87074  0 0 0 0 0 0 
-2.86844  0 0 0 0 0 0 
-2.86614  0 0 0 0 0 0 
-2.86383  0 0 0 0 0 0 
-2.86153  0 0 0 0 0 0 
-2.85923  0 0 0 0 0 0 
-2.85693  0 0 0 0 0 0 
-2.85463  0 0 0 0 0 0 
-2.85233  0 0 0 0 0 0 
-2.85003  0 0 0 0 0 0 
-2.84773  0 0 0 0 0 0 
-2.84543  0 0 0 0 0 0 
-2.84313  0 0 0 0 0 0 
-2.84082  0 0 0 0 0 0 
-2.83852  0 0 0 0 0 0 
-2.83622  0 0 0 0 0 0 
-2.83392  0 0 0 0 0 0 
-2.83162  0 0 0 0 0 0 
-2.82932  0 0 0 0 0 0 
-2.82702  0 0 0 0 0 0 
-2.82472  0 0 0 0 0 0 
-2.82242  0 0 0 0 0 0 
-2.82011  0 0 0 0 0 0 
-2.81781  0 0 0 0 0 0 
-2.81551  0 0 0 0 0 0 
-2.81321  0 0 0 0 0 0 
-2.81091  0 0 0 0 0 0 
-2.80861  0 0 0 0 0 0 
-2.80631  0 0 0 0 0 0 
-2.80401  0 0 0 0 0 0 
-2.80171  0 0 0 0 0 0 
-2.79941  0 0 0 0 0 0 
-2.7971  0 0 0 0 0 0 
-2.7948  0 0 0 0 0 0 
-2.7925  0 0 0 0 0 0 
-2.7902  0 0 0 0 0 0 
-2.7879  0 0 0 0 0 0 
-2.7856  0 0 0 0 0 0 
-2.7833  0 0 0 0 0 0 
-2.781  0 0 0 0 0 0 
-2.7787  0 0 0 0 0 0 
-2.7764  0 0 0 0 0 0 
-2.77409  0 0 0 0 0 0 
-2.77179  0 0 0 0 0 0 
-2.76949  0 0 0 0 0 0 
-2.76719  0 0 0 0 0 0 
-2.76489  0 0 0 0 0 0 
-2.76259  0 0 0 0 0 0 
-2.76029  0 0 0 0 0 0 
-2.75799  0 0 0 0 0 0 
-2.75569  0 0 0 0 0 0 
-2.75338  0 0 0 0 0 0 
-2.75108  0 0 0 0 0 0 
-2.74878  0 0 0 0 0 0 
-2.74648  0 0 0 0 0 0 
-2.74418  0 0 0 0 0 0 
-2.74188  0 0 0 0 0 0 
-2.73958  0 0 0 0 0 0 
-2.73728  0 0 0 0 0 0 
-2.73498  0 0 0 0 0 0 
-2.73268  0 0 0 0 0 0 
-2.73037  0 0 0 0 0 0 
-2.72807  0 0 0 0 0 0 
-2.72577  0 0 0 0 0 0 
-2.72347  0 0 0 0 0 0 
-2.72117  0 0 0 0 0 0 
-2.71887  0 0 0 0.000528002 0 0 
-2.71657  0 0 0 0.000654818 0 0 
-2.71427  0 0 0 0.000779722 0 0 
-2.71197  0 0 0 0.000902466 0 0 
-2.70967  0 0 0 0.0010228 0 0 
-2.70736  0 0 0 0.00114047 0 0 
-2.70506  0 0 0 0.00125522 0 0 
-2.70276  0 0 0 0.00136679 0 0 
-2.70046  0 0 0 0.00147492 0 0 
-2.69816  0 0 0 0.00157935 0 0 
-2.69586  0 0 0 0.0016798 0 0 
-2.69356  0 0 0 0.00177602 0 0 
-2.69126  0 0 0 0.00186797 0 0 
-2.68896  0 0 0 0.0019559 0 0 
-2.68665  0 0 0 0.00204011 0 0 
-2.68435  0 0 0 0.00212088 0 0 
-2.68205  0 0 0 0.00219848 0 0 
-2.67975  0 0 0 0.00227323 0 0 
-2.67745  0 0 0 0.0023454 0 0 
-2.67515  0 0 0 0.0024153 0 0 
-2.67285  0 0 0 0.00248322 0 0 
-2.67055  0 0 0 0.00254948 0 0 
-2.66825  0 0 0 0.00261436 0 0 
-2.66595  0 0 0 0.0026782 0 0 
-2.66364  0 0 0 0.00274129 0 0 
-2.66134  0 0 0 0.00280395 0 0 
-2.65904  0 0 0 0.0028665 0 0 
-2.65674  0 0 0 0.00292928 0 0 
-2.65444  0 0 0 0.00299259 0 0 
-2.65214  0 0 0 0.00305677 0 0 
-2.64984  0 0 0 0.00312216 0 0 
-2.64754  0 0 0 0.00318908 0 0 
-2.64524  0 0 0 0.00325789 0 0 
-2.64294  0 0 0 0.00332882 0 0 
-2.64063  0 0 0 0.00340185 0 0 
-2.63833  0 0 0 0.0034769 0 0 
-2.63603  0 0 0 0.00355389 0 0 
-2.63373  0 0 0 0.00363274 0 0 
-2.63143  0 0 0 0.00371337 0 0 
-2.62913  0 0 0 0.00379571 0 0 
-2.62683  0 0 0 0.00387967 0 0 
-2.62453  0 0 0 0.00396516 0 0 
-2.62223  0 0 0 0.00405211 0 0 
-2.61993  0 0 0 0.00414044 0 0 
-2.61762  0 0 0 0.00423005 0 0 
-2.61532  0 0 0 0.00432086 0 0 
-2.61302  0 0 0 0.00441278 0 0 
-2.61072  0 0 0 0.00450573 0 0 
-2.60842  0 0 0 0.00459963 0 0 
-2.60612  0 0 0 0.00469437 0 0 
-2.60382  0 0 0 0.00478986 0 0 
-2.60152  0 0 0 0.00488603 0 0 
-2.59922  0 0 0 0.00498277 0 0 
-2.59691  0 0 0 0.00508 0 0 
-2.59461  0 0 0 0.00517767 0 0 
-2.59231  0 0 0 0.00527583 0 0 
-2.59001  0 0 0 0.00537449 0 0 
-2.58771  0 0 0 0.00547368 0 0 
-2.58541  0 0 0 0.00557344 0 0 
-2.58311  0 0 0 0.00567379 0 0 
-2.58081  0 0 0 0.00577477 0 0 
-2.57851  0 0 0 0.0058764 0 0 
-2.57621  0 0 0 0.00597873 0 0 
-2.5739  0 0 0 0.00608177 0 0 
-2.5716  0 0 0 0.00618556 0 0 
-2.5693  0 0 0 0.00629013 0 0 
-2.567  0 0 0 0.00639552 0 0 
-2.5647  0 0 0 0.00650176 0 0 
-2.5624  0 0 0 0.00660888 0 0 
-2.5601  0 0 0 0.00671691 0 0 
-2.5578  0 0 0 0.00682589 0 0 
-2.5555  0 0 0 0.00693586 0 0 
-2.5532  0 0 0 0.00704684 0 0 
-2.55089  0 0 0 0.00715887 0 0 
-2.54859  0 0 0 0.00727198 0 0 
-2.54629  0 0 0 0.00738618 0 0 
-2.54399  0 0 0 0.00750145 0 0 
-2.54169  0 0 0 0.00761779 0 0 
-2.53939  0 0 0 0.00773518 0 0 
-2.53709  0 0 0 0.00785361 0 0 
-2.53479  0 0 0 0.00797308 0 0 
-2.53249  0 0 0 0.00809357 0 0 
-2.53018  0 0 0 0.00821508 0 0 
-2.52788  0 0 0 0.00833759 0 0 
-2.52558  0 0 0 0.0084611 0 0 
-2.52328  0 0 0 0.00858558 0 0 
-2.52098  0 0 0 0.00871104 0 0 
-2.51868  0 0 0 0.00883745 0 0 
-2.51638  0 0 0 0.00896482 0 0 
-2.51408  0 0 0 0.00909312 0 0 
-2.51178  0 0 0 0.00922235 0 0 
-2.50948  0 0 0 0.0093525 0 0 
-2.50717  0 0 0 0.00948354 0 0 
-2.50487  0 0 0 0.00961548 0 0 
-2.50257  0 0 0 0.0097483 0 0 
-2.50027  0 0 0 0.00988198 0 0 
-2.49797  0 0 0 0.0100165 0 0 
-2.49567  0 0 0 0.0101518 0 0 
-2.49337  0 0 0 0.0102879 0 0 
-2.49107  0 0 0 0.0104248 0 0 
-2.48877  0 0 0 0.0105624 0 0 
-2.48647  0 0 0 0.0107007 0 0 
-2.48416  0 0 0 0.0108397 0 0 
-2.48186  0 0 0 0.0109793 0 0 
-2.47956  0 0 0 0.0111195 0 0 
-2.47726  0 0 0 0.0112604 0 0 
-2.47496  0 0 0 0.0114018 0 0 
-2.47266  0 0 0 0.0115437 0 0 
-2.47036  0 0 0 0.0116861 0 0 
-2.46806  0 0 0 0.011829 0 0 
-2.46576  0 0 0 0.0119724 0 0 
-2.46346  0 0 0 0.0121162 0 0 
-2.46115  0 0 0 0.0122603 0 0 
-2.45885  0 0 0 0.0124048 0 0 
-2.45655  0 0 0 0.0125496 0 0 
-2.45425  0 0 0 0.0126947 0 0 
-2.45195  0 0 0 0.0128402 0 0 
-2.44965  0 0 0 0.0129861 0 0 
-2.44735  0 0 0 0.0131326 0 0 
-2.44505  0 0 0 0.0132796 0 0 
-2.44275  0 0 0 0.0134274 0 0 
-2.44044  0 0 0 0.0135759 0 0 
-2.43814  0 0 0 0.0137254 0 0 
-2.43584  0 0 0 0.0138758 0 0 
-2.43354  0 0 0 0.0140273 0 0 
-2.43124  0 0 0 0.01418 0 0 
-2.42894  0 0 0 0.0143339 0 0 
-2.42664  0 0 0 0.0144892 0 0 
-2.42434  0 0 0 0.014646 0 0 
-2.42204  0 0 0 0.0148043 0 0 
-2.41974  0 0 0 0.0149643 0 0 
-2.41743  0 0 0 0.0151261 0 0 
-2.41513  0 0 0 0.0152897 0 0 
-2.41283  0 0 0 0.0154553 0 0 
-2.41053  0 0 0 0.0156229 0 0 
-2.40823  0 0 0 0.0157927 0 0 
-2.40593  0 0 0 0.0159648 0 0 
-2.40363  0 0 0 0.0161391 0 0 
-2.40133  0 0 0 0.0163156 0 0 
-2.39903  0 0 0 0.016494 0 0 
-2.39673  0 0 0 0.0166744 0 0 
-2.39442  0 0 0 0.0168565 0 0 
-2.39212  0 0 0 0.0170404 0 0 
-2.38982  0 0 0 0.0172258 0 0 
-2.38752  0 0 0 0.0174128 0 0 
-2.38522  0 0 0 0.0176011 0 0 
-2.38292  0 0 0 0.0177906 0 0 
-2.38062  0 0 0 0.0179813 0 0 
-2.37832  0 0 0 0.018173 0 0 
-2.37602  0 0 0 0.0183656 0 0 
-2.37371  0 0 0 0.018559 0 0 
-2.37141  0 0 0 0.0187531 0 0 
-2.36911  0 0 0 0.0189477 0 0 
-2.36681  0 0 0 0.0191428 0 0 
-2.36451  0 0 0 0.0193382 0 0 
-2.36221  0 0 0 0.0195337 0 0 
-2.35991  0 0 0 0.0197294 0 0 
-2.35761  0 0 0 0.019925 0 0 
-2.35531  0 0 0 0.0201208 0 0 
-2.35301  0 0 0 0.0203168 0 0 
-2.3507  0 0 0 0.020513 0 0 
-2.3484  0 0 0 0.0207095 0 0 
-2.3461  0 0 0 0.0209064 0 0 
-2.3438  0 0 0 0.0211038 0 0 
-2.3415  0 0 0 0.0213017 0 0 
-2.3392  0 0 0 0.0215002 0 0 
-2.3369  0 0 0 0.0216994 0 0 
-2.3346  0 0 0 0.0218993 0 0 
-2.3323  0 0 0 0.0221001 0 0 
-2.33  0 0 0 0.0223018 0 0 
-2.32769  0 0 0 0.0225044 0 0 
-2.32539  0 0 0 0.0227081 0 0 
-2.32309  0 0 0 0.022913 0 0 
-2.32079  0 0 0 0.023119 0 0 
-2.31849  0 0 0 0.0233264 0 0 
-2.31619  0 0 0 0.0235351 0 0 
-2.31389  0 0 0 0.0237453 0 0 
-2.31159  0 0 0 0.023957 0 0 
-2.30929  0 0 0 0.0241703 0 0 
-2.30699  0 0 0 0.0243852 0 0 
-2.30468  0 0 0 0.0246017 0 0 
-2.30238  0 0 0 0.0248197 0 0 
-2.30008  0 0 0 0.0250393 0 0 
-2.29778  0 0 0 0.0252605 0 0 
-2.29548  0 0 0 0.0254833 0 0 
-2.29318  0 0 0 0.0257077 0 0 
-2.29088  0 0 0 0.0259337 0 0 
-2.28858  0 0 0 0.0261612 0 0 
-2.28628  0 0 0 0.0263903 0 0 
-2.28397  0 0 0 0.0266211 0 0 
-2.28167  0 0 0 0.0268534 0 0 
-2.27937  0 0 0 0.0270873 0 0 
-2.27707  0 0 0 0.0273228 0 0 
-2.27477  0 0 0 0.0275599 0 0 
-2.27247  0 0 0 0.0277986 0 0 
-2.27017  0 0 0 0.0280389 0 0 
-2.26787  0 0 0 0.0282808 0 0 
-2.26557  0 0 0 0.0285243 0 0 
-2.26327  0 0 0 0.0287694 0 0 
-2.26096  0 0 0 0.029016 0 0 
-2.25866  0 0 0 0.0292643 0 0 
-2.25636  0 0 0 0.029514 0 0 
-2.25406  0 0 0 0.0297653 0 0 
-2.25176  0 0 0 0.0300181 0 0 
-2.24946  0 0 0 0.0302724 0 0 
-2.24716  0 0 0 0.0305281 0 0 
-2.24486  0 0 0 0.0307853 0 0 
-2.24256  0 0 0 0.0310439 0 0 
-2.24026  0 0 0 0.0313038 0 0 
-2.23795  0 0 0 0.0315652 0 0 
-2.23565  0 0 0 0.0318279 0 0 
-2.23335  0 0 0 0.0320919 0 0 
-2.23105  0 0 0 0.0323572 0 0 
-2.22875  0 0 0 0.0326238 0 0 
-2.22645  0 0 0 0.0328916 0 0 
-2.22415  0 0 0 0.0331606 0 0 
-2.22185  0 0 0 0.0334309 0 0 
-2.21955  0 0 0 0.0337023 0 0 
-2.21724  0 0 0 0.0339749 0 0 
-2.21494  0 0 0 0.0342487 0 0 
-2.21264  0 0 0 0.0345236 0 0 
-2.21034  0 0 0 0.0347997 0 0 
-2.20804  0 0 0 0.035077 0 0 
-2.20574  0 0 0 0.0353556 0 0 
-2.20344  0 0 0 0.0356354 0 0 
-2.20114  0 0 0 0.0359165 0 0 
-2.19884  0 0 0 0.036199 0 0 
-2.19654  0 0 0 0.0364828 0 0 
-2.19423  0 0 0 0.036768 0 0 
-2.19193  0 0 0 0.0370545 0 0 
-2.18963  0 0 0 0.0373425 0 0 
-2.18733  0 0 0 0.037632 0 0 
-2.18503  0 0 0 0.0379229 0 0 
-2.18273  0 0 0 0.0382153 0 0 
-2.18043  0 0 0 0.0385093 0 0 
-2.17813  0 0 0 0.0388048 0 0 
-2.17583  0 0 0 0.0391019 0 0 
-2.17353  0 0 0 0.0394006 0 0 
-2.17122  0 0 0 0.039701 0 0 
-2.16892  0 0 0 0.0400031 0 0 
-2.16662  0 0 0 0.0403068 0 0 
-2.16432  0 0 0 0.0406122 0 0 
-2.16202  0 0 0 0.0409193 0 0 
-2.15972  0 0 0 0.0412281 0 0 
-2.15742  0 0 0 0.0415385 0 0 
-2.15512  0 0 0 0.0418507 0 0 
-2.15282  0 0 0 0.0421645 0 0 
-2.15051  0 0 0 0.0424799 0 0 
-2.14821  0 0 0 0.0427971 0 0 
-2.14591  0 0 0 0.0431159 0 0 
-2.14361  0 0 0 0.0434364 0 0 
-2.14131  0 0 0 0.0437585 0 0 
-2.13901  0 0 0 0.0440823 0 0 
-2.13671  0 0 0 0.0444078 0 0 
-2.13441  0 0 0 0.0447349 0 0 
-2.13211  0 0 0 0.0450636 0 0 
-2.12981  0 0 0 0.0453941 0 0 
-2.1275  0 0 0 0.0457261 0 0 
-2.1252  0 0 0 0.0460598 0 0 
-2.1229  0 0 0 0.0463952 0 0 
-2.1206  0 0 0 0.0467322 0 0 
-2.1183  0 0 0 0.0470708 0 0 
-2.116  0 0 0 0.047411 0 0 
-2.1137  0 0 0 0.0477529 0 0 
-2.1114  0 0 0 0.0480964 0 0 
-2.1091  0 0 0 0.0484415 0 0 
-2.1068  0 0 0 0.0487882 0 0 
-2.10449  0 0 0 0.0491365 0 0 
-2.10219  0 0 0 0.0494865 0 0 
-2.09989  0 0 0 0.049838 0 0 
-2.09759  0 0 0 0.0501911 0 0 
-2.09529  0 0 0 0.0505458 0 0 
-2.09299  0 0 0 0.0509021 0 0 
-2.09069  0 0 0 0.0512599 0 0 
-2.08839  0 0 0 0.0516194 0 0 
-2.08609  0 0 0 0.0519804 0 0 
-2.08379  0 0 0 0.0523429 0 0 
-2.08148  0 0 0 0.052707 0 0 
-2.07918  0 0 0 0.0530727 0 0 
-2.07688  0 0 0 0.0534398 0 0 
-2.07458  0 0 0 0.0538086 0 0 
-2.07228  0 0 0 0.0541789 0 0 
-2.06998  0 0 0 0.0545508 0 0 
-2.06768  0 0 0 0.0549244 0 0 
-2.06538  0 0 0 0.0552998 0 0 
-2.06308  0 0 0 0.055677 0 0 
-2.06077  0 0 0 0.0560561 0 0 
-2.05847  0 0 0 0.0564373 0 0 
-2.05617  0 0 0 0.0568205 0 0 
-2.05387  0 0 0 0.0572058 0 0 
-2.05157  0 0 0 0.0575934 0 0 
-2.04927  0 0 0 0.0579832 0 0 
-2.04697  0 0 0 0.0583753 0 0 
-2.04467  0 0 0 0.0587697 0 0 
-2.04237  0 0 0 0.0591663 0 0 
-2.04007  0 0 0 0.0595651 0 0 
-2.03776  0 0 0 0.0599662 0 0 
-2.03546  0 0 0 0.0603694 0 0 
-2.03316  0 0 0 0.0607748 0 0 
-2.03086  0 0 0 0.0611824 0 0 
-2.02856  0 0 0 0.0615922 0 0 
-2.02626  0 0 0 0.062004 0 0 
-2.02396  0 0 0 0.062418 0 0 
-2.02166  0 0 0 0.062834 0 0 
-2.01936  0 0 0 0.0632522 0 0 
-2.01706  0 0 0 0.0636724 0 0 
-2.01475  0 0 0 0.0640946 0 0 
-2.01245  0 0 0 0.0645188 0 0 
-2.01015  0 0 0 0.0649451 0 0 
-2.00785  0 0 0 0.0653733 0 0 
-2.00555  0 0 0 0.0658035 0 0 
-2.00325  0 0 0 0.0662357 0 0 
-2.00095  0 0 0 0.0666697 0 0 
-1.99865  0 0 0 0.0671054 0 0 
-1.99635  0 0 0 0.0675427 0 0 
-1.99404  0 0 0 0.0679814 0 0 
-1.99174  0 0 0 0.0684214 0 0 
-1.98944  0 0 0 0.0688625 0 0 
-1.98714  0 0 0 0.0693045 0 0 
-1.98484  0 0 0 0.0697473 0 0 
-1.98254  0 0 0 0.0701907 0 0 
-1.98024  0 0 0 0.0706346 0 0 
-1.97794  0 0 0 0.0710787 0 0 
-1.97564  0 0 0 0.071523 0 0 
-1.97334  0 0 0 0.0719673 0 0 
-1.97103  0 0 0 0.0724113 0 0 
-1.96873  0 0 0 0.072855 0 0 
-1.96643  0 0 0 0.073298 0 0 
-1.96413  0 0 0 0.0737404 0 0 
-1.96183  0 0 0 0.0741818 0 0 
-1.95953  0 0 0 0.0746221 0 0 
-1.95723  0 0 0 0.0750611 0 0 
-1.95493  0 0 0 0.0754987 0 0 
-1.95263  0 0 0 0.075935 0 0 
-1.95033  0 0 0 0.0763706 0 0 
-1.94802  0 0 0 0.0768059 0 0 
-1.94572  0 0 0 0.0772413 0 0 
-1.94342  0 0 0 0.0776776 0 0 
-1.94112  0 0 0 0.078115 0 0 
-1.93882  0 0 0 0.0785541 0 0 
-1.93652  0 0 0 0.0789956 0 0 
-1.93422  0 0 0 0.0794398 0 0 
-1.93192  0 0 0 0.0798873 0 0 
-1.92962  0 0 0 0.0803386 0 0 
-1.92732  0 0 0 0.0807943 0 0 
-1.92501  0 0 0 0.0812549 0 0 
-1.92271  0 0 0 0.0817211 0 0 
-1.92041  0 0 0 0.0821932 0 0 
-1.91811  0 0 0 0.0826719 0 0 
-1.91581  0 0 0 0.0831578 0 0 
-1.91351  0 0 0 0.0836515 0 0 
-1.91121  0 0 0 0.0841534 0 0 
-1.90891  0 0 0 0.0846643 0 0 
-1.90661  0 0 0 0.0851846 0 0 
-1.9043  0 0 0 0.0857144 0 0 
-1.902  0 0 0 0.0862529 0 0 
-1.8997  0 0 0 0.0867997 0 0 
-1.8974  0 0 0 0.0873538 0 0 
-1.8951  0 0 0 0.0879148 0 0 
-1.8928  0 0 0 0.088482 0 0 
-1.8905  0 0 0 0.0890545 0 0 
-1.8882  0 0 0 0.0896318 0 0 
-1.8859  0 0 0 0.0902131 0 0 
-1.8836  0 0 0 0.0907978 0 0 
-1.88129  0 0 0 0.091385 0 0 
-1.87899  0 0 0 0.0919742 0 0 
-1.87669  0 0 0 0.0925645 0 0 
-1.87439  0 0 0 0.0931552 0 0 
-1.87209  0 0 0 0.0937456 0 0 
-1.86979  0 0 0 0.0943349 0 0 
-1.86749  0 0 0 0.0949223 0 0 
-1.86519  0 0 0 0.0955071 0 0 
-1.86289  0 0 0 0.0960884 0 0 
-1.86059  0 0 0 0.0966656 0 0 
-1.85828  0 0 0 0.0972381 0 0 
-1.85598  0 0 0 0.0978066 0 0 
-1.85368  0 0 0 0.0983716 0 0 
-1.85138  0 0 0 0.0989339 0 0 
-1.84908  0 0 0 0.0994942 0 0 
-1.84678  0 0 0 0.100053 0 0 
-1.84448  0 0 0 0.100612 0 0 
-1.84218  0 0 0 0.10117 0 0 
-1.83988  0 0 0 0.101729 0 0 
-1.83757  0 0 0 0.10229 0 0 
-1.83527  0 0 0 0.102853 0 0 
-1.83297  0 0 0 0.103419 0 0 
-1.83067  0 0 0 0.103989 0 0 
-1.82837  0 0 0 0.104564 0 0 
-1.82607  0 0 0 0.105143 0 0 
-1.82377  0 0 0 0.105729 0 0 
-1.82147  0 0 0 0.106322 0 0 
-1.81917  0 0 0 0.106922 0 0 
-1.81687  0 0 0 0.107531 0 0 
-1.81456  0 0 0 0.10815 0 0 
-1.81226  0 0 0 0.108778 0 0 
-1.80996  0 0 0 0.109416 0 0 
-1.80766  0 0 0 0.110065 0 0 
-1.80536  0 0 0 0.110722 0 0 
-1.80306  0 0 0 0.111388 0 0 
-1.80076  0 0 0 0.112062 0 0 
-1.79846  0 0 0 0.112743 0 0 
-1.79616  0 0 0 0.11343 0 0 
-1.79386  0 0 0 0.114122 0 0 
-1.79155  0 0 0 0.11482 0 0 
-1.78925  0 0 0 0.115521 0 0 
-1.78695  0 0 0 0.116226 0 0 
-1.78465  0 0 0 0.116934 0 0 
-1.78235  0 0 0 0.117643 0 0 
-1.78005  0 0 0 0.118354 0 0 
-1.77775  0 0 0 0.119065 0 0 
-1.77545  0 0 0 0.119776 0 0 
-1.77315  0 0 0 0.120485 0 0 
-1.77085  0 0 0 0.121192 0 0 
-1.76854  0 0 0 0.121897 0 0 
-1.76624  0 0 0 0.122598 0 0 
-1.76394  0 0 0 0.123295 0 0 
-1.76164  0 0 0 0.123988 0 0 
-1.75934  0 0 0 0.124678 0 0 
-1.75704  0 0 0 0.125366 0 0 
-1.75474  0 0 0 0.12605 0 0 
-1.75244  0 0 0 0.126733 0 0 
-1.75014  0 0 0 0.127413 0 0 
-1.74783  0 0 0 0.128092 0 0 
-1.74553  0 0 0 0.12877 0 0 
-1.74323  0 0 0 0.129447 0 0 
-1.74093  0 0 0 0.130124 0 0 
-1.73863  0 0 0 0.130801 0 0 
-1.73633  0 0 0 0.131478 0 0 
-1.73403  0 0 0 0.132155 0 0 
-1.73173  0 0 0 0.132834 0 0 
-1.72943  0 0 0 0.133514 0 0 
-1.72713  0 0 0 0.134197 0 0 
-1.72482  0 0 0 0.134881 0 0 
-1.72252  0 0 0 0.135568 0 0 
-1.72022  0 0 0 0.136258 0 0 
-1.71792  0 0 0 0.136952 0 0 
-1.71562  0 0 0 0.137649 0 0 
-1.71332  0 0 0 0.13835 0 0 
-1.71102  0 0 0 0.139056 0 0 
-1.70872  0 0 0 0.139765 0 0 
-1.70642  0 0 0 0.140479 0 0 
-1.70412  0 0 0 0.141198 0 0 
-1.70181  0 0 0 0.141921 0 0 
-1.69951  0 0 0 0.142649 0 0 
-1.69721  0 0 0 0.143382 0 0 
-1.69491  0 0 0 0.144121 0 0 
-1.69261  0 0 0 0.144865 0 0 
-1.69031  0 0 0 0.145615 0 0 
-1.68801  0 0 0 0.14637 0 0 
-1.68571  0 0 0 0.147131 0 0 
-1.68341  0 0 0 0.147899 0 0 
-1.6811  0 0 0 0.148672 0 0 
-1.6788  0 0 0 0.149453 0 0 
-1.6765  0 0 0 0.15024 0 0 
-1.6742  0 0 0 0.151033 0 0 
-1.6719  0 0 0 0.151834 0 0 
-1.6696  0 0 0 0.152643 0 0 
-1.6673  0 0 0 0.153458 0 0 
-1.665  0 0 0 0.154279 0 0 
-1.6627  0 0 0 0.155106 0 0 
-1.6604  0 0 0 0.155938 0 0 
-1.65809  0 0 0 0.156775 0 0 
-1.65579  0 0 0 0.157615 0 0 
-1.65349  0 0 0 0.15846 0 0 
-1.65119  0 0 0 0.159306 0 0 
-1.64889  0 0 0 0.160155 0 0 
-1.64659  0 0 0 0.161006 0 0 
-1.64429  0 0 0 0.161857 0 0 
-1.64199  0 0 0 0.162709 0 0 
-1.63969  0 0 0 0.16356 0 0 
-1.63739  0 0 0 0.16441 0 0 
-1.63508  0 0 0 0.165259 0 0 
-1.63278  0 0 0 0.166105 0 0 
-1.63048  0 0 0 0.166948 0 0 
-1.62818  0 0 0 0.167787 0 0 
-1.62588  0 0 0 0.168622 0 0 
-1.62358  0 0 0 0.169452 0 0 
-1.62128  0 0 0 0.170277 0 0 
-1.61898  0 0 0 0.171098 0 0 
-1.61668  0 0 0 0.171915 0 0 
-1.61438  0 0 0 0.172729 0 0 
-1.61207  0 0 0 0.17354 0 0 
-1.60977  0 0 0 0.174351 0 0 
-1.60747  0 0 0 0.17516 0 0 
-1.60517  0 0 0 0.175969 0 0 
-1.60287  0 0 0 0.176779 0 0 
-1.60057  0 0 0 0.17759 0 0 
-1.59827  0 0 0 0.178404 0 0 
-1.59597  0 0 0 0.17922 0 0 
-1.59367  0 0 0 0.18004 0 0 
-1.59136  0 0 0 0.180865 0 0 
-1.58906  0 0 0 0.181695 0 0 
-1.58676  0 0 0 0.182531 0 0 
-1.58446  0 0 0 0.183374 0 0 
-1.58216  0 0 0 0.184224 0 0 
-1.57986  0 0 0 0.185083 0 0 
-1.57756  0 0 0 0.185952 0 0 
-1.57526  0 0 0 0.18683 0 0 
-1.57296  0 0 0 0.187719 0 0 
-1.57066  0 0 0 0.188618 0 0 
-1.56835  0 0 0 0.189526 0 0 
-1.56605  0 0 0 0.190443 0 0 
-1.56375  0 0 0 0.191368 0 0 
-1.56145  0 0 0 0.1923 0 0 
-1.55915  0 0 0 0.193239 0 0 
-1.55685  0 0 0 0.194184 0 0 
-1.55455  0 0 0 0.195135 0 0 
-1.55225  0 0 0 0.19609 0 0 
-1.54995  0 0 0 0.19705 0 0 
-1.54765  0 0 0 0.198013 0 0 
-1.54534  0 0 0 0.198978 0 0 
-1.54304  0 0 0 0.199946 0 0 
-1.54074  0 0 0 0.200916 0 0 
-1.53844  0 0 0 0.201886 0 0 
-1.53614  0 0 0 0.202855 0 0 
-1.53384  0 0 0 0.203825 0 0 
-1.53154  0 0 0 0.204792 0 0 
-1.52924  0 0 0 0.205758 0 0 
-1.52694  0 0 0 0.206721 0 0 
-1.52463  0 0 0 0.207681 0 0 
-1.52233  0 0 0 0.208639 0 0 
-1.52003  0 0 0 0.209596 0 0 
-1.51773  0 0 0 0.210551 0 0 
-1.51543  0 0 0 0.211506 0 0 
-1.51313  0 0 0 0.21246 0 0 
-1.51083  0 0 0 0.213414 0 0 
-1.50853  0 0 0 0.214369 0 0 
-1.50623  0 0 0 0.215324 0 0 
-1.50393  0 0 0 0.216281 0 0 
-1.50162  0 0 0 0.21724 0 0 
-1.49932  0 0 0 0.218201 0 0 
-1.49702  0 0 0 0.219165 0 0 
-1.49472  0 0 0 0.220131 0 0 
-1.49242  0 0 0 0.221102 0 0 
-1.49012  0 0 0 0.222076 0 0 
-1.48782  0 0 0 0.223056 0 0 
-1.48552  0 0 0 0.22404 0 0 
-1.48322  0 0 0 0.225029 0 0 
-1.48092  0 0 0 0.226025 0 0 
-1.47861  0 0 0 0.227027 0 0 
-1.47631  0 0 0 0.228034 0 0 
-1.47401  0 0 0 0.229047 0 0 
-1.47171  0 0 0 0.230064 0 0 
-1.46941  0 0 0 0.231085 0 0 
-1.46711  0 0 0 0.232109 0 0 
-1.46481  0 0 0 0.233136 0 0 
-1.46251  0 0 0 0.234165 0 0 
-1.46021  0 0 0 0.235197 0 0 
-1.4579  0 0 0 0.236229 0 0 
-1.4556  0 0 0 0.237262 0 0 
-1.4533  0 0 0 0.238294 0 0 
-1.451  0 0 0 0.239326 0 0 
-1.4487  0 0 0 0.240357 0 0 
-1.4464  0 0 0 0.241386 0 0 
-1.4441  0 0 0 0.242412 0 0 
-1.4418  0 0 0 0.243436 0 0 
-1.4395  0 0 0 0.244455 0 0 
-1.4372  0 0 0 0.24547 0 0 
-1.43489  0 0 0 0.24648 0 0 
-1.43259  0 0 0 0.247485 0 0 
-1.43029  0 0 0 0.248484 0 0 
-1.42799  0 0 0 0.249478 0 0 
-1.42569  0 0 0 0.250468 0 0 
-1.42339  0 0 0 0.251454 0 0 
-1.42109  0 0 0 0.252437 0 0 
-1.41879  0 0 0 0.253418 0 0 
-1.41649  0 0 0 0.254397 0 0 
-1.41419  0 0 0 0.255374 0 0 
-1.41188  0 0 0 0.256352 0 0 
-1.40958  0 0 0 0.257329 0 0 
-1.40728  0 0 0 0.258308 0 0 
-1.40498  0 0 0 0.259287 0 0 
-1.40268  0 0 0 0.260269 0 0 
-1.40038  0 0 0 0.261254 0 0 
-1.39808  0 0 0 0.262243 0 0 
-1.39578  0 0 0 0.263235 0 0 
-1.39348  0 0 0 0.264233 0 0 
-1.39118  0 0 0 0.265236 0 0 
-1.38887  0 0 0 0.266246 0 0 
-1.38657  0 0 0 0.267262 0 0 
-1.38427  0 0 0 0.268287 0 0 
-1.38197  0 0 0 0.26932 0 0 
-1.37967  0 0 0 0.270361 0 0 
-1.37737  0 0 0 0.271413 0 0 
-1.37507  0 0 0 0.272474 0 0 
-1.37277  0 0 0 0.273546 0 0 
-1.37047  0 0 0 0.274629 0 0 
-1.36816  0 0 0 0.275724 0 0 
-1.36586  0 0 0 0.276831 0 0 
-1.36356  0 0 0 0.27795 0 0 
-1.36126  0 0 0 0.279084 0 0 
-1.35896  0 0 0 0.28023 0 0 
-1.35666  0 0 0 0.281389 0 0 
-1.35436  0 0 0 0.282559 0 0 
-1.35206  0 0 0 0.28374 0 0 
-1.34976  0 0 0 0.284929 0 0 
-1.34746  0 0 0 0.286126 0 0 
-1.34515  0 0 0 0.28733 0 0 
-1.34285  0 0 0 0.28854 0 0 
-1.34055  0 0 0 0.289754 0 0 
-1.33825  0 0 0 0.290971 0 0 
-1.33595  0 0 0 0.292191 0 0 
-1.33365  0 0 0 0.293412 0 0 
-1.33135  0 0 0 0.294632 0 0 
-1.32905  0 0 0 0.295851 0 0 
-1.32675  0 0 0 0.297068 0 0 
-1.32445  0 0 0 0.29828 0 0 
-1.32214  0 0 0 0.299488 0 0 
-1.31984  0 0 0 0.300688 0 0 
-1.31754  0 0 0 0.301882 0 0 
-1.31524  0 0 0 0.303066 0 0 
-1.31294  0 0 0 0.30424 0 0 
-1.31064  0 0 0 0.305404 0 0 
-1.30834  0 0 0 0.306558 0 0 
-1.30604  0 0 0 0.307704 0 0 
-1.30374  0 0 0 0.308841 0 0 
-1.30143  0 0 0 0.30997 0 0 
-1.29913  0 0 0 0.311092 0 0 
-1.29683  0 0 0 0.312207 0 0 
-1.29453  0 0 0 0.313316 0 0 
-1.29223  0 0 0 0.31442 0 0 
-1.28993  0 0 0 0.315519 0 0 
-1.28763  0 0 0 0.316615 0 0 
-1.28533  0 0 0 0.317706 0 0 
-1.28303  0 0 0 0.318795 0 0 
-1.28073  0 0 0 0.319882 0 0 
-1.27842  0 0 0 0.320967 0 0 
-1.27612  0 0 0 0.322052 0 0 
-1.27382  0 0 0 0.323136 0 0 
-1.27152  0 0 0 0.324221 0 0 
-1.26922  0 0 0 0.325308 0 0 
-1.26692  0 0 0 0.326396 0 0 
-1.26462  0 0 0 0.327486 0 0 
-1.26232  0 0 0 0.328579 0 0 
-1.26002  0 0 0 0.329674 0 0 
-1.25772  0 0 0 0.330771 0 0 
-1.25541  0 0 0 0.331869 0 0 
-1.25311  0 0 0 0.332969 0 0 
-1.25081  0 0 0 0.334071 0 0 
-1.24851  0 0 0 0.335173 0 0 
-1.24621  0 0 0 0.336277 0 0 
-1.24391  0 0 0 0.337381 0 0 
-1.24161  0 0 0 0.338486 0 0 
-1.23931  0 0 0 0.339592 0 0 
-1.23701  0 0 0 0.340698 0 0 
-1.23471  0 0 0 0.341804 0 0 
-1.2324  0 0 0 0.34291 0 0 
-1.2301  0 0 0 0.344015 0 0 
-1.2278  0 0 0 0.34512 0 0 
-1.2255  0 0 0 0.346225 0 0 
-1.2232  0 0 0 0.347329 0 0 
-1.2209  0 0 0 0.348432 0 0 
-1.2186  0 0 0 0.349533 0 0 
-1.2163  0 0 0 0.350633 0 0 
-1.214  0 0 0 0.351733 0 0 
-1.21169  0 0 0 0.352831 0 0 
-1.20939  0 0 0 0.353929 0 0 
-1.20709  0 0 0 0.355027 0 0 
-1.20479  0 0 0 0.356124 0 0 
-1.20249  0 0 0 0.357221 0 0 
-1.20019  0 0 0 0.358319 0 0 
-1.19789  0 0 0 0.359416 0 0 
-1.19559  0 0 0 0.360514 0 0 
-1.19329  0 0 0 0.361613 0 0 
-1.19099  0 0 0 0.362713 0 0 
-1.18868  0 0 0 0.363814 0 0 
-1.18638  0 0 0 0.364916 0 0 
-1.18408  0 0 0 0.36602 0 0 
-1.18178  0 0 0 0.367126 0 0 
-1.17948  0 0 0 0.368233 0 0 
-1.17718  0 0 0 0.369343 0 0 
-1.17488  0 0 0 0.370455 0 0 
-1.17258  0 0 0 0.37157 0 0 
-1.17028  0 0 0 0.372687 0 0 
-1.16798  0 0 0 0.373807 0 0 
-1.16567  0 0 0 0.374929 0 0 
-1.16337  0 0 0 0.376053 0 0 
-1.16107  0 0 0 0.377178 0 0 
-1.15877  0 0 0 0.378303 0 0 
-1.15647  0 0 0 0.37943 0 0 
-1.15417  0 0 0 0.380556 0 0 
-1.15187  0 0 0 0.381683 0 0 
-1.14957  0 0 0 0.382808 0 0 
-1.14727  0 0 0 0.383933 0 0 
-1.14496  0 0 0 0.385056 0 0 
-1.14266  0 0 0 0.386177 0 0 
-1.14036  0 0 0 0.387295 0 0 
-1.13806  0 0 0 0.388411 0 0 
-1.13576  0 0 0 0.389523 0 0 
-1.13346  0 0 0 0.390632 0 0 
-1.13116  0 0 0 0.391736 0 0 
-1.12886  0 0 0 0.392835 0 0 
-1.12656  0 0 0 0.39393 0 0 
-1.12426  0 0 0 0.395019 0 0 
-1.12195  0 0 0 0.396102 0 0 
-1.11965  0 0 0 0.397179 0 0 
-1.11735  0 0 0 0.398251 0 0 
-1.11505  0 0 0 0.399317 0 0 
-1.11275  0 0 0 0.400378 0 0 
-1.11045  0 0 0 0.401434 0 0 
-1.10815  0 0 0 0.402485 0 0 
-1.10585  0 0 0 0.403531 0 0 
-1.10355  0 0 0 0.404573 0 0 
-1.10125  0 0 0 0.40561 0 0 
-1.09894  0 0 0 0.406642 0 0 
-1.09664  0 0 0 0.407671 0 0 
-1.09434  0 0 0 0.408696 0 0 
-1.09204  0 0 0 0.409717 0 0 
-1.08974  0 0 0 0.410734 0 0 
-1.08744  0 0 0 0.411748 0 0 
-1.08514  0 0 0 0.412758 0 0 
-1.08284  0 0 0 0.413766 0 0 
-1.08054  0 0 0 0.41477 0 0 
-1.07824  0 0 0 0.415772 0 0 
-1.07593  0 0 0 0.416772 0 0 
-1.07363  0 0 0 0.417768 0 0 
-1.07133  0 0 0 0.418762 0 0 
-1.06903  0 0 0 0.419752 0 0 
-1.06673  0 0 0 0.420738 0 0 
-1.06443  0 0 0 0.42172 0 0 
-1.06213  0 0 0 0.422698 0 0 
-1.05983  0 0 0 0.423671 0 0 
-1.05753  0 0 0 0.424638 0 0 
-1.05522  0 0 0 0.4256 0 0 
-1.05292  0 0 0 0.426556 0 0 
-1.05062  0 0 0 0.427506 0 0 
-1.04832  0 0 0 0.428449 0 0 
-1.04602  0 0 0 0.429385 0 0 
-1.04372  0 0 0 0.430313 0 0 
-1.04142  0 0 0 0.431234 0 0 
-1.03912  0 0 0 0.432146 0 0 
-1.03682  0 0 0 0.43305 0 0 
-1.03452  0 0 0 0.433944 0 0 
-1.03221  0 0 0 0.434829 0 0 
-1.02991  0 0 0 0.435703 0 0 
-1.02761  0 0 0 0.436568 0 0 
-1.02531  0 0 0 0.437422 0 0 
-1.02301  0 0 0 0.438267 0 0 
-1.02071  0 0 0 0.439101 0 0 
-1.01841  0 0 0 0.439927 0 0 
-1.01611  0 0 0 0.440743 0 0 
-1.01381  0 0 0 0.441551 0 0 
-1.01151  0 0 0 0.44235 0 0 
-1.0092  0 0 0 0.443142 0 0 
-1.0069  0 0 0 0.443925 0 0 
-1.0046  0 0 0 0.444701 0 0 
-1.0023  0 0 0 0.44547 0 0 
-1  0 0 0 0.446231 0 0 
