# Neutrino-40Ar cc cross section (10^-38 cm^2/GeV) #
# log(energy in GeV)  nu_e      nu_mu      nu_tau      nu_e_bar      nu_mu_bar    nu_tau_bar #

-3.301030  0.000000e+00  0.000000e+00  0.000000e+00  0.000000e+00  0.000000e+00  0.000000e+00
-3.298428  0.000000e+00  0.000000e+00  0.000000e+00  0.000000e+00  0.000000e+00  0.000000e+00
-3.295826  0.000000e+00  0.000000e+00  0.000000e+00  0.000000e+00  0.000000e+00  0.000000e+00
-3.293224  0.000000e+00  0.000000e+00  0.000000e+00  0.000000e+00  0.000000e+00  0.000000e+00
-3.290622  0.000000e+00  0.000000e+00  0.000000e+00  0.000000e+00  0.000000e+00  0.000000e+00
-3.288020  0.000000e+00  0.000000e+00  0.000000e+00  0.000000e+00  0.000000e+00  0.000000e+00
-3.285418  0.000000e+00  0.000000e+00  0.000000e+00  0.000000e+00  0.000000e+00  0.000000e+00
-3.282816  0.000000e+00  0.000000e+00  0.000000e+00  0.000000e+00  0.000000e+00  0.000000e+00
-3.280214  0.000000e+00  0.000000e+00  0.000000e+00  0.000000e+00  0.000000e+00  0.000000e+00
-3.277611  0.000000e+00  0.000000e+00  0.000000e+00  0.000000e+00  0.000000e+00  0.000000e+00
-3.275009  0.000000e+00  0.000000e+00  0.000000e+00  0.000000e+00  0.000000e+00  0.000000e+00
-3.272407  0.000000e+00  0.000000e+00  0.000000e+00  0.000000e+00  0.000000e+00  0.000000e+00
-3.269805  0.000000e+00  0.000000e+00  0.000000e+00  0.000000e+00  0.000000e+00  0.000000e+00
-3.267203  0.000000e+00  0.000000e+00  0.000000e+00  0.000000e+00  0.000000e+00  0.000000e+00
-3.264601  0.000000e+00  0.000000e+00  0.000000e+00  0.000000e+00  0.000000e+00  0.000000e+00
-3.261999  0.000000e+00  0.000000e+00  0.000000e+00  0.000000e+00  0.000000e+00  0.000000e+00
-3.259397  0.000000e+00  0.000000e+00  0.000000e+00  0.000000e+00  0.000000e+00  0.000000e+00
-3.256795  0.000000e+00  0.000000e+00  0.000000e+00  0.000000e+00  0.000000e+00  0.000000e+00
-3.254193  0.000000e+00  0.000000e+00  0.000000e+00  0.000000e+00  0.000000e+00  0.000000e+00
-3.251591  0.000000e+00  0.000000e+00  0.000000e+00  0.000000e+00  0.000000e+00  0.000000e+00
-3.248989  0.000000e+00  0.000000e+00  0.000000e+00  0.000000e+00  0.000000e+00  0.000000e+00
-3.246387  0.000000e+00  0.000000e+00  0.000000e+00  0.000000e+00  0.000000e+00  0.000000e+00
-3.243785  0.000000e+00  0.000000e+00  0.000000e+00  0.000000e+00  0.000000e+00  0.000000e+00
-3.241183  0.000000e+00  0.000000e+00  0.000000e+00  0.000000e+00  0.000000e+00  0.000000e+00
-3.238581  0.000000e+00  0.000000e+00  0.000000e+00  0.000000e+00  0.000000e+00  0.000000e+00
-3.235978  0.000000e+00  0.000000e+00  0.000000e+00  0.000000e+00  0.000000e+00  0.000000e+00
-3.233376  0.000000e+00  0.000000e+00  0.000000e+00  0.000000e+00  0.000000e+00  0.000000e+00
-3.230774  0.000000e+00  0.000000e+00  0.000000e+00  0.000000e+00  0.000000e+00  0.000000e+00
-3.228172  0.000000e+00  0.000000e+00  0.000000e+00  0.000000e+00  0.000000e+00  0.000000e+00
-3.225570  0.000000e+00  0.000000e+00  0.000000e+00  0.000000e+00  0.000000e+00  0.000000e+00
-3.222968  0.000000e+00  0.000000e+00  0.000000e+00  0.000000e+00  0.000000e+00  0.000000e+00
-3.220366  0.000000e+00  0.000000e+00  0.000000e+00  0.000000e+00  0.000000e+00  0.000000e+00
-3.217764  0.000000e+00  0.000000e+00  0.000000e+00  0.000000e+00  0.000000e+00  0.000000e+00
-3.215162  0.000000e+00  0.000000e+00  0.000000e+00  0.000000e+00  0.000000e+00  0.000000e+00
-3.212560  0.000000e+00  0.000000e+00  0.000000e+00  0.000000e+00  0.000000e+00  0.000000e+00
-3.209958  0.000000e+00  0.000000e+00  0.000000e+00  0.000000e+00  0.000000e+00  0.000000e+00
-3.207356  0.000000e+00  0.000000e+00  0.000000e+00  0.000000e+00  0.000000e+00  0.000000e+00
-3.204754  0.000000e+00  0.000000e+00  0.000000e+00  0.000000e+00  0.000000e+00  0.000000e+00
-3.202152  0.000000e+00  0.000000e+00  0.000000e+00  0.000000e+00  0.000000e+00  0.000000e+00
-3.199550  0.000000e+00  0.000000e+00  0.000000e+00  0.000000e+00  0.000000e+00  0.000000e+00
-3.196948  0.000000e+00  0.000000e+00  0.000000e+00  0.000000e+00  0.000000e+00  0.000000e+00
-3.194346  0.000000e+00  0.000000e+00  0.000000e+00  0.000000e+00  0.000000e+00  0.000000e+00
-3.191743  0.000000e+00  0.000000e+00  0.000000e+00  0.000000e+00  0.000000e+00  0.000000e+00
-3.189141  0.000000e+00  0.000000e+00  0.000000e+00  0.000000e+00  0.000000e+00  0.000000e+00
-3.186539  0.000000e+00  0.000000e+00  0.000000e+00  0.000000e+00  0.000000e+00  0.000000e+00
-3.183937  0.000000e+00  0.000000e+00  0.000000e+00  0.000000e+00  0.000000e+00  0.000000e+00
-3.181335  0.000000e+00  0.000000e+00  0.000000e+00  0.000000e+00  0.000000e+00  0.000000e+00
-3.178733  0.000000e+00  0.000000e+00  0.000000e+00  0.000000e+00  0.000000e+00  0.000000e+00
-3.176131  0.000000e+00  0.000000e+00  0.000000e+00  0.000000e+00  0.000000e+00  0.000000e+00
-3.173529  0.000000e+00  0.000000e+00  0.000000e+00  0.000000e+00  0.000000e+00  0.000000e+00
-3.170927  0.000000e+00  0.000000e+00  0.000000e+00  0.000000e+00  0.000000e+00  0.000000e+00
-3.168325  0.000000e+00  0.000000e+00  0.000000e+00  0.000000e+00  0.000000e+00  0.000000e+00
-3.165723  0.000000e+00  0.000000e+00  0.000000e+00  0.000000e+00  0.000000e+00  0.000000e+00
-3.163121  0.000000e+00  0.000000e+00  0.000000e+00  0.000000e+00  0.000000e+00  0.000000e+00
-3.160519  0.000000e+00  0.000000e+00  0.000000e+00  0.000000e+00  0.000000e+00  0.000000e+00
-3.157917  0.000000e+00  0.000000e+00  0.000000e+00  0.000000e+00  0.000000e+00  0.000000e+00
-3.155315  0.000000e+00  0.000000e+00  0.000000e+00  0.000000e+00  0.000000e+00  0.000000e+00
-3.152713  0.000000e+00  0.000000e+00  0.000000e+00  0.000000e+00  0.000000e+00  0.000000e+00
-3.150111  0.000000e+00  0.000000e+00  0.000000e+00  0.000000e+00  0.000000e+00  0.000000e+00
-3.147508  0.000000e+00  0.000000e+00  0.000000e+00  0.000000e+00  0.000000e+00  0.000000e+00
-3.144906  0.000000e+00  0.000000e+00  0.000000e+00  0.000000e+00  0.000000e+00  0.000000e+00
-3.142304  0.000000e+00  0.000000e+00  0.000000e+00  0.000000e+00  0.000000e+00  0.000000e+00
-3.139702  0.000000e+00  0.000000e+00  0.000000e+00  0.000000e+00  0.000000e+00  0.000000e+00
-3.137100  0.000000e+00  0.000000e+00  0.000000e+00  0.000000e+00  0.000000e+00  0.000000e+00
-3.134498  0.000000e+00  0.000000e+00  0.000000e+00  0.000000e+00  0.000000e+00  0.000000e+00
-3.131896  0.000000e+00  0.000000e+00  0.000000e+00  0.000000e+00  0.000000e+00  0.000000e+00
-3.129294  0.000000e+00  0.000000e+00  0.000000e+00  0.000000e+00  0.000000e+00  0.000000e+00
-3.126692  0.000000e+00  0.000000e+00  0.000000e+00  0.000000e+00  0.000000e+00  0.000000e+00
-3.124090  0.000000e+00  0.000000e+00  0.000000e+00  0.000000e+00  0.000000e+00  0.000000e+00
-3.121488  0.000000e+00  0.000000e+00  0.000000e+00  0.000000e+00  0.000000e+00  0.000000e+00
-3.118886  0.000000e+00  0.000000e+00  0.000000e+00  0.000000e+00  0.000000e+00  0.000000e+00
-3.116284  0.000000e+00  0.000000e+00  0.000000e+00  0.000000e+00  0.000000e+00  0.000000e+00
-3.113682  0.000000e+00  0.000000e+00  0.000000e+00  0.000000e+00  0.000000e+00  0.000000e+00
-3.111080  0.000000e+00  0.000000e+00  0.000000e+00  0.000000e+00  0.000000e+00  0.000000e+00
-3.108478  0.000000e+00  0.000000e+00  0.000000e+00  0.000000e+00  0.000000e+00  0.000000e+00
-3.105875  0.000000e+00  0.000000e+00  0.000000e+00  0.000000e+00  0.000000e+00  0.000000e+00
-3.103273  0.000000e+00  0.000000e+00  0.000000e+00  0.000000e+00  0.000000e+00  0.000000e+00
-3.100671  0.000000e+00  0.000000e+00  0.000000e+00  0.000000e+00  0.000000e+00  0.000000e+00
-3.098069  0.000000e+00  0.000000e+00  0.000000e+00  0.000000e+00  0.000000e+00  0.000000e+00
-3.095467  0.000000e+00  0.000000e+00  0.000000e+00  0.000000e+00  0.000000e+00  0.000000e+00
-3.092865  0.000000e+00  0.000000e+00  0.000000e+00  0.000000e+00  0.000000e+00  0.000000e+00
-3.090263  0.000000e+00  0.000000e+00  0.000000e+00  0.000000e+00  0.000000e+00  0.000000e+00
-3.087661  0.000000e+00  0.000000e+00  0.000000e+00  0.000000e+00  0.000000e+00  0.000000e+00
-3.085059  0.000000e+00  0.000000e+00  0.000000e+00  0.000000e+00  0.000000e+00  0.000000e+00
-3.082457  0.000000e+00  0.000000e+00  0.000000e+00  0.000000e+00  0.000000e+00  0.000000e+00
-3.079855  0.000000e+00  0.000000e+00  0.000000e+00  0.000000e+00  0.000000e+00  0.000000e+00
-3.077253  0.000000e+00  0.000000e+00  0.000000e+00  0.000000e+00  0.000000e+00  0.000000e+00
-3.074651  0.000000e+00  0.000000e+00  0.000000e+00  0.000000e+00  0.000000e+00  0.000000e+00
-3.072049  0.000000e+00  0.000000e+00  0.000000e+00  0.000000e+00  0.000000e+00  0.000000e+00
-3.069447  0.000000e+00  0.000000e+00  0.000000e+00  0.000000e+00  0.000000e+00  0.000000e+00
-3.066845  0.000000e+00  0.000000e+00  0.000000e+00  0.000000e+00  0.000000e+00  0.000000e+00
-3.064243  0.000000e+00  0.000000e+00  0.000000e+00  0.000000e+00  0.000000e+00  0.000000e+00
-3.061640  0.000000e+00  0.000000e+00  0.000000e+00  0.000000e+00  0.000000e+00  0.000000e+00
-3.059038  0.000000e+00  0.000000e+00  0.000000e+00  0.000000e+00  0.000000e+00  0.000000e+00
-3.056436  0.000000e+00  0.000000e+00  0.000000e+00  0.000000e+00  0.000000e+00  0.000000e+00
-3.053834  0.000000e+00  0.000000e+00  0.000000e+00  0.000000e+00  0.000000e+00  0.000000e+00
-3.051232  0.000000e+00  0.000000e+00  0.000000e+00  0.000000e+00  0.000000e+00  0.000000e+00
-3.048630  0.000000e+00  0.000000e+00  0.000000e+00  0.000000e+00  0.000000e+00  0.000000e+00
-3.046028  0.000000e+00  0.000000e+00  0.000000e+00  0.000000e+00  0.000000e+00  0.000000e+00
-3.043426  0.000000e+00  0.000000e+00  0.000000e+00  0.000000e+00  0.000000e+00  0.000000e+00
-3.040824  0.000000e+00  0.000000e+00  0.000000e+00  0.000000e+00  0.000000e+00  0.000000e+00
-3.038222  0.000000e+00  0.000000e+00  0.000000e+00  0.000000e+00  0.000000e+00  0.000000e+00
-3.035620  0.000000e+00  0.000000e+00  0.000000e+00  0.000000e+00  0.000000e+00  0.000000e+00
-3.033018  0.000000e+00  0.000000e+00  0.000000e+00  0.000000e+00  0.000000e+00  0.000000e+00
-3.030416  0.000000e+00  0.000000e+00  0.000000e+00  0.000000e+00  0.000000e+00  0.000000e+00
-3.027814  0.000000e+00  0.000000e+00  0.000000e+00  0.000000e+00  0.000000e+00  0.000000e+00
-3.025212  0.000000e+00  0.000000e+00  0.000000e+00  0.000000e+00  0.000000e+00  0.000000e+00
-3.022610  0.000000e+00  0.000000e+00  0.000000e+00  0.000000e+00  0.000000e+00  0.000000e+00
-3.020008  0.000000e+00  0.000000e+00  0.000000e+00  0.000000e+00  0.000000e+00  0.000000e+00
-3.017405  0.000000e+00  0.000000e+00  0.000000e+00  0.000000e+00  0.000000e+00  0.000000e+00
-3.014803  0.000000e+00  0.000000e+00  0.000000e+00  0.000000e+00  0.000000e+00  0.000000e+00
-3.012201  0.000000e+00  0.000000e+00  0.000000e+00  0.000000e+00  0.000000e+00  0.000000e+00
-3.009599  0.000000e+00  0.000000e+00  0.000000e+00  0.000000e+00  0.000000e+00  0.000000e+00
-3.006997  0.000000e+00  0.000000e+00  0.000000e+00  0.000000e+00  0.000000e+00  0.000000e+00
-3.004395  0.000000e+00  0.000000e+00  0.000000e+00  0.000000e+00  0.000000e+00  0.000000e+00
-3.001793  0.000000e+00  0.000000e+00  0.000000e+00  0.000000e+00  0.000000e+00  0.000000e+00
-2.999191  0.000000e+00  0.000000e+00  0.000000e+00  0.000000e+00  0.000000e+00  0.000000e+00
-2.996589  0.000000e+00  0.000000e+00  0.000000e+00  0.000000e+00  0.000000e+00  0.000000e+00
-2.993987  0.000000e+00  0.000000e+00  0.000000e+00  0.000000e+00  0.000000e+00  0.000000e+00
-2.991385  0.000000e+00  0.000000e+00  0.000000e+00  0.000000e+00  0.000000e+00  0.000000e+00
-2.988783  0.000000e+00  0.000000e+00  0.000000e+00  0.000000e+00  0.000000e+00  0.000000e+00
-2.986181  0.000000e+00  0.000000e+00  0.000000e+00  0.000000e+00  0.000000e+00  0.000000e+00
-2.983579  0.000000e+00  0.000000e+00  0.000000e+00  0.000000e+00  0.000000e+00  0.000000e+00
-2.980977  0.000000e+00  0.000000e+00  0.000000e+00  0.000000e+00  0.000000e+00  0.000000e+00
-2.978375  0.000000e+00  0.000000e+00  0.000000e+00  0.000000e+00  0.000000e+00  0.000000e+00
-2.975772  0.000000e+00  0.000000e+00  0.000000e+00  0.000000e+00  0.000000e+00  0.000000e+00
-2.973170  0.000000e+00  0.000000e+00  0.000000e+00  0.000000e+00  0.000000e+00  0.000000e+00
-2.970568  0.000000e+00  0.000000e+00  0.000000e+00  0.000000e+00  0.000000e+00  0.000000e+00
-2.967966  0.000000e+00  0.000000e+00  0.000000e+00  0.000000e+00  0.000000e+00  0.000000e+00
-2.965364  0.000000e+00  0.000000e+00  0.000000e+00  0.000000e+00  0.000000e+00  0.000000e+00
-2.962762  0.000000e+00  0.000000e+00  0.000000e+00  0.000000e+00  0.000000e+00  0.000000e+00
-2.960160  0.000000e+00  0.000000e+00  0.000000e+00  0.000000e+00  0.000000e+00  0.000000e+00
-2.957558  0.000000e+00  0.000000e+00  0.000000e+00  0.000000e+00  0.000000e+00  0.000000e+00
-2.954956  0.000000e+00  0.000000e+00  0.000000e+00  0.000000e+00  0.000000e+00  0.000000e+00
-2.952354  0.000000e+00  0.000000e+00  0.000000e+00  0.000000e+00  0.000000e+00  0.000000e+00
-2.949752  0.000000e+00  0.000000e+00  0.000000e+00  0.000000e+00  0.000000e+00  0.000000e+00
-2.947150  0.000000e+00  0.000000e+00  0.000000e+00  0.000000e+00  0.000000e+00  0.000000e+00
-2.944548  0.000000e+00  0.000000e+00  0.000000e+00  0.000000e+00  0.000000e+00  0.000000e+00
-2.941946  0.000000e+00  0.000000e+00  0.000000e+00  0.000000e+00  0.000000e+00  0.000000e+00
-2.939344  0.000000e+00  0.000000e+00  0.000000e+00  0.000000e+00  0.000000e+00  0.000000e+00
-2.936742  0.000000e+00  0.000000e+00  0.000000e+00  0.000000e+00  0.000000e+00  0.000000e+00
-2.934140  0.000000e+00  0.000000e+00  0.000000e+00  0.000000e+00  0.000000e+00  0.000000e+00
-2.931537  0.000000e+00  0.000000e+00  0.000000e+00  0.000000e+00  0.000000e+00  0.000000e+00
-2.928935  0.000000e+00  0.000000e+00  0.000000e+00  0.000000e+00  0.000000e+00  0.000000e+00
-2.926333  0.000000e+00  0.000000e+00  0.000000e+00  0.000000e+00  0.000000e+00  0.000000e+00
-2.923731  0.000000e+00  0.000000e+00  0.000000e+00  0.000000e+00  0.000000e+00  0.000000e+00
-2.921129  0.000000e+00  0.000000e+00  0.000000e+00  0.000000e+00  0.000000e+00  0.000000e+00
-2.918527  0.000000e+00  0.000000e+00  0.000000e+00  0.000000e+00  0.000000e+00  0.000000e+00
-2.915925  0.000000e+00  0.000000e+00  0.000000e+00  0.000000e+00  0.000000e+00  0.000000e+00
-2.913323  0.000000e+00  0.000000e+00  0.000000e+00  0.000000e+00  0.000000e+00  0.000000e+00
-2.910721  0.000000e+00  0.000000e+00  0.000000e+00  0.000000e+00  0.000000e+00  0.000000e+00
-2.908119  0.000000e+00  0.000000e+00  0.000000e+00  0.000000e+00  0.000000e+00  0.000000e+00
-2.905517  0.000000e+00  0.000000e+00  0.000000e+00  0.000000e+00  0.000000e+00  0.000000e+00
-2.902915  0.000000e+00  0.000000e+00  0.000000e+00  0.000000e+00  0.000000e+00  0.000000e+00
-2.900313  0.000000e+00  0.000000e+00  0.000000e+00  0.000000e+00  0.000000e+00  0.000000e+00
-2.897711  0.000000e+00  0.000000e+00  0.000000e+00  0.000000e+00  0.000000e+00  0.000000e+00
-2.895109  0.000000e+00  0.000000e+00  0.000000e+00  0.000000e+00  0.000000e+00  0.000000e+00
-2.892507  0.000000e+00  0.000000e+00  0.000000e+00  0.000000e+00  0.000000e+00  0.000000e+00
-2.889905  0.000000e+00  0.000000e+00  0.000000e+00  0.000000e+00  0.000000e+00  0.000000e+00
-2.887302  0.000000e+00  0.000000e+00  0.000000e+00  0.000000e+00  0.000000e+00  0.000000e+00
-2.884700  0.000000e+00  0.000000e+00  0.000000e+00  0.000000e+00  0.000000e+00  0.000000e+00
-2.882098  0.000000e+00  0.000000e+00  0.000000e+00  0.000000e+00  0.000000e+00  0.000000e+00
-2.879496  0.000000e+00  0.000000e+00  0.000000e+00  0.000000e+00  0.000000e+00  0.000000e+00
-2.876894  0.000000e+00  0.000000e+00  0.000000e+00  0.000000e+00  0.000000e+00  0.000000e+00
-2.874292  0.000000e+00  0.000000e+00  0.000000e+00  0.000000e+00  0.000000e+00  0.000000e+00
-2.871690  0.000000e+00  0.000000e+00  0.000000e+00  0.000000e+00  0.000000e+00  0.000000e+00
-2.869088  0.000000e+00  0.000000e+00  0.000000e+00  0.000000e+00  0.000000e+00  0.000000e+00
-2.866486  0.000000e+00  0.000000e+00  0.000000e+00  0.000000e+00  0.000000e+00  0.000000e+00
-2.863884  0.000000e+00  0.000000e+00  0.000000e+00  0.000000e+00  0.000000e+00  0.000000e+00
-2.861282  0.000000e+00  0.000000e+00  0.000000e+00  0.000000e+00  0.000000e+00  0.000000e+00
-2.858680  0.000000e+00  0.000000e+00  0.000000e+00  0.000000e+00  0.000000e+00  0.000000e+00
-2.856078  0.000000e+00  0.000000e+00  0.000000e+00  0.000000e+00  0.000000e+00  0.000000e+00
-2.853476  0.000000e+00  0.000000e+00  0.000000e+00  0.000000e+00  0.000000e+00  0.000000e+00
-2.850874  0.000000e+00  0.000000e+00  0.000000e+00  0.000000e+00  0.000000e+00  0.000000e+00
-2.848272  0.000000e+00  0.000000e+00  0.000000e+00  0.000000e+00  0.000000e+00  0.000000e+00
-2.845669  0.000000e+00  0.000000e+00  0.000000e+00  0.000000e+00  0.000000e+00  0.000000e+00
-2.843067  0.000000e+00  0.000000e+00  0.000000e+00  0.000000e+00  0.000000e+00  0.000000e+00
-2.840465  0.000000e+00  0.000000e+00  0.000000e+00  0.000000e+00  0.000000e+00  0.000000e+00
-2.837863  0.000000e+00  0.000000e+00  0.000000e+00  0.000000e+00  0.000000e+00  0.000000e+00
-2.835261  0.000000e+00  0.000000e+00  0.000000e+00  0.000000e+00  0.000000e+00  0.000000e+00
-2.832659  0.000000e+00  0.000000e+00  0.000000e+00  0.000000e+00  0.000000e+00  0.000000e+00
-2.830057  0.000000e+00  0.000000e+00  0.000000e+00  0.000000e+00  0.000000e+00  0.000000e+00
-2.827455  0.000000e+00  0.000000e+00  0.000000e+00  0.000000e+00  0.000000e+00  0.000000e+00
-2.824853  0.000000e+00  0.000000e+00  0.000000e+00  0.000000e+00  0.000000e+00  0.000000e+00
-2.822251  0.000000e+00  0.000000e+00  0.000000e+00  0.000000e+00  0.000000e+00  0.000000e+00
-2.819649  0.000000e+00  0.000000e+00  0.000000e+00  0.000000e+00  0.000000e+00  0.000000e+00
-2.817047  0.000000e+00  0.000000e+00  0.000000e+00  0.000000e+00  0.000000e+00  0.000000e+00
-2.814445  0.000000e+00  0.000000e+00  0.000000e+00  0.000000e+00  0.000000e+00  0.000000e+00
-2.811843  0.000000e+00  0.000000e+00  0.000000e+00  0.000000e+00  0.000000e+00  0.000000e+00
-2.809241  0.000000e+00  0.000000e+00  0.000000e+00  0.000000e+00  0.000000e+00  0.000000e+00
-2.806639  0.000000e+00  0.000000e+00  0.000000e+00  0.000000e+00  0.000000e+00  0.000000e+00
-2.804037  0.000000e+00  0.000000e+00  0.000000e+00  0.000000e+00  0.000000e+00  0.000000e+00
-2.801434  0.000000e+00  0.000000e+00  0.000000e+00  0.000000e+00  0.000000e+00  0.000000e+00
-2.798832  0.000000e+00  0.000000e+00  0.000000e+00  0.000000e+00  0.000000e+00  0.000000e+00
-2.796230  0.000000e+00  0.000000e+00  0.000000e+00  0.000000e+00  0.000000e+00  0.000000e+00
-2.793628  0.000000e+00  0.000000e+00  0.000000e+00  0.000000e+00  0.000000e+00  0.000000e+00
-2.791026  0.000000e+00  0.000000e+00  0.000000e+00  0.000000e+00  0.000000e+00  0.000000e+00
-2.788424  0.000000e+00  0.000000e+00  0.000000e+00  0.000000e+00  0.000000e+00  0.000000e+00
-2.785822  0.000000e+00  0.000000e+00  0.000000e+00  0.000000e+00  0.000000e+00  0.000000e+00
-2.783220  0.000000e+00  0.000000e+00  0.000000e+00  0.000000e+00  0.000000e+00  0.000000e+00
-2.780618  0.000000e+00  0.000000e+00  0.000000e+00  0.000000e+00  0.000000e+00  0.000000e+00
-2.778016  0.000000e+00  0.000000e+00  0.000000e+00  0.000000e+00  0.000000e+00  0.000000e+00
-2.775414  0.000000e+00  0.000000e+00  0.000000e+00  0.000000e+00  0.000000e+00  0.000000e+00
-2.772812  0.000000e+00  0.000000e+00  0.000000e+00  0.000000e+00  0.000000e+00  0.000000e+00
-2.770210  0.000000e+00  0.000000e+00  0.000000e+00  0.000000e+00  0.000000e+00  0.000000e+00
-2.767608  0.000000e+00  0.000000e+00  0.000000e+00  0.000000e+00  0.000000e+00  0.000000e+00
-2.765006  0.000000e+00  0.000000e+00  0.000000e+00  0.000000e+00  0.000000e+00  0.000000e+00
-2.762404  0.000000e+00  0.000000e+00  0.000000e+00  0.000000e+00  0.000000e+00  0.000000e+00
-2.759802  0.000000e+00  0.000000e+00  0.000000e+00  0.000000e+00  0.000000e+00  0.000000e+00
-2.757199  0.000000e+00  0.000000e+00  0.000000e+00  0.000000e+00  0.000000e+00  0.000000e+00
-2.754597  0.000000e+00  0.000000e+00  0.000000e+00  0.000000e+00  0.000000e+00  0.000000e+00
-2.751995  0.000000e+00  0.000000e+00  0.000000e+00  0.000000e+00  0.000000e+00  0.000000e+00
-2.749393  0.000000e+00  0.000000e+00  0.000000e+00  0.000000e+00  0.000000e+00  0.000000e+00
-2.746791  0.000000e+00  0.000000e+00  0.000000e+00  0.000000e+00  0.000000e+00  0.000000e+00
-2.744189  0.000000e+00  0.000000e+00  0.000000e+00  0.000000e+00  0.000000e+00  0.000000e+00
-2.741587  0.000000e+00  0.000000e+00  0.000000e+00  0.000000e+00  0.000000e+00  0.000000e+00
-2.738985  0.000000e+00  0.000000e+00  0.000000e+00  0.000000e+00  0.000000e+00  0.000000e+00
-2.736383  0.000000e+00  0.000000e+00  0.000000e+00  0.000000e+00  0.000000e+00  0.000000e+00
-2.733781  0.000000e+00  0.000000e+00  0.000000e+00  0.000000e+00  0.000000e+00  0.000000e+00
-2.731179  0.000000e+00  0.000000e+00  0.000000e+00  0.000000e+00  0.000000e+00  0.000000e+00
-2.728577  0.000000e+00  0.000000e+00  0.000000e+00  0.000000e+00  0.000000e+00  0.000000e+00
-2.725975  0.000000e+00  0.000000e+00  0.000000e+00  0.000000e+00  0.000000e+00  0.000000e+00
-2.723373  0.000000e+00  0.000000e+00  0.000000e+00  0.000000e+00  0.000000e+00  0.000000e+00
-2.720771  0.000000e+00  0.000000e+00  0.000000e+00  0.000000e+00  0.000000e+00  0.000000e+00
-2.718169  0.000000e+00  0.000000e+00  0.000000e+00  0.000000e+00  0.000000e+00  0.000000e+00
-2.715566  0.000000e+00  0.000000e+00  0.000000e+00  0.000000e+00  0.000000e+00  0.000000e+00
-2.712964  0.000000e+00  0.000000e+00  0.000000e+00  0.000000e+00  0.000000e+00  0.000000e+00
-2.710362  0.000000e+00  0.000000e+00  0.000000e+00  0.000000e+00  0.000000e+00  0.000000e+00
-2.707760  0.000000e+00  0.000000e+00  0.000000e+00  0.000000e+00  0.000000e+00  0.000000e+00
-2.705158  0.000000e+00  0.000000e+00  0.000000e+00  0.000000e+00  0.000000e+00  0.000000e+00
-2.702556  0.000000e+00  0.000000e+00  0.000000e+00  0.000000e+00  0.000000e+00  0.000000e+00
-2.699954  0.000000e+00  0.000000e+00  0.000000e+00  0.000000e+00  0.000000e+00  0.000000e+00
-2.697352  0.000000e+00  0.000000e+00  0.000000e+00  0.000000e+00  0.000000e+00  0.000000e+00
-2.694750  0.000000e+00  0.000000e+00  0.000000e+00  0.000000e+00  0.000000e+00  0.000000e+00
-2.692148  0.000000e+00  0.000000e+00  0.000000e+00  0.000000e+00  0.000000e+00  0.000000e+00
-2.689546  0.000000e+00  0.000000e+00  0.000000e+00  0.000000e+00  0.000000e+00  0.000000e+00
-2.686944  0.000000e+00  0.000000e+00  0.000000e+00  0.000000e+00  0.000000e+00  0.000000e+00
-2.684342  0.000000e+00  0.000000e+00  0.000000e+00  0.000000e+00  0.000000e+00  0.000000e+00
-2.681740  0.000000e+00  0.000000e+00  0.000000e+00  0.000000e+00  0.000000e+00  0.000000e+00
-2.679138  0.000000e+00  0.000000e+00  0.000000e+00  0.000000e+00  0.000000e+00  0.000000e+00
-2.676536  0.000000e+00  0.000000e+00  0.000000e+00  0.000000e+00  0.000000e+00  0.000000e+00
-2.673934  0.000000e+00  0.000000e+00  0.000000e+00  0.000000e+00  0.000000e+00  0.000000e+00
-2.671331  0.000000e+00  0.000000e+00  0.000000e+00  0.000000e+00  0.000000e+00  0.000000e+00
-2.668729  0.000000e+00  0.000000e+00  0.000000e+00  0.000000e+00  0.000000e+00  0.000000e+00
-2.666127  0.000000e+00  0.000000e+00  0.000000e+00  0.000000e+00  0.000000e+00  0.000000e+00
-2.663525  0.000000e+00  0.000000e+00  0.000000e+00  0.000000e+00  0.000000e+00  0.000000e+00
-2.660923  0.000000e+00  0.000000e+00  0.000000e+00  0.000000e+00  0.000000e+00  0.000000e+00
-2.658321  0.000000e+00  0.000000e+00  0.000000e+00  0.000000e+00  0.000000e+00  0.000000e+00
-2.655719  0.000000e+00  0.000000e+00  0.000000e+00  0.000000e+00  0.000000e+00  0.000000e+00
-2.653117  0.000000e+00  0.000000e+00  0.000000e+00  0.000000e+00  0.000000e+00  0.000000e+00
-2.650515  0.000000e+00  0.000000e+00  0.000000e+00  0.000000e+00  0.000000e+00  0.000000e+00
-2.647913  0.000000e+00  0.000000e+00  0.000000e+00  0.000000e+00  0.000000e+00  0.000000e+00
-2.645311  0.000000e+00  0.000000e+00  0.000000e+00  0.000000e+00  0.000000e+00  0.000000e+00
-2.642709  0.000000e+00  0.000000e+00  0.000000e+00  0.000000e+00  0.000000e+00  0.000000e+00
-2.640107  0.000000e+00  0.000000e+00  0.000000e+00  0.000000e+00  0.000000e+00  0.000000e+00
-2.637505  0.000000e+00  0.000000e+00  0.000000e+00  0.000000e+00  0.000000e+00  0.000000e+00
-2.634903  0.000000e+00  0.000000e+00  0.000000e+00  0.000000e+00  0.000000e+00  0.000000e+00
-2.632301  0.000000e+00  0.000000e+00  0.000000e+00  0.000000e+00  0.000000e+00  0.000000e+00
-2.629699  0.000000e+00  0.000000e+00  0.000000e+00  0.000000e+00  0.000000e+00  0.000000e+00
-2.627096  0.000000e+00  0.000000e+00  0.000000e+00  0.000000e+00  0.000000e+00  0.000000e+00
-2.624494  0.000000e+00  0.000000e+00  0.000000e+00  0.000000e+00  0.000000e+00  0.000000e+00
-2.621892  0.000000e+00  0.000000e+00  0.000000e+00  0.000000e+00  0.000000e+00  0.000000e+00
-2.619290  0.000000e+00  0.000000e+00  0.000000e+00  0.000000e+00  0.000000e+00  0.000000e+00
-2.616688  0.000000e+00  0.000000e+00  0.000000e+00  0.000000e+00  0.000000e+00  0.000000e+00
-2.614086  0.000000e+00  0.000000e+00  0.000000e+00  0.000000e+00  0.000000e+00  0.000000e+00
-2.611484  0.000000e+00  0.000000e+00  0.000000e+00  0.000000e+00  0.000000e+00  0.000000e+00
-2.608882  0.000000e+00  0.000000e+00  0.000000e+00  0.000000e+00  0.000000e+00  0.000000e+00
-2.606280  0.000000e+00  0.000000e+00  0.000000e+00  0.000000e+00  0.000000e+00  0.000000e+00
-2.603678  0.000000e+00  0.000000e+00  0.000000e+00  0.000000e+00  0.000000e+00  0.000000e+00
-2.601076  0.000000e+00  0.000000e+00  0.000000e+00  0.000000e+00  0.000000e+00  0.000000e+00
-2.598474  0.000000e+00  0.000000e+00  0.000000e+00  0.000000e+00  0.000000e+00  0.000000e+00
-2.595872  0.000000e+00  0.000000e+00  0.000000e+00  0.000000e+00  0.000000e+00  0.000000e+00
-2.593270  0.000000e+00  0.000000e+00  0.000000e+00  0.000000e+00  0.000000e+00  0.000000e+00
-2.590668  0.000000e+00  0.000000e+00  0.000000e+00  0.000000e+00  0.000000e+00  0.000000e+00
-2.588066  0.000000e+00  0.000000e+00  0.000000e+00  0.000000e+00  0.000000e+00  0.000000e+00
-2.585463  0.000000e+00  0.000000e+00  0.000000e+00  0.000000e+00  0.000000e+00  0.000000e+00
-2.582861  0.000000e+00  0.000000e+00  0.000000e+00  0.000000e+00  0.000000e+00  0.000000e+00
-2.580259  0.000000e+00  0.000000e+00  0.000000e+00  0.000000e+00  0.000000e+00  0.000000e+00
-2.577657  0.000000e+00  0.000000e+00  0.000000e+00  0.000000e+00  0.000000e+00  0.000000e+00
-2.575055  0.000000e+00  0.000000e+00  0.000000e+00  0.000000e+00  0.000000e+00  0.000000e+00
-2.572453  0.000000e+00  0.000000e+00  0.000000e+00  0.000000e+00  0.000000e+00  0.000000e+00
-2.569851  0.000000e+00  0.000000e+00  0.000000e+00  0.000000e+00  0.000000e+00  0.000000e+00
-2.567249  0.000000e+00  0.000000e+00  0.000000e+00  0.000000e+00  0.000000e+00  0.000000e+00
-2.564647  0.000000e+00  0.000000e+00  0.000000e+00  0.000000e+00  0.000000e+00  0.000000e+00
-2.562045  0.000000e+00  0.000000e+00  0.000000e+00  0.000000e+00  0.000000e+00  0.000000e+00
-2.559443  0.000000e+00  0.000000e+00  0.000000e+00  0.000000e+00  0.000000e+00  0.000000e+00
-2.556841  0.000000e+00  0.000000e+00  0.000000e+00  0.000000e+00  0.000000e+00  0.000000e+00
-2.554239  0.000000e+00  0.000000e+00  0.000000e+00  0.000000e+00  0.000000e+00  0.000000e+00
-2.551637  0.000000e+00  0.000000e+00  0.000000e+00  0.000000e+00  0.000000e+00  0.000000e+00
-2.549035  0.000000e+00  0.000000e+00  0.000000e+00  0.000000e+00  0.000000e+00  0.000000e+00
-2.546433  0.000000e+00  0.000000e+00  0.000000e+00  0.000000e+00  0.000000e+00  0.000000e+00
-2.543831  0.000000e+00  0.000000e+00  0.000000e+00  0.000000e+00  0.000000e+00  0.000000e+00
-2.541228  0.000000e+00  0.000000e+00  0.000000e+00  0.000000e+00  0.000000e+00  0.000000e+00
-2.538626  0.000000e+00  0.000000e+00  0.000000e+00  0.000000e+00  0.000000e+00  0.000000e+00
-2.536024  0.000000e+00  0.000000e+00  0.000000e+00  0.000000e+00  0.000000e+00  0.000000e+00
-2.533422  0.000000e+00  0.000000e+00  0.000000e+00  0.000000e+00  0.000000e+00  0.000000e+00
-2.530820  0.000000e+00  0.000000e+00  0.000000e+00  0.000000e+00  0.000000e+00  0.000000e+00
-2.528218  0.000000e+00  0.000000e+00  0.000000e+00  0.000000e+00  0.000000e+00  0.000000e+00
-2.525616  0.000000e+00  0.000000e+00  0.000000e+00  0.000000e+00  0.000000e+00  0.000000e+00
-2.523014  0.000000e+00  0.000000e+00  0.000000e+00  0.000000e+00  0.000000e+00  0.000000e+00
-2.520412  0.000000e+00  0.000000e+00  0.000000e+00  0.000000e+00  0.000000e+00  0.000000e+00
-2.517810  0.000000e+00  0.000000e+00  0.000000e+00  0.000000e+00  0.000000e+00  0.000000e+00
-2.515208  0.000000e+00  0.000000e+00  0.000000e+00  0.000000e+00  0.000000e+00  0.000000e+00
-2.512606  0.000000e+00  0.000000e+00  0.000000e+00  0.000000e+00  0.000000e+00  0.000000e+00
-2.510004  0.000000e+00  0.000000e+00  0.000000e+00  0.000000e+00  0.000000e+00  0.000000e+00
-2.507402  0.000000e+00  0.000000e+00  0.000000e+00  0.000000e+00  0.000000e+00  0.000000e+00
-2.504800  0.000000e+00  0.000000e+00  0.000000e+00  0.000000e+00  0.000000e+00  0.000000e+00
-2.502198  0.000000e+00  0.000000e+00  0.000000e+00  0.000000e+00  0.000000e+00  0.000000e+00
-2.499596  0.000000e+00  0.000000e+00  0.000000e+00  0.000000e+00  0.000000e+00  0.000000e+00
-2.496993  0.000000e+00  0.000000e+00  0.000000e+00  0.000000e+00  0.000000e+00  0.000000e+00
-2.494391  0.000000e+00  0.000000e+00  0.000000e+00  0.000000e+00  0.000000e+00  0.000000e+00
-2.491789  0.000000e+00  0.000000e+00  0.000000e+00  0.000000e+00  0.000000e+00  0.000000e+00
-2.489187  0.000000e+00  0.000000e+00  0.000000e+00  0.000000e+00  0.000000e+00  0.000000e+00
-2.486585  0.000000e+00  0.000000e+00  0.000000e+00  0.000000e+00  0.000000e+00  0.000000e+00
-2.483983  0.000000e+00  0.000000e+00  0.000000e+00  0.000000e+00  0.000000e+00  0.000000e+00
-2.481381  0.000000e+00  0.000000e+00  0.000000e+00  0.000000e+00  0.000000e+00  0.000000e+00
-2.478779  0.000000e+00  0.000000e+00  0.000000e+00  0.000000e+00  0.000000e+00  0.000000e+00
-2.476177  0.000000e+00  0.000000e+00  0.000000e+00  0.000000e+00  0.000000e+00  0.000000e+00
-2.473575  0.000000e+00  0.000000e+00  0.000000e+00  0.000000e+00  0.000000e+00  0.000000e+00
-2.470973  0.000000e+00  0.000000e+00  0.000000e+00  0.000000e+00  0.000000e+00  0.000000e+00
-2.468371  0.000000e+00  0.000000e+00  0.000000e+00  0.000000e+00  0.000000e+00  0.000000e+00
-2.465769  0.000000e+00  0.000000e+00  0.000000e+00  0.000000e+00  0.000000e+00  0.000000e+00
-2.463167  0.000000e+00  0.000000e+00  0.000000e+00  0.000000e+00  0.000000e+00  0.000000e+00
-2.460565  0.000000e+00  0.000000e+00  0.000000e+00  0.000000e+00  0.000000e+00  0.000000e+00
-2.457963  0.000000e+00  0.000000e+00  0.000000e+00  0.000000e+00  0.000000e+00  0.000000e+00
-2.455360  0.000000e+00  0.000000e+00  0.000000e+00  0.000000e+00  0.000000e+00  0.000000e+00
-2.452758  0.000000e+00  0.000000e+00  0.000000e+00  0.000000e+00  0.000000e+00  0.000000e+00
-2.450156  0.000000e+00  0.000000e+00  0.000000e+00  0.000000e+00  0.000000e+00  0.000000e+00
-2.447554  0.000000e+00  0.000000e+00  0.000000e+00  0.000000e+00  0.000000e+00  0.000000e+00
-2.444952  0.000000e+00  0.000000e+00  0.000000e+00  0.000000e+00  0.000000e+00  0.000000e+00
-2.442350  0.000000e+00  0.000000e+00  0.000000e+00  0.000000e+00  0.000000e+00  0.000000e+00
-2.439748  0.000000e+00  0.000000e+00  0.000000e+00  0.000000e+00  0.000000e+00  0.000000e+00
-2.437146  0.000000e+00  0.000000e+00  0.000000e+00  0.000000e+00  0.000000e+00  0.000000e+00
-2.434544  0.000000e+00  0.000000e+00  0.000000e+00  0.000000e+00  0.000000e+00  0.000000e+00
-2.431942  0.000000e+00  0.000000e+00  0.000000e+00  0.000000e+00  0.000000e+00  0.000000e+00
-2.429340  0.000000e+00  0.000000e+00  0.000000e+00  0.000000e+00  0.000000e+00  0.000000e+00
-2.426738  0.000000e+00  0.000000e+00  0.000000e+00  0.000000e+00  0.000000e+00  0.000000e+00
-2.424136  0.000000e+00  0.000000e+00  0.000000e+00  0.000000e+00  0.000000e+00  0.000000e+00
-2.421534  0.000000e+00  0.000000e+00  0.000000e+00  0.000000e+00  0.000000e+00  0.000000e+00
-2.418932  0.000000e+00  0.000000e+00  0.000000e+00  0.000000e+00  0.000000e+00  0.000000e+00
-2.416330  0.000000e+00  0.000000e+00  0.000000e+00  0.000000e+00  0.000000e+00  0.000000e+00
-2.413728  0.000000e+00  0.000000e+00  0.000000e+00  0.000000e+00  0.000000e+00  0.000000e+00
-2.411125  0.000000e+00  0.000000e+00  0.000000e+00  0.000000e+00  0.000000e+00  0.000000e+00
-2.408523  0.000000e+00  0.000000e+00  0.000000e+00  0.000000e+00  0.000000e+00  0.000000e+00
-2.405921  0.000000e+00  0.000000e+00  0.000000e+00  0.000000e+00  0.000000e+00  0.000000e+00
-2.403319  0.000000e+00  0.000000e+00  0.000000e+00  0.000000e+00  0.000000e+00  0.000000e+00
-2.400717  0.000000e+00  0.000000e+00  0.000000e+00  0.000000e+00  0.000000e+00  0.000000e+00
-2.398115  0.000000e+00  0.000000e+00  0.000000e+00  0.000000e+00  0.000000e+00  0.000000e+00
-2.395513  0.000000e+00  0.000000e+00  0.000000e+00  0.000000e+00  0.000000e+00  0.000000e+00
-2.392911  0.000000e+00  0.000000e+00  0.000000e+00  0.000000e+00  0.000000e+00  0.000000e+00
-2.390309  0.000000e+00  0.000000e+00  0.000000e+00  0.000000e+00  0.000000e+00  0.000000e+00
-2.387707  0.000000e+00  0.000000e+00  0.000000e+00  0.000000e+00  0.000000e+00  0.000000e+00
-2.385105  0.000000e+00  0.000000e+00  0.000000e+00  0.000000e+00  0.000000e+00  0.000000e+00
-2.382503  0.000000e+00  0.000000e+00  0.000000e+00  0.000000e+00  0.000000e+00  0.000000e+00
-2.379901  0.000000e+00  0.000000e+00  0.000000e+00  0.000000e+00  0.000000e+00  0.000000e+00
-2.377299  0.000000e+00  0.000000e+00  0.000000e+00  0.000000e+00  0.000000e+00  0.000000e+00
-2.374697  0.000000e+00  0.000000e+00  0.000000e+00  0.000000e+00  0.000000e+00  0.000000e+00
-2.372095  0.000000e+00  0.000000e+00  0.000000e+00  0.000000e+00  0.000000e+00  0.000000e+00
-2.369493  0.000000e+00  0.000000e+00  0.000000e+00  0.000000e+00  0.000000e+00  0.000000e+00
-2.366890  0.000000e+00  0.000000e+00  0.000000e+00  0.000000e+00  0.000000e+00  0.000000e+00
-2.364288  0.000000e+00  0.000000e+00  0.000000e+00  0.000000e+00  0.000000e+00  0.000000e+00
-2.361686  0.000000e+00  0.000000e+00  0.000000e+00  0.000000e+00  0.000000e+00  0.000000e+00
-2.359084  0.000000e+00  0.000000e+00  0.000000e+00  0.000000e+00  0.000000e+00  0.000000e+00
-2.356482  0.000000e+00  0.000000e+00  0.000000e+00  0.000000e+00  0.000000e+00  0.000000e+00
-2.353880  0.000000e+00  0.000000e+00  0.000000e+00  0.000000e+00  0.000000e+00  0.000000e+00
-2.351278  0.000000e+00  0.000000e+00  0.000000e+00  0.000000e+00  0.000000e+00  0.000000e+00
-2.348676  0.000000e+00  0.000000e+00  0.000000e+00  0.000000e+00  0.000000e+00  0.000000e+00
-2.346074  0.000000e+00  0.000000e+00  0.000000e+00  0.000000e+00  0.000000e+00  0.000000e+00
-2.343472  0.000000e+00  0.000000e+00  0.000000e+00  0.000000e+00  0.000000e+00  0.000000e+00
-2.340870  0.000000e+00  0.000000e+00  0.000000e+00  0.000000e+00  0.000000e+00  0.000000e+00
-2.338268  0.000000e+00  0.000000e+00  0.000000e+00  0.000000e+00  0.000000e+00  0.000000e+00
-2.335666  0.000000e+00  0.000000e+00  0.000000e+00  0.000000e+00  0.000000e+00  0.000000e+00
-2.333064  0.000000e+00  0.000000e+00  0.000000e+00  0.000000e+00  0.000000e+00  0.000000e+00
-2.330462  0.000000e+00  0.000000e+00  0.000000e+00  0.000000e+00  0.000000e+00  0.000000e+00
-2.327860  0.000000e+00  0.000000e+00  0.000000e+00  0.000000e+00  0.000000e+00  0.000000e+00
-2.325257  0.000000e+00  0.000000e+00  0.000000e+00  0.000000e+00  0.000000e+00  0.000000e+00
-2.322655  0.000000e+00  0.000000e+00  0.000000e+00  0.000000e+00  0.000000e+00  0.000000e+00
-2.320053  0.000000e+00  0.000000e+00  0.000000e+00  0.000000e+00  0.000000e+00  0.000000e+00
-2.317451  0.000000e+00  0.000000e+00  0.000000e+00  0.000000e+00  0.000000e+00  0.000000e+00
-2.314849  0.000000e+00  0.000000e+00  0.000000e+00  0.000000e+00  0.000000e+00  0.000000e+00
-2.312247  0.000000e+00  0.000000e+00  0.000000e+00  0.000000e+00  0.000000e+00  0.000000e+00
-2.309645  0.000000e+00  0.000000e+00  0.000000e+00  0.000000e+00  0.000000e+00  0.000000e+00
-2.307043  0.000000e+00  0.000000e+00  0.000000e+00  0.000000e+00  0.000000e+00  0.000000e+00
-2.304441  0.000000e+00  0.000000e+00  0.000000e+00  0.000000e+00  0.000000e+00  0.000000e+00
-2.301839  0.000000e+00  0.000000e+00  0.000000e+00  0.000000e+00  0.000000e+00  0.000000e+00
-2.299237  0.000000e+00  0.000000e+00  0.000000e+00  0.000000e+00  0.000000e+00  0.000000e+00
-2.296635  0.000000e+00  0.000000e+00  0.000000e+00  0.000000e+00  0.000000e+00  0.000000e+00
-2.294033  0.000000e+00  0.000000e+00  0.000000e+00  0.000000e+00  0.000000e+00  0.000000e+00
-2.291431  0.000000e+00  0.000000e+00  0.000000e+00  0.000000e+00  0.000000e+00  0.000000e+00
-2.288829  0.000000e+00  0.000000e+00  0.000000e+00  0.000000e+00  0.000000e+00  0.000000e+00
-2.286227  0.000000e+00  0.000000e+00  0.000000e+00  0.000000e+00  0.000000e+00  0.000000e+00
-2.283625  0.000000e+00  0.000000e+00  0.000000e+00  0.000000e+00  0.000000e+00  0.000000e+00
-2.281022  0.000000e+00  0.000000e+00  0.000000e+00  0.000000e+00  0.000000e+00  0.000000e+00
-2.278420  0.000000e+00  0.000000e+00  0.000000e+00  0.000000e+00  0.000000e+00  0.000000e+00
-2.275818  0.000000e+00  0.000000e+00  0.000000e+00  0.000000e+00  0.000000e+00  0.000000e+00
-2.273216  0.000000e+00  0.000000e+00  0.000000e+00  0.000000e+00  0.000000e+00  0.000000e+00
-2.270614  0.000000e+00  0.000000e+00  0.000000e+00  0.000000e+00  0.000000e+00  0.000000e+00
-2.268012  0.000000e+00  0.000000e+00  0.000000e+00  0.000000e+00  0.000000e+00  0.000000e+00
-2.265410  0.000000e+00  0.000000e+00  0.000000e+00  0.000000e+00  0.000000e+00  0.000000e+00
-2.262808  0.000000e+00  0.000000e+00  0.000000e+00  0.000000e+00  0.000000e+00  0.000000e+00
-2.260206  0.000000e+00  0.000000e+00  0.000000e+00  0.000000e+00  0.000000e+00  0.000000e+00
-2.257604  0.000000e+00  0.000000e+00  0.000000e+00  0.000000e+00  0.000000e+00  0.000000e+00
-2.255002  0.000000e+00  0.000000e+00  0.000000e+00  0.000000e+00  0.000000e+00  0.000000e+00
-2.252400  0.000000e+00  0.000000e+00  0.000000e+00  0.000000e+00  0.000000e+00  0.000000e+00
-2.249798  0.000000e+00  0.000000e+00  0.000000e+00  0.000000e+00  0.000000e+00  0.000000e+00
-2.247196  0.000000e+00  0.000000e+00  0.000000e+00  0.000000e+00  0.000000e+00  0.000000e+00
-2.244594  0.000000e+00  0.000000e+00  0.000000e+00  0.000000e+00  0.000000e+00  0.000000e+00
-2.241992  0.000000e+00  0.000000e+00  0.000000e+00  0.000000e+00  0.000000e+00  0.000000e+00
-2.239390  0.000000e+00  0.000000e+00  0.000000e+00  0.000000e+00  0.000000e+00  0.000000e+00
-2.236787  0.000000e+00  0.000000e+00  0.000000e+00  0.000000e+00  0.000000e+00  0.000000e+00
-2.234185  0.000000e+00  0.000000e+00  0.000000e+00  0.000000e+00  0.000000e+00  0.000000e+00
-2.231583  0.000000e+00  0.000000e+00  0.000000e+00  0.000000e+00  0.000000e+00  0.000000e+00
-2.228981  0.000000e+00  0.000000e+00  0.000000e+00  0.000000e+00  0.000000e+00  0.000000e+00
-2.226379  0.000000e+00  0.000000e+00  0.000000e+00  0.000000e+00  0.000000e+00  0.000000e+00
-2.223777  0.000000e+00  0.000000e+00  0.000000e+00  0.000000e+00  0.000000e+00  0.000000e+00
-2.221175  0.000000e+00  0.000000e+00  0.000000e+00  0.000000e+00  0.000000e+00  0.000000e+00
-2.218573  0.000000e+00  0.000000e+00  0.000000e+00  0.000000e+00  0.000000e+00  0.000000e+00
-2.215971  0.000000e+00  0.000000e+00  0.000000e+00  0.000000e+00  0.000000e+00  0.000000e+00
-2.213369  0.000000e+00  0.000000e+00  0.000000e+00  0.000000e+00  0.000000e+00  0.000000e+00
-2.210767  0.000000e+00  0.000000e+00  0.000000e+00  0.000000e+00  0.000000e+00  0.000000e+00
-2.208165  0.000000e+00  0.000000e+00  0.000000e+00  0.000000e+00  0.000000e+00  0.000000e+00
-2.205563  0.000000e+00  0.000000e+00  0.000000e+00  0.000000e+00  0.000000e+00  0.000000e+00
-2.202961  0.000000e+00  0.000000e+00  0.000000e+00  0.000000e+00  0.000000e+00  0.000000e+00
-2.200359  0.000000e+00  0.000000e+00  0.000000e+00  0.000000e+00  0.000000e+00  0.000000e+00
-2.197757  0.000000e+00  0.000000e+00  0.000000e+00  0.000000e+00  0.000000e+00  0.000000e+00
-2.195154  0.000000e+00  0.000000e+00  0.000000e+00  0.000000e+00  0.000000e+00  0.000000e+00
-2.192552  0.000000e+00  0.000000e+00  0.000000e+00  0.000000e+00  0.000000e+00  0.000000e+00
-2.189950  0.000000e+00  0.000000e+00  0.000000e+00  0.000000e+00  0.000000e+00  0.000000e+00
-2.187348  0.000000e+00  0.000000e+00  0.000000e+00  0.000000e+00  0.000000e+00  0.000000e+00
-2.184746  0.000000e+00  0.000000e+00  0.000000e+00  0.000000e+00  0.000000e+00  0.000000e+00
-2.182144  0.000000e+00  0.000000e+00  0.000000e+00  0.000000e+00  0.000000e+00  0.000000e+00
-2.179542  0.000000e+00  0.000000e+00  0.000000e+00  0.000000e+00  0.000000e+00  0.000000e+00
-2.176940  0.000000e+00  0.000000e+00  0.000000e+00  0.000000e+00  0.000000e+00  0.000000e+00
-2.174338  0.000000e+00  0.000000e+00  0.000000e+00  0.000000e+00  0.000000e+00  0.000000e+00
-2.171736  0.000000e+00  0.000000e+00  0.000000e+00  0.000000e+00  0.000000e+00  0.000000e+00
-2.169134  0.000000e+00  0.000000e+00  0.000000e+00  0.000000e+00  0.000000e+00  0.000000e+00
-2.166532  0.000000e+00  0.000000e+00  0.000000e+00  0.000000e+00  0.000000e+00  0.000000e+00
-2.163930  0.000000e+00  0.000000e+00  0.000000e+00  0.000000e+00  0.000000e+00  0.000000e+00
-2.161328  0.000000e+00  0.000000e+00  0.000000e+00  0.000000e+00  0.000000e+00  0.000000e+00
-2.158726  0.000000e+00  0.000000e+00  0.000000e+00  0.000000e+00  0.000000e+00  0.000000e+00
-2.156124  0.000000e+00  0.000000e+00  0.000000e+00  0.000000e+00  0.000000e+00  0.000000e+00
-2.153522  0.000000e+00  0.000000e+00  0.000000e+00  0.000000e+00  0.000000e+00  0.000000e+00
-2.150919  0.000000e+00  0.000000e+00  0.000000e+00  0.000000e+00  0.000000e+00  0.000000e+00
-2.148317  0.000000e+00  0.000000e+00  0.000000e+00  0.000000e+00  0.000000e+00  0.000000e+00
-2.145715  0.000000e+00  0.000000e+00  0.000000e+00  0.000000e+00  0.000000e+00  0.000000e+00
-2.143113  0.000000e+00  0.000000e+00  0.000000e+00  0.000000e+00  0.000000e+00  0.000000e+00
-2.140511  0.000000e+00  0.000000e+00  0.000000e+00  0.000000e+00  0.000000e+00  0.000000e+00
-2.137909  0.000000e+00  0.000000e+00  0.000000e+00  0.000000e+00  0.000000e+00  0.000000e+00
-2.135307  0.000000e+00  0.000000e+00  0.000000e+00  0.000000e+00  0.000000e+00  0.000000e+00
-2.132705  0.000000e+00  0.000000e+00  0.000000e+00  0.000000e+00  0.000000e+00  0.000000e+00
-2.130103  0.000000e+00  0.000000e+00  0.000000e+00  0.000000e+00  0.000000e+00  0.000000e+00
-2.127501  0.000000e+00  0.000000e+00  0.000000e+00  0.000000e+00  0.000000e+00  0.000000e+00
-2.124899  0.000000e+00  0.000000e+00  0.000000e+00  0.000000e+00  0.000000e+00  0.000000e+00
-2.122297  0.000000e+00  0.000000e+00  0.000000e+00  0.000000e+00  0.000000e+00  0.000000e+00
-2.119695  0.000000e+00  0.000000e+00  0.000000e+00  0.000000e+00  0.000000e+00  0.000000e+00
-2.117093  0.000000e+00  0.000000e+00  0.000000e+00  0.000000e+00  0.000000e+00  0.000000e+00
-2.114491  0.000000e+00  0.000000e+00  0.000000e+00  0.000000e+00  0.000000e+00  0.000000e+00
-2.111889  0.000000e+00  0.000000e+00  0.000000e+00  0.000000e+00  0.000000e+00  0.000000e+00
-2.109287  0.000000e+00  0.000000e+00  0.000000e+00  0.000000e+00  0.000000e+00  0.000000e+00
-2.106684  0.000000e+00  0.000000e+00  0.000000e+00  0.000000e+00  0.000000e+00  0.000000e+00
-2.104082  0.000000e+00  0.000000e+00  0.000000e+00  0.000000e+00  0.000000e+00  0.000000e+00
-2.101480  0.000000e+00  0.000000e+00  0.000000e+00  0.000000e+00  0.000000e+00  0.000000e+00
-2.098878  0.000000e+00  0.000000e+00  0.000000e+00  0.000000e+00  0.000000e+00  0.000000e+00
-2.096276  0.000000e+00  0.000000e+00  0.000000e+00  0.000000e+00  0.000000e+00  0.000000e+00
-2.093674  0.000000e+00  0.000000e+00  0.000000e+00  0.000000e+00  0.000000e+00  0.000000e+00
-2.091072  0.000000e+00  0.000000e+00  0.000000e+00  0.000000e+00  0.000000e+00  0.000000e+00
-2.088470  0.000000e+00  0.000000e+00  0.000000e+00  0.000000e+00  0.000000e+00  0.000000e+00
-2.085868  0.000000e+00  0.000000e+00  0.000000e+00  0.000000e+00  0.000000e+00  0.000000e+00
-2.083266  0.000000e+00  0.000000e+00  0.000000e+00  0.000000e+00  0.000000e+00  0.000000e+00
-2.080664  0.000000e+00  0.000000e+00  0.000000e+00  0.000000e+00  0.000000e+00  0.000000e+00
-2.078062  0.000000e+00  0.000000e+00  0.000000e+00  0.000000e+00  0.000000e+00  0.000000e+00
-2.075460  0.000000e+00  0.000000e+00  0.000000e+00  0.000000e+00  0.000000e+00  0.000000e+00
-2.072858  0.000000e+00  0.000000e+00  0.000000e+00  0.000000e+00  0.000000e+00  0.000000e+00
-2.070256  0.000000e+00  0.000000e+00  0.000000e+00  0.000000e+00  0.000000e+00  0.000000e+00
-2.067654  0.000000e+00  0.000000e+00  0.000000e+00  0.000000e+00  0.000000e+00  0.000000e+00
-2.065051  0.000000e+00  0.000000e+00  0.000000e+00  0.000000e+00  0.000000e+00  0.000000e+00
-2.062449  0.000000e+00  0.000000e+00  0.000000e+00  0.000000e+00  0.000000e+00  0.000000e+00
-2.059847  0.000000e+00  0.000000e+00  0.000000e+00  0.000000e+00  0.000000e+00  0.000000e+00
-2.057245  0.000000e+00  0.000000e+00  0.000000e+00  0.000000e+00  0.000000e+00  0.000000e+00
-2.054643  0.000000e+00  0.000000e+00  0.000000e+00  0.000000e+00  0.000000e+00  0.000000e+00
-2.052041  0.000000e+00  0.000000e+00  0.000000e+00  0.000000e+00  0.000000e+00  0.000000e+00
-2.049439  0.000000e+00  0.000000e+00  0.000000e+00  0.000000e+00  0.000000e+00  0.000000e+00
-2.046837  0.000000e+00  0.000000e+00  0.000000e+00  0.000000e+00  0.000000e+00  0.000000e+00
-2.044235  0.000000e+00  0.000000e+00  0.000000e+00  0.000000e+00  0.000000e+00  0.000000e+00
-2.041633  0.000000e+00  0.000000e+00  0.000000e+00  0.000000e+00  0.000000e+00  0.000000e+00
-2.039031  0.000000e+00  0.000000e+00  0.000000e+00  0.000000e+00  0.000000e+00  0.000000e+00
-2.036429  0.000000e+00  0.000000e+00  0.000000e+00  0.000000e+00  0.000000e+00  0.000000e+00
-2.033827  0.000000e+00  0.000000e+00  0.000000e+00  0.000000e+00  0.000000e+00  0.000000e+00
-2.031225  0.000000e+00  0.000000e+00  0.000000e+00  0.000000e+00  0.000000e+00  0.000000e+00
-2.028623  0.000000e+00  0.000000e+00  0.000000e+00  0.000000e+00  0.000000e+00  0.000000e+00
-2.026021  0.000000e+00  0.000000e+00  0.000000e+00  0.000000e+00  0.000000e+00  0.000000e+00
-2.023419  0.000000e+00  0.000000e+00  0.000000e+00  0.000000e+00  0.000000e+00  0.000000e+00
-2.020816  0.000000e+00  0.000000e+00  0.000000e+00  0.000000e+00  0.000000e+00  0.000000e+00
-2.018214  0.000000e+00  0.000000e+00  0.000000e+00  0.000000e+00  0.000000e+00  0.000000e+00
-2.015612  0.000000e+00  0.000000e+00  0.000000e+00  0.000000e+00  0.000000e+00  0.000000e+00
-2.013010  0.000000e+00  0.000000e+00  0.000000e+00  0.000000e+00  0.000000e+00  0.000000e+00
-2.010408  0.000000e+00  0.000000e+00  0.000000e+00  0.000000e+00  0.000000e+00  0.000000e+00
-2.007806  0.000000e+00  0.000000e+00  0.000000e+00  0.000000e+00  0.000000e+00  0.000000e+00
-2.005204  0.000000e+00  0.000000e+00  0.000000e+00  0.000000e+00  0.000000e+00  0.000000e+00
-2.002602  0.000000e+00  0.000000e+00  0.000000e+00  0.000000e+00  0.000000e+00  0.000000e+00
-2.000000  0.000000e+00  0.000000e+00  0.000000e+00  0.000000e+00  0.000000e+00  0.000000e+00
-1.997398  0.000000e+00  0.000000e+00  0.000000e+00  0.000000e+00  0.000000e+00  0.000000e+00
-1.994796  0.000000e+00  0.000000e+00  0.000000e+00  0.000000e+00  0.000000e+00  0.000000e+00
-1.992194  0.000000e+00  0.000000e+00  0.000000e+00  0.000000e+00  0.000000e+00  0.000000e+00
-1.989592  0.000000e+00  0.000000e+00  0.000000e+00  0.000000e+00  0.000000e+00  0.000000e+00
-1.986990  0.000000e+00  0.000000e+00  0.000000e+00  0.000000e+00  0.000000e+00  0.000000e+00
-1.984388  0.000000e+00  0.000000e+00  0.000000e+00  0.000000e+00  0.000000e+00  0.000000e+00
-1.981786  0.000000e+00  0.000000e+00  0.000000e+00  0.000000e+00  0.000000e+00  0.000000e+00
-1.979184  0.000000e+00  0.000000e+00  0.000000e+00  0.000000e+00  0.000000e+00  0.000000e+00
-1.976581  0.000000e+00  0.000000e+00  0.000000e+00  0.000000e+00  0.000000e+00  0.000000e+00
-1.973979  0.000000e+00  0.000000e+00  0.000000e+00  0.000000e+00  0.000000e+00  0.000000e+00
-1.971377  0.000000e+00  0.000000e+00  0.000000e+00  0.000000e+00  0.000000e+00  0.000000e+00
-1.968775  0.000000e+00  0.000000e+00  0.000000e+00  0.000000e+00  0.000000e+00  0.000000e+00
-1.966173  0.000000e+00  0.000000e+00  0.000000e+00  0.000000e+00  0.000000e+00  0.000000e+00
-1.963571  0.000000e+00  0.000000e+00  0.000000e+00  0.000000e+00  0.000000e+00  0.000000e+00
-1.960969  0.000000e+00  0.000000e+00  0.000000e+00  0.000000e+00  0.000000e+00  0.000000e+00
-1.958367  0.000000e+00  0.000000e+00  0.000000e+00  0.000000e+00  0.000000e+00  0.000000e+00
-1.955765  0.000000e+00  0.000000e+00  0.000000e+00  0.000000e+00  0.000000e+00  0.000000e+00
-1.953163  0.000000e+00  0.000000e+00  0.000000e+00  0.000000e+00  0.000000e+00  0.000000e+00
-1.950561  0.000000e+00  0.000000e+00  0.000000e+00  0.000000e+00  0.000000e+00  0.000000e+00
-1.947959  0.000000e+00  0.000000e+00  0.000000e+00  0.000000e+00  0.000000e+00  0.000000e+00
-1.945357  0.000000e+00  0.000000e+00  0.000000e+00  0.000000e+00  0.000000e+00  0.000000e+00
-1.942755  0.000000e+00  0.000000e+00  0.000000e+00  0.000000e+00  0.000000e+00  0.000000e+00
-1.940153  0.000000e+00  0.000000e+00  0.000000e+00  0.000000e+00  0.000000e+00  0.000000e+00
-1.937551  0.000000e+00  0.000000e+00  0.000000e+00  0.000000e+00  0.000000e+00  0.000000e+00
-1.934949  0.000000e+00  0.000000e+00  0.000000e+00  0.000000e+00  0.000000e+00  0.000000e+00
-1.932346  0.000000e+00  0.000000e+00  0.000000e+00  0.000000e+00  0.000000e+00  0.000000e+00
-1.929744  0.000000e+00  0.000000e+00  0.000000e+00  0.000000e+00  0.000000e+00  0.000000e+00
-1.927142  0.000000e+00  0.000000e+00  0.000000e+00  0.000000e+00  0.000000e+00  0.000000e+00
-1.924540  0.000000e+00  0.000000e+00  0.000000e+00  0.000000e+00  0.000000e+00  0.000000e+00
-1.921938  0.000000e+00  0.000000e+00  0.000000e+00  0.000000e+00  0.000000e+00  0.000000e+00
-1.919336  0.000000e+00  0.000000e+00  0.000000e+00  0.000000e+00  0.000000e+00  0.000000e+00
-1.916734  0.000000e+00  0.000000e+00  0.000000e+00  0.000000e+00  0.000000e+00  0.000000e+00
-1.914132  0.000000e+00  0.000000e+00  0.000000e+00  0.000000e+00  0.000000e+00  0.000000e+00
-1.911530  0.000000e+00  0.000000e+00  0.000000e+00  0.000000e+00  0.000000e+00  0.000000e+00
-1.908928  0.000000e+00  0.000000e+00  0.000000e+00  0.000000e+00  0.000000e+00  0.000000e+00
-1.906326  0.000000e+00  0.000000e+00  0.000000e+00  0.000000e+00  0.000000e+00  0.000000e+00
-1.903724  0.000000e+00  0.000000e+00  0.000000e+00  0.000000e+00  0.000000e+00  0.000000e+00
-1.901122  0.000000e+00  0.000000e+00  0.000000e+00  0.000000e+00  0.000000e+00  0.000000e+00
-1.898520  0.000000e+00  0.000000e+00  0.000000e+00  0.000000e+00  0.000000e+00  0.000000e+00
-1.895918  0.000000e+00  0.000000e+00  0.000000e+00  0.000000e+00  0.000000e+00  0.000000e+00
-1.893316  0.000000e+00  0.000000e+00  0.000000e+00  0.000000e+00  0.000000e+00  0.000000e+00
-1.890713  0.000000e+00  0.000000e+00  0.000000e+00  0.000000e+00  0.000000e+00  0.000000e+00
-1.888111  0.000000e+00  0.000000e+00  0.000000e+00  0.000000e+00  0.000000e+00  0.000000e+00
-1.885509  0.000000e+00  0.000000e+00  0.000000e+00  0.000000e+00  0.000000e+00  0.000000e+00
-1.882907  0.000000e+00  0.000000e+00  0.000000e+00  0.000000e+00  0.000000e+00  0.000000e+00
-1.880305  0.000000e+00  0.000000e+00  0.000000e+00  0.000000e+00  0.000000e+00  0.000000e+00
-1.877703  0.000000e+00  0.000000e+00  0.000000e+00  0.000000e+00  0.000000e+00  0.000000e+00
-1.875101  0.000000e+00  0.000000e+00  0.000000e+00  0.000000e+00  0.000000e+00  0.000000e+00
-1.872499  0.000000e+00  0.000000e+00  0.000000e+00  0.000000e+00  0.000000e+00  0.000000e+00
-1.869897  0.000000e+00  0.000000e+00  0.000000e+00  0.000000e+00  0.000000e+00  0.000000e+00
-1.867295  0.000000e+00  0.000000e+00  0.000000e+00  0.000000e+00  0.000000e+00  0.000000e+00
-1.864693  0.000000e+00  0.000000e+00  0.000000e+00  0.000000e+00  0.000000e+00  0.000000e+00
-1.862091  0.000000e+00  0.000000e+00  0.000000e+00  0.000000e+00  0.000000e+00  0.000000e+00
-1.859489  0.000000e+00  0.000000e+00  0.000000e+00  0.000000e+00  0.000000e+00  0.000000e+00
-1.856887  0.000000e+00  0.000000e+00  0.000000e+00  0.000000e+00  0.000000e+00  0.000000e+00
-1.854285  0.000000e+00  0.000000e+00  0.000000e+00  0.000000e+00  0.000000e+00  0.000000e+00
-1.851683  0.000000e+00  0.000000e+00  0.000000e+00  0.000000e+00  0.000000e+00  0.000000e+00
-1.849081  0.000000e+00  0.000000e+00  0.000000e+00  0.000000e+00  0.000000e+00  0.000000e+00
-1.846478  0.000000e+00  0.000000e+00  0.000000e+00  0.000000e+00  0.000000e+00  0.000000e+00
-1.843876  0.000000e+00  0.000000e+00  0.000000e+00  0.000000e+00  0.000000e+00  0.000000e+00
-1.841274  0.000000e+00  0.000000e+00  0.000000e+00  0.000000e+00  0.000000e+00  0.000000e+00
-1.838672  0.000000e+00  0.000000e+00  0.000000e+00  0.000000e+00  0.000000e+00  0.000000e+00
-1.836070  0.000000e+00  0.000000e+00  0.000000e+00  0.000000e+00  0.000000e+00  0.000000e+00
-1.833468  0.000000e+00  0.000000e+00  0.000000e+00  0.000000e+00  0.000000e+00  0.000000e+00
-1.830866  0.000000e+00  0.000000e+00  0.000000e+00  0.000000e+00  0.000000e+00  0.000000e+00
-1.828264  0.000000e+00  0.000000e+00  0.000000e+00  0.000000e+00  0.000000e+00  0.000000e+00
-1.825662  0.000000e+00  0.000000e+00  0.000000e+00  0.000000e+00  0.000000e+00  0.000000e+00
-1.823060  0.000000e+00  0.000000e+00  0.000000e+00  0.000000e+00  0.000000e+00  0.000000e+00
-1.820458  0.000000e+00  0.000000e+00  0.000000e+00  0.000000e+00  0.000000e+00  0.000000e+00
-1.817856  0.000000e+00  0.000000e+00  0.000000e+00  0.000000e+00  0.000000e+00  0.000000e+00
-1.815254  0.000000e+00  0.000000e+00  0.000000e+00  0.000000e+00  0.000000e+00  0.000000e+00
-1.812652  0.000000e+00  0.000000e+00  0.000000e+00  0.000000e+00  0.000000e+00  0.000000e+00
-1.810050  0.000000e+00  0.000000e+00  0.000000e+00  0.000000e+00  0.000000e+00  0.000000e+00
-1.807448  0.000000e+00  0.000000e+00  0.000000e+00  0.000000e+00  0.000000e+00  0.000000e+00
-1.804846  0.000000e+00  0.000000e+00  0.000000e+00  0.000000e+00  0.000000e+00  0.000000e+00
-1.802243  0.000000e+00  0.000000e+00  0.000000e+00  0.000000e+00  0.000000e+00  0.000000e+00
-1.799641  0.000000e+00  0.000000e+00  0.000000e+00  0.000000e+00  0.000000e+00  0.000000e+00
-1.797039  0.000000e+00  0.000000e+00  0.000000e+00  0.000000e+00  0.000000e+00  0.000000e+00
-1.794437  0.000000e+00  0.000000e+00  0.000000e+00  5.235785e-04  0.000000e+00  0.000000e+00
-1.791835  0.000000e+00  0.000000e+00  0.000000e+00  5.498134e-04  0.000000e+00  0.000000e+00
-1.789233  0.000000e+00  0.000000e+00  0.000000e+00  5.769210e-04  0.000000e+00  0.000000e+00
-1.786631  0.000000e+00  0.000000e+00  0.000000e+00  6.043825e-04  0.000000e+00  0.000000e+00
-1.784029  0.000000e+00  0.000000e+00  0.000000e+00  6.319956e-04  0.000000e+00  0.000000e+00
-1.781427  0.000000e+00  0.000000e+00  0.000000e+00  6.607638e-04  0.000000e+00  0.000000e+00
-1.778825  0.000000e+00  0.000000e+00  0.000000e+00  6.919855e-04  0.000000e+00  0.000000e+00
-1.776223  0.000000e+00  0.000000e+00  0.000000e+00  7.268707e-04  0.000000e+00  0.000000e+00
-1.773621  0.000000e+00  0.000000e+00  0.000000e+00  7.653488e-04  0.000000e+00  0.000000e+00
-1.771019  0.000000e+00  0.000000e+00  0.000000e+00  8.064676e-04  0.000000e+00  0.000000e+00
-1.768417  0.000000e+00  0.000000e+00  0.000000e+00  8.492472e-04  0.000000e+00  0.000000e+00
-1.765815  0.000000e+00  0.000000e+00  0.000000e+00  8.926956e-04  0.000000e+00  0.000000e+00
-1.763213  0.000000e+00  0.000000e+00  0.000000e+00  9.358102e-04  0.000000e+00  0.000000e+00
-1.760610  0.000000e+00  0.000000e+00  0.000000e+00  9.779592e-04  0.000000e+00  0.000000e+00
-1.758008  0.000000e+00  0.000000e+00  0.000000e+00  1.019433e-03  0.000000e+00  0.000000e+00
-1.755406  0.000000e+00  0.000000e+00  0.000000e+00  1.060664e-03  0.000000e+00  0.000000e+00
-1.752804  0.000000e+00  0.000000e+00  0.000000e+00  1.102090e-03  0.000000e+00  0.000000e+00
-1.750202  0.000000e+00  0.000000e+00  0.000000e+00  1.144154e-03  0.000000e+00  0.000000e+00
-1.747600  0.000000e+00  0.000000e+00  0.000000e+00  1.187304e-03  0.000000e+00  0.000000e+00
-1.744998  0.000000e+00  0.000000e+00  0.000000e+00  1.231993e-03  0.000000e+00  0.000000e+00
-1.742396  0.000000e+00  0.000000e+00  0.000000e+00  1.278670e-03  0.000000e+00  0.000000e+00
-1.739794  0.000000e+00  0.000000e+00  0.000000e+00  1.327706e-03  0.000000e+00  0.000000e+00
-1.737192  0.000000e+00  0.000000e+00  0.000000e+00  1.379441e-03  0.000000e+00  0.000000e+00
-1.734590  0.000000e+00  0.000000e+00  0.000000e+00  1.434216e-03  0.000000e+00  0.000000e+00
-1.731988  0.000000e+00  0.000000e+00  0.000000e+00  1.492379e-03  0.000000e+00  0.000000e+00
-1.729386  0.000000e+00  0.000000e+00  0.000000e+00  1.554281e-03  0.000000e+00  0.000000e+00
-1.726784  0.000000e+00  0.000000e+00  0.000000e+00  1.620197e-03  0.000000e+00  0.000000e+00
-1.724182  0.000000e+00  0.000000e+00  0.000000e+00  1.689634e-03  0.000000e+00  0.000000e+00
-1.721580  0.000000e+00  0.000000e+00  0.000000e+00  1.761658e-03  0.000000e+00  0.000000e+00
-1.718978  0.000000e+00  0.000000e+00  0.000000e+00  1.835316e-03  0.000000e+00  0.000000e+00
-1.716375  0.000000e+00  0.000000e+00  0.000000e+00  1.909646e-03  0.000000e+00  0.000000e+00
-1.713773  0.000000e+00  0.000000e+00  0.000000e+00  1.983676e-03  0.000000e+00  0.000000e+00
-1.711171  0.000000e+00  0.000000e+00  0.000000e+00  2.056613e-03  0.000000e+00  0.000000e+00
-1.708569  0.000000e+00  0.000000e+00  0.000000e+00  2.128868e-03  0.000000e+00  0.000000e+00
-1.705967  0.000000e+00  0.000000e+00  0.000000e+00  2.201320e-03  0.000000e+00  0.000000e+00
-1.703365  0.000000e+00  0.000000e+00  0.000000e+00  2.274857e-03  0.000000e+00  0.000000e+00
-1.700763  0.000000e+00  0.000000e+00  0.000000e+00  2.350379e-03  0.000000e+00  0.000000e+00
-1.698161  0.000000e+00  0.000000e+00  0.000000e+00  2.428797e-03  0.000000e+00  0.000000e+00
-1.695559  0.000000e+00  0.000000e+00  0.000000e+00  2.511033e-03  0.000000e+00  0.000000e+00
-1.692957  0.000000e+00  0.000000e+00  0.000000e+00  2.598010e-03  0.000000e+00  0.000000e+00
-1.690355  0.000000e+00  0.000000e+00  0.000000e+00  2.690149e-03  0.000000e+00  0.000000e+00
-1.687753  0.000000e+00  0.000000e+00  0.000000e+00  2.787113e-03  0.000000e+00  0.000000e+00
-1.685151  0.000000e+00  0.000000e+00  0.000000e+00  2.888497e-03  0.000000e+00  0.000000e+00
-1.682549  0.000000e+00  0.000000e+00  0.000000e+00  2.993892e-03  0.000000e+00  0.000000e+00
-1.679947  0.000000e+00  0.000000e+00  0.000000e+00  3.102883e-03  0.000000e+00  0.000000e+00
-1.677345  0.000000e+00  0.000000e+00  0.000000e+00  3.215053e-03  0.000000e+00  0.000000e+00
-1.674743  0.000000e+00  0.000000e+00  0.000000e+00  3.329977e-03  0.000000e+00  0.000000e+00
-1.672140  0.000000e+00  0.000000e+00  0.000000e+00  3.447376e-03  0.000000e+00  0.000000e+00
-1.669538  0.000000e+00  0.000000e+00  0.000000e+00  3.567340e-03  0.000000e+00  0.000000e+00
-1.666936  0.000000e+00  0.000000e+00  0.000000e+00  3.690014e-03  0.000000e+00  0.000000e+00
-1.664334  0.000000e+00  0.000000e+00  0.000000e+00  3.815545e-03  0.000000e+00  0.000000e+00
-1.661732  0.000000e+00  0.000000e+00  0.000000e+00  3.944083e-03  0.000000e+00  0.000000e+00
-1.659130  0.000000e+00  0.000000e+00  0.000000e+00  4.075780e-03  0.000000e+00  0.000000e+00
-1.656528  0.000000e+00  0.000000e+00  0.000000e+00  4.210788e-03  0.000000e+00  0.000000e+00
-1.653926  0.000000e+00  0.000000e+00  0.000000e+00  4.349373e-03  0.000000e+00  0.000000e+00
-1.651324  0.000000e+00  0.000000e+00  0.000000e+00  4.491991e-03  0.000000e+00  0.000000e+00
-1.648722  0.000000e+00  0.000000e+00  0.000000e+00  4.639129e-03  0.000000e+00  0.000000e+00
-1.646120  0.000000e+00  0.000000e+00  0.000000e+00  4.791277e-03  0.000000e+00  0.000000e+00
-1.643518  0.000000e+00  0.000000e+00  0.000000e+00  4.948932e-03  0.000000e+00  0.000000e+00
-1.640916  0.000000e+00  0.000000e+00  0.000000e+00  5.112598e-03  0.000000e+00  0.000000e+00
-1.638314  0.000000e+00  0.000000e+00  0.000000e+00  5.282783e-03  0.000000e+00  0.000000e+00
-1.635712  0.000000e+00  0.000000e+00  0.000000e+00  5.459870e-03  0.000000e+00  0.000000e+00
-1.633110  0.000000e+00  0.000000e+00  0.000000e+00  5.643402e-03  0.000000e+00  0.000000e+00
-1.630507  0.000000e+00  0.000000e+00  0.000000e+00  5.832592e-03  0.000000e+00  0.000000e+00
-1.627905  0.000000e+00  0.000000e+00  0.000000e+00  6.026643e-03  0.000000e+00  0.000000e+00
-1.625303  0.000000e+00  0.000000e+00  0.000000e+00  6.224748e-03  0.000000e+00  0.000000e+00
-1.622701  0.000000e+00  0.000000e+00  0.000000e+00  6.426091e-03  0.000000e+00  0.000000e+00
-1.620099  0.000000e+00  0.000000e+00  0.000000e+00  6.629846e-03  0.000000e+00  0.000000e+00
-1.617497  0.000000e+00  0.000000e+00  0.000000e+00  6.835346e-03  0.000000e+00  0.000000e+00
-1.614895  0.000000e+00  0.000000e+00  0.000000e+00  7.043413e-03  0.000000e+00  0.000000e+00
-1.612293  0.000000e+00  0.000000e+00  0.000000e+00  7.255665e-03  0.000000e+00  0.000000e+00
-1.609691  0.000000e+00  0.000000e+00  0.000000e+00  7.473744e-03  0.000000e+00  0.000000e+00
-1.607089  0.000000e+00  0.000000e+00  0.000000e+00  7.699314e-03  0.000000e+00  0.000000e+00
-1.604487  0.000000e+00  0.000000e+00  0.000000e+00  7.934057e-03  0.000000e+00  0.000000e+00
-1.601885  0.000000e+00  0.000000e+00  0.000000e+00  8.179678e-03  0.000000e+00  0.000000e+00
-1.599283  0.000000e+00  0.000000e+00  0.000000e+00  8.437897e-03  0.000000e+00  0.000000e+00
-1.596681  0.000000e+00  0.000000e+00  0.000000e+00  8.709513e-03  0.000000e+00  0.000000e+00
-1.594079  0.000000e+00  0.000000e+00  0.000000e+00  8.993151e-03  0.000000e+00  0.000000e+00
-1.591477  0.000000e+00  0.000000e+00  0.000000e+00  9.287108e-03  0.000000e+00  0.000000e+00
-1.588875  0.000000e+00  0.000000e+00  0.000000e+00  9.589664e-03  0.000000e+00  0.000000e+00
-1.586272  0.000000e+00  0.000000e+00  0.000000e+00  9.899077e-03  0.000000e+00  0.000000e+00
-1.583670  0.000000e+00  0.000000e+00  0.000000e+00  1.021358e-02  0.000000e+00  0.000000e+00
-1.581068  0.000000e+00  0.000000e+00  0.000000e+00  1.053140e-02  0.000000e+00  0.000000e+00
-1.578466  0.000000e+00  0.000000e+00  0.000000e+00  1.085073e-02  0.000000e+00  0.000000e+00
-1.575864  0.000000e+00  0.000000e+00  0.000000e+00  1.117102e-02  0.000000e+00  0.000000e+00
-1.573262  0.000000e+00  0.000000e+00  0.000000e+00  1.149414e-02  0.000000e+00  0.000000e+00
-1.570660  0.000000e+00  0.000000e+00  0.000000e+00  1.182225e-02  0.000000e+00  0.000000e+00
-1.568058  0.000000e+00  0.000000e+00  0.000000e+00  1.215758e-02  0.000000e+00  0.000000e+00
-1.565456  0.000000e+00  0.000000e+00  0.000000e+00  1.250233e-02  0.000000e+00  0.000000e+00
-1.562854  0.000000e+00  0.000000e+00  0.000000e+00  1.285877e-02  0.000000e+00  0.000000e+00
-1.560252  0.000000e+00  0.000000e+00  0.000000e+00  1.322918e-02  0.000000e+00  0.000000e+00
-1.557650  0.000000e+00  0.000000e+00  0.000000e+00  1.361564e-02  0.000000e+00  0.000000e+00
-1.555048  0.000000e+00  0.000000e+00  0.000000e+00  1.401765e-02  0.000000e+00  0.000000e+00
-1.552446  0.000000e+00  0.000000e+00  0.000000e+00  1.443305e-02  0.000000e+00  0.000000e+00
-1.549844  0.000000e+00  0.000000e+00  0.000000e+00  1.485964e-02  0.000000e+00  0.000000e+00
-1.547242  0.000000e+00  0.000000e+00  0.000000e+00  1.529518e-02  0.000000e+00  0.000000e+00
-1.544640  0.000000e+00  0.000000e+00  0.000000e+00  1.573741e-02  0.000000e+00  0.000000e+00
-1.542037  0.000000e+00  0.000000e+00  0.000000e+00  1.618405e-02  0.000000e+00  0.000000e+00
-1.539435  0.000000e+00  0.000000e+00  0.000000e+00  1.663277e-02  0.000000e+00  0.000000e+00
-1.536833  0.000000e+00  0.000000e+00  0.000000e+00  1.708170e-02  0.000000e+00  0.000000e+00
-1.534231  0.000000e+00  0.000000e+00  0.000000e+00  1.753251e-02  0.000000e+00  0.000000e+00
-1.531629  0.000000e+00  0.000000e+00  0.000000e+00  1.798859e-02  0.000000e+00  0.000000e+00
-1.529027  0.000000e+00  0.000000e+00  0.000000e+00  1.845337e-02  0.000000e+00  0.000000e+00
-1.526425  0.000000e+00  0.000000e+00  0.000000e+00  1.893034e-02  0.000000e+00  0.000000e+00
-1.523823  0.000000e+00  0.000000e+00  0.000000e+00  1.942299e-02  0.000000e+00  0.000000e+00
-1.521221  0.000000e+00  0.000000e+00  0.000000e+00  1.993491e-02  0.000000e+00  0.000000e+00
-1.518619  0.000000e+00  0.000000e+00  0.000000e+00  2.046968e-02  0.000000e+00  0.000000e+00
-1.516017  0.000000e+00  0.000000e+00  0.000000e+00  2.103067e-02  0.000000e+00  0.000000e+00
-1.513415  0.000000e+00  0.000000e+00  0.000000e+00  2.161751e-02  0.000000e+00  0.000000e+00
-1.510813  0.000000e+00  0.000000e+00  0.000000e+00  2.222718e-02  0.000000e+00  0.000000e+00
-1.508211  0.000000e+00  0.000000e+00  0.000000e+00  2.285658e-02  0.000000e+00  0.000000e+00
-1.505609  0.000000e+00  0.000000e+00  0.000000e+00  2.350255e-02  0.000000e+00  0.000000e+00
-1.503007  0.000000e+00  0.000000e+00  0.000000e+00  2.416193e-02  0.000000e+00  0.000000e+00
-1.500404  0.000000e+00  0.000000e+00  0.000000e+00  2.483150e-02  0.000000e+00  0.000000e+00
-1.497802  0.000000e+00  0.000000e+00  0.000000e+00  2.550800e-02  0.000000e+00  0.000000e+00
-1.495200  0.000000e+00  0.000000e+00  0.000000e+00  2.618868e-02  0.000000e+00  0.000000e+00
-1.492598  0.000000e+00  0.000000e+00  0.000000e+00  2.687406e-02  0.000000e+00  0.000000e+00
-1.489996  0.000000e+00  0.000000e+00  0.000000e+00  2.756586e-02  0.000000e+00  0.000000e+00
-1.487394  0.000000e+00  0.000000e+00  0.000000e+00  2.826585e-02  0.000000e+00  0.000000e+00
-1.484792  0.000000e+00  0.000000e+00  0.000000e+00  2.897579e-02  0.000000e+00  0.000000e+00
-1.482190  0.000000e+00  0.000000e+00  0.000000e+00  2.969748e-02  0.000000e+00  0.000000e+00
-1.479588  0.000000e+00  0.000000e+00  0.000000e+00  3.043274e-02  0.000000e+00  0.000000e+00
-1.476986  0.000000e+00  0.000000e+00  0.000000e+00  3.118341e-02  0.000000e+00  0.000000e+00
-1.474384  0.000000e+00  0.000000e+00  0.000000e+00  3.195128e-02  0.000000e+00  0.000000e+00
-1.471782  0.000000e+00  0.000000e+00  0.000000e+00  3.273768e-02  0.000000e+00  0.000000e+00
-1.469180  0.000000e+00  0.000000e+00  0.000000e+00  3.354384e-02  0.000000e+00  0.000000e+00
-1.466578  0.000000e+00  0.000000e+00  0.000000e+00  3.437098e-02  0.000000e+00  0.000000e+00
-1.463976  0.000000e+00  0.000000e+00  0.000000e+00  3.522034e-02  0.000000e+00  0.000000e+00
-1.461374  0.000000e+00  0.000000e+00  0.000000e+00  3.609317e-02  0.000000e+00  0.000000e+00
-1.458772  0.000000e+00  0.000000e+00  0.000000e+00  3.699076e-02  0.000000e+00  0.000000e+00
-1.456169  0.000000e+00  0.000000e+00  0.000000e+00  3.791439e-02  0.000000e+00  0.000000e+00
-1.453567  0.000000e+00  0.000000e+00  0.000000e+00  3.886520e-02  0.000000e+00  0.000000e+00
-1.450965  0.000000e+00  0.000000e+00  0.000000e+00  3.984279e-02  0.000000e+00  0.000000e+00
-1.448363  0.000000e+00  0.000000e+00  0.000000e+00  4.084599e-02  0.000000e+00  0.000000e+00
-1.445761  0.000000e+00  0.000000e+00  0.000000e+00  4.187360e-02  0.000000e+00  0.000000e+00
-1.443159  0.000000e+00  0.000000e+00  0.000000e+00  4.292437e-02  0.000000e+00  0.000000e+00
-1.440557  0.000000e+00  0.000000e+00  0.000000e+00  4.399709e-02  0.000000e+00  0.000000e+00
-1.437955  0.000000e+00  0.000000e+00  0.000000e+00  4.509050e-02  0.000000e+00  0.000000e+00
-1.435353  0.000000e+00  0.000000e+00  0.000000e+00  4.620334e-02  0.000000e+00  0.000000e+00
-1.432751  0.000000e+00  0.000000e+00  0.000000e+00  4.733470e-02  0.000000e+00  0.000000e+00
-1.430149  0.000000e+00  0.000000e+00  0.000000e+00  4.848400e-02  0.000000e+00  0.000000e+00
-1.427547  0.000000e+00  0.000000e+00  0.000000e+00  4.965068e-02  0.000000e+00  0.000000e+00
-1.424945  0.000000e+00  0.000000e+00  0.000000e+00  5.083416e-02  0.000000e+00  0.000000e+00
-1.422343  0.000000e+00  0.000000e+00  0.000000e+00  5.203388e-02  0.000000e+00  0.000000e+00
-1.419741  0.000000e+00  0.000000e+00  0.000000e+00  5.324925e-02  0.000000e+00  0.000000e+00
-1.417139  0.000000e+00  0.000000e+00  0.000000e+00  5.447968e-02  0.000000e+00  0.000000e+00
-1.414537  0.000000e+00  0.000000e+00  0.000000e+00  5.572457e-02  0.000000e+00  0.000000e+00
-1.411934  0.000000e+00  0.000000e+00  0.000000e+00  5.698389e-02  0.000000e+00  0.000000e+00
-1.409332  0.000000e+00  0.000000e+00  0.000000e+00  5.825939e-02  0.000000e+00  0.000000e+00
-1.406730  0.000000e+00  0.000000e+00  0.000000e+00  5.955327e-02  0.000000e+00  0.000000e+00
-1.404128  0.000000e+00  0.000000e+00  0.000000e+00  6.086769e-02  0.000000e+00  0.000000e+00
-1.401526  0.000000e+00  0.000000e+00  0.000000e+00  6.220490e-02  0.000000e+00  0.000000e+00
-1.398924  0.000000e+00  0.000000e+00  0.000000e+00  6.356713e-02  0.000000e+00  0.000000e+00
-1.396322  0.000000e+00  0.000000e+00  0.000000e+00  6.495667e-02  0.000000e+00  0.000000e+00
-1.393720  0.000000e+00  0.000000e+00  0.000000e+00  6.637581e-02  0.000000e+00  0.000000e+00
-1.391118  0.000000e+00  0.000000e+00  0.000000e+00  6.782627e-02  0.000000e+00  0.000000e+00
-1.388516  0.000000e+00  0.000000e+00  0.000000e+00  6.930780e-02  0.000000e+00  0.000000e+00
-1.385914  0.000000e+00  0.000000e+00  0.000000e+00  7.081971e-02  0.000000e+00  0.000000e+00
-1.383312  0.000000e+00  0.000000e+00  0.000000e+00  7.236130e-02  0.000000e+00  0.000000e+00
-1.380710  0.000000e+00  0.000000e+00  0.000000e+00  7.393187e-02  0.000000e+00  0.000000e+00
-1.378108  0.000000e+00  0.000000e+00  0.000000e+00  7.553070e-02  0.000000e+00  0.000000e+00
-1.375506  0.000000e+00  0.000000e+00  0.000000e+00  7.715711e-02  0.000000e+00  0.000000e+00
-1.372904  0.000000e+00  0.000000e+00  0.000000e+00  7.881178e-02  0.000000e+00  0.000000e+00
-1.370301  0.000000e+00  0.000000e+00  0.000000e+00  8.049783e-02  0.000000e+00  0.000000e+00
-1.367699  0.000000e+00  0.000000e+00  0.000000e+00  8.221862e-02  0.000000e+00  0.000000e+00
-1.365097  0.000000e+00  0.000000e+00  0.000000e+00  8.397757e-02  0.000000e+00  0.000000e+00
-1.362495  0.000000e+00  0.000000e+00  0.000000e+00  8.577813e-02  0.000000e+00  0.000000e+00
-1.359893  0.000000e+00  0.000000e+00  0.000000e+00  8.762380e-02  0.000000e+00  0.000000e+00
-1.357291  0.000000e+00  0.000000e+00  0.000000e+00  8.951811e-02  0.000000e+00  0.000000e+00
-1.354689  0.000000e+00  0.000000e+00  0.000000e+00  9.146466e-02  0.000000e+00  0.000000e+00
-1.352087  0.000000e+00  0.000000e+00  0.000000e+00  9.346398e-02  0.000000e+00  0.000000e+00
-1.349485  0.000000e+00  0.000000e+00  0.000000e+00  9.550784e-02  0.000000e+00  0.000000e+00
-1.346883  0.000000e+00  0.000000e+00  0.000000e+00  9.758633e-02  0.000000e+00  0.000000e+00
-1.344281  0.000000e+00  0.000000e+00  0.000000e+00  9.968945e-02  0.000000e+00  0.000000e+00
-1.341679  0.000000e+00  0.000000e+00  0.000000e+00  1.018070e-01  0.000000e+00  0.000000e+00
-1.339077  0.000000e+00  0.000000e+00  0.000000e+00  1.039288e-01  0.000000e+00  0.000000e+00
-1.336475  0.000000e+00  0.000000e+00  0.000000e+00  1.060445e-01  0.000000e+00  0.000000e+00
-1.333873  0.000000e+00  0.000000e+00  0.000000e+00  1.081435e-01  0.000000e+00  0.000000e+00
-1.331271  0.000000e+00  0.000000e+00  0.000000e+00  1.102243e-01  0.000000e+00  0.000000e+00
-1.328669  0.000000e+00  0.000000e+00  0.000000e+00  1.122997e-01  0.000000e+00  0.000000e+00
-1.326066  0.000000e+00  0.000000e+00  0.000000e+00  1.143843e-01  0.000000e+00  0.000000e+00
-1.323464  0.000000e+00  0.000000e+00  0.000000e+00  1.164927e-01  0.000000e+00  0.000000e+00
-1.320862  0.000000e+00  0.000000e+00  0.000000e+00  1.186397e-01  0.000000e+00  0.000000e+00
-1.318260  0.000000e+00  0.000000e+00  0.000000e+00  1.208403e-01  0.000000e+00  0.000000e+00
-1.315658  0.000000e+00  0.000000e+00  0.000000e+00  1.231096e-01  0.000000e+00  0.000000e+00
-1.313056  0.000000e+00  0.000000e+00  0.000000e+00  1.254561e-01  0.000000e+00  0.000000e+00
-1.310454  0.000000e+00  0.000000e+00  0.000000e+00  1.278744e-01  0.000000e+00  0.000000e+00
-1.307852  0.000000e+00  0.000000e+00  0.000000e+00  1.303577e-01  0.000000e+00  0.000000e+00
-1.305250  0.000000e+00  0.000000e+00  0.000000e+00  1.328987e-01  0.000000e+00  0.000000e+00
-1.302648  0.000000e+00  0.000000e+00  0.000000e+00  1.354902e-01  0.000000e+00  0.000000e+00
-1.300046  0.000000e+00  0.000000e+00  0.000000e+00  1.381251e-01  0.000000e+00  0.000000e+00
-1.297444  0.000000e+00  0.000000e+00  0.000000e+00  1.407958e-01  0.000000e+00  0.000000e+00
-1.294842  0.000000e+00  0.000000e+00  0.000000e+00  1.434950e-01  0.000000e+00  0.000000e+00
-1.292240  0.000000e+00  0.000000e+00  0.000000e+00  1.462172e-01  0.000000e+00  0.000000e+00
-1.289638  0.000000e+00  0.000000e+00  0.000000e+00  1.489597e-01  0.000000e+00  0.000000e+00
-1.287036  0.000000e+00  0.000000e+00  0.000000e+00  1.517204e-01  0.000000e+00  0.000000e+00
-1.284434  0.000000e+00  0.000000e+00  0.000000e+00  1.544966e-01  0.000000e+00  0.000000e+00
-1.281831  0.000000e+00  0.000000e+00  0.000000e+00  1.572861e-01  0.000000e+00  0.000000e+00
-1.279229  0.000000e+00  0.000000e+00  0.000000e+00  1.600863e-01  0.000000e+00  0.000000e+00
-1.276627  0.000000e+00  0.000000e+00  0.000000e+00  1.628948e-01  0.000000e+00  0.000000e+00
-1.274025  0.000000e+00  0.000000e+00  0.000000e+00  1.657154e-01  0.000000e+00  0.000000e+00
-1.271423  0.000000e+00  0.000000e+00  0.000000e+00  1.685674e-01  0.000000e+00  0.000000e+00
-1.268821  0.000000e+00  0.000000e+00  0.000000e+00  1.714726e-01  0.000000e+00  0.000000e+00
-1.266219  0.000000e+00  0.000000e+00  0.000000e+00  1.744531e-01  0.000000e+00  0.000000e+00
-1.263617  0.000000e+00  0.000000e+00  0.000000e+00  1.775313e-01  0.000000e+00  0.000000e+00
-1.261015  0.000000e+00  0.000000e+00  0.000000e+00  1.807299e-01  0.000000e+00  0.000000e+00
-1.258413  0.000000e+00  0.000000e+00  0.000000e+00  1.840715e-01  0.000000e+00  0.000000e+00
-1.255811  0.000000e+00  0.000000e+00  0.000000e+00  1.875566e-01  0.000000e+00  0.000000e+00
-1.253209  0.000000e+00  0.000000e+00  0.000000e+00  1.911450e-01  0.000000e+00  0.000000e+00
-1.250607  0.000000e+00  0.000000e+00  0.000000e+00  1.947920e-01  0.000000e+00  0.000000e+00
-1.248005  0.000000e+00  0.000000e+00  0.000000e+00  1.984523e-01  0.000000e+00  0.000000e+00
-1.245403  0.000000e+00  0.000000e+00  0.000000e+00  2.020801e-01  0.000000e+00  0.000000e+00
-1.242801  0.000000e+00  0.000000e+00  0.000000e+00  2.056290e-01  0.000000e+00  0.000000e+00
-1.240198  0.000000e+00  0.000000e+00  0.000000e+00  2.090566e-01  0.000000e+00  0.000000e+00
-1.237596  0.000000e+00  0.000000e+00  0.000000e+00  2.123746e-01  0.000000e+00  0.000000e+00
-1.234994  0.000000e+00  0.000000e+00  0.000000e+00  2.156293e-01  0.000000e+00  0.000000e+00
-1.232392  0.000000e+00  0.000000e+00  0.000000e+00  2.188687e-01  0.000000e+00  0.000000e+00
-1.229790  0.000000e+00  0.000000e+00  0.000000e+00  2.221408e-01  0.000000e+00  0.000000e+00
-1.227188  0.000000e+00  0.000000e+00  0.000000e+00  2.254947e-01  0.000000e+00  0.000000e+00
-1.224586  0.000000e+00  0.000000e+00  0.000000e+00  2.289797e-01  0.000000e+00  0.000000e+00
-1.221984  0.000000e+00  0.000000e+00  0.000000e+00  2.326408e-01  0.000000e+00  0.000000e+00
-1.219382  0.000000e+00  0.000000e+00  0.000000e+00  2.364669e-01  0.000000e+00  0.000000e+00
-1.216780  0.000000e+00  0.000000e+00  0.000000e+00  2.404122e-01  0.000000e+00  0.000000e+00
-1.214178  0.000000e+00  0.000000e+00  0.000000e+00  2.444299e-01  0.000000e+00  0.000000e+00
-1.211576  0.000000e+00  0.000000e+00  0.000000e+00  2.484723e-01  0.000000e+00  0.000000e+00
-1.208974  0.000000e+00  0.000000e+00  0.000000e+00  2.524915e-01  0.000000e+00  0.000000e+00
-1.206372  0.000000e+00  0.000000e+00  0.000000e+00  2.564387e-01  0.000000e+00  0.000000e+00
-1.203770  0.000000e+00  0.000000e+00  0.000000e+00  2.602800e-01  0.000000e+00  0.000000e+00
-1.201168  0.000000e+00  0.000000e+00  0.000000e+00  2.640453e-01  0.000000e+00  0.000000e+00
-1.198566  0.000000e+00  0.000000e+00  0.000000e+00  2.677820e-01  0.000000e+00  0.000000e+00
-1.195963  0.000000e+00  0.000000e+00  0.000000e+00  2.715381e-01  0.000000e+00  0.000000e+00
-1.193361  0.000000e+00  0.000000e+00  0.000000e+00  2.753621e-01  0.000000e+00  0.000000e+00
-1.190759  0.000000e+00  0.000000e+00  0.000000e+00  2.793031e-01  0.000000e+00  0.000000e+00
-1.188157  0.000000e+00  0.000000e+00  0.000000e+00  2.834106e-01  0.000000e+00  0.000000e+00
-1.185555  0.000000e+00  0.000000e+00  0.000000e+00  2.877057e-01  0.000000e+00  0.000000e+00
-1.182953  0.000000e+00  0.000000e+00  0.000000e+00  2.921534e-01  0.000000e+00  0.000000e+00
-1.180351  0.000000e+00  0.000000e+00  0.000000e+00  2.967117e-01  0.000000e+00  0.000000e+00
-1.177749  0.000000e+00  0.000000e+00  0.000000e+00  3.013381e-01  0.000000e+00  0.000000e+00
-1.175147  0.000000e+00  0.000000e+00  0.000000e+00  3.059897e-01  0.000000e+00  0.000000e+00
-1.172545  0.000000e+00  0.000000e+00  0.000000e+00  3.106229e-01  0.000000e+00  0.000000e+00
-1.169943  0.000000e+00  0.000000e+00  0.000000e+00  3.151940e-01  0.000000e+00  0.000000e+00
-1.167341  0.000000e+00  0.000000e+00  0.000000e+00  3.196825e-01  0.000000e+00  0.000000e+00
-1.164739  0.000000e+00  0.000000e+00  0.000000e+00  3.241168e-01  0.000000e+00  0.000000e+00
-1.162137  0.000000e+00  0.000000e+00  0.000000e+00  3.285321e-01  0.000000e+00  0.000000e+00
-1.159535  0.000000e+00  0.000000e+00  0.000000e+00  3.329636e-01  0.000000e+00  0.000000e+00
-1.156933  0.000000e+00  0.000000e+00  0.000000e+00  3.374473e-01  0.000000e+00  0.000000e+00
-1.154331  0.000000e+00  0.000000e+00  0.000000e+00  3.420177e-01  0.000000e+00  0.000000e+00
-1.151728  0.000000e+00  0.000000e+00  0.000000e+00  3.466791e-01  0.000000e+00  0.000000e+00
-1.149126  0.000000e+00  0.000000e+00  0.000000e+00  3.514086e-01  0.000000e+00  0.000000e+00
-1.146524  0.000000e+00  0.000000e+00  0.000000e+00  3.561825e-01  0.000000e+00  0.000000e+00
-1.143922  0.000000e+00  0.000000e+00  0.000000e+00  3.609763e-01  0.000000e+00  0.000000e+00
-1.141320  0.000000e+00  0.000000e+00  0.000000e+00  3.657657e-01  0.000000e+00  0.000000e+00
-1.138718  0.000000e+00  0.000000e+00  0.000000e+00  3.705337e-01  0.000000e+00  0.000000e+00
-1.136116  0.000000e+00  0.000000e+00  0.000000e+00  3.753196e-01  0.000000e+00  0.000000e+00
-1.133514  0.000000e+00  0.000000e+00  0.000000e+00  3.801890e-01  0.000000e+00  0.000000e+00
-1.130912  0.000000e+00  0.000000e+00  0.000000e+00  3.852079e-01  0.000000e+00  0.000000e+00
-1.128310  0.000000e+00  0.000000e+00  0.000000e+00  3.904435e-01  0.000000e+00  0.000000e+00
-1.125708  0.000000e+00  0.000000e+00  0.000000e+00  3.959635e-01  0.000000e+00  0.000000e+00
-1.123106  0.000000e+00  0.000000e+00  0.000000e+00  4.018068e-01  0.000000e+00  0.000000e+00
-1.120504  0.000000e+00  0.000000e+00  0.000000e+00  4.078919e-01  0.000000e+00  0.000000e+00
-1.117902  0.000000e+00  0.000000e+00  0.000000e+00  4.141061e-01  0.000000e+00  0.000000e+00
-1.115300  0.000000e+00  0.000000e+00  0.000000e+00  4.203356e-01  0.000000e+00  0.000000e+00
-1.112698  0.000000e+00  0.000000e+00  0.000000e+00  4.264648e-01  0.000000e+00  0.000000e+00
-1.110095  0.000000e+00  0.000000e+00  0.000000e+00  4.323859e-01  0.000000e+00  0.000000e+00
-1.107493  0.000000e+00  0.000000e+00  0.000000e+00  4.381096e-01  0.000000e+00  0.000000e+00
-1.104891  0.000000e+00  0.000000e+00  0.000000e+00  4.437322e-01  0.000000e+00  0.000000e+00
-1.102289  0.000000e+00  0.000000e+00  0.000000e+00  4.493531e-01  0.000000e+00  0.000000e+00
-1.099687  0.000000e+00  0.000000e+00  0.000000e+00  4.550729e-01  0.000000e+00  0.000000e+00
-1.097085  0.000000e+00  0.000000e+00  0.000000e+00  4.609936e-01  0.000000e+00  0.000000e+00
-1.094483  0.000000e+00  0.000000e+00  0.000000e+00  4.687880e-01  0.000000e+00  0.000000e+00
-1.091881  0.000000e+00  0.000000e+00  0.000000e+00  4.748977e-01  0.000000e+00  0.000000e+00
-1.089279  0.000000e+00  0.000000e+00  0.000000e+00  4.810612e-01  0.000000e+00  0.000000e+00
-1.086677  0.000000e+00  0.000000e+00  0.000000e+00  4.872787e-01  0.000000e+00  0.000000e+00
-1.084075  0.000000e+00  0.000000e+00  0.000000e+00  4.935504e-01  0.000000e+00  0.000000e+00
-1.081473  0.000000e+00  0.000000e+00  0.000000e+00  4.998764e-01  0.000000e+00  0.000000e+00
-1.078871  0.000000e+00  0.000000e+00  0.000000e+00  5.062569e-01  0.000000e+00  0.000000e+00
-1.076269  0.000000e+00  0.000000e+00  0.000000e+00  5.126919e-01  0.000000e+00  0.000000e+00
-1.073667  0.000000e+00  0.000000e+00  0.000000e+00  5.191818e-01  0.000000e+00  0.000000e+00
-1.071065  0.000000e+00  0.000000e+00  0.000000e+00  5.257266e-01  0.000000e+00  0.000000e+00
-1.068463  0.000000e+00  0.000000e+00  0.000000e+00  5.323264e-01  0.000000e+00  0.000000e+00
-1.065860  0.000000e+00  0.000000e+00  0.000000e+00  5.389814e-01  0.000000e+00  0.000000e+00
-1.063258  0.000000e+00  0.000000e+00  0.000000e+00  5.456917e-01  0.000000e+00  0.000000e+00
-1.060656  0.000000e+00  0.000000e+00  0.000000e+00  5.524575e-01  0.000000e+00  0.000000e+00
-1.058054  0.000000e+00  0.000000e+00  0.000000e+00  5.592789e-01  0.000000e+00  0.000000e+00
-1.055452  0.000000e+00  0.000000e+00  0.000000e+00  5.661559e-01  0.000000e+00  0.000000e+00
-1.052850  0.000000e+00  0.000000e+00  0.000000e+00  5.730888e-01  0.000000e+00  0.000000e+00
-1.050248  0.000000e+00  0.000000e+00  0.000000e+00  5.800776e-01  0.000000e+00  0.000000e+00
-1.047646  0.000000e+00  0.000000e+00  0.000000e+00  5.871224e-01  0.000000e+00  0.000000e+00
-1.045044  0.000000e+00  0.000000e+00  0.000000e+00  5.942234e-01  0.000000e+00  0.000000e+00
-1.042442  0.000000e+00  0.000000e+00  0.000000e+00  6.013806e-01  0.000000e+00  0.000000e+00
-1.039840  0.000000e+00  0.000000e+00  0.000000e+00  6.085942e-01  0.000000e+00  0.000000e+00
-1.037238  0.000000e+00  0.000000e+00  0.000000e+00  6.158642e-01  0.000000e+00  0.000000e+00
-1.034636  0.000000e+00  0.000000e+00  0.000000e+00  6.231907e-01  0.000000e+00  0.000000e+00
-1.032034  0.000000e+00  0.000000e+00  0.000000e+00  6.305738e-01  0.000000e+00  0.000000e+00
-1.029432  0.000000e+00  0.000000e+00  0.000000e+00  6.380136e-01  0.000000e+00  0.000000e+00
-1.026830  0.000000e+00  0.000000e+00  0.000000e+00  6.455102e-01  0.000000e+00  0.000000e+00
-1.024228  0.000000e+00  0.000000e+00  0.000000e+00  6.530636e-01  0.000000e+00  0.000000e+00
-1.021625  0.000000e+00  0.000000e+00  0.000000e+00  6.606738e-01  0.000000e+00  0.000000e+00
-1.019023  0.000000e+00  0.000000e+00  0.000000e+00  6.683411e-01  0.000000e+00  0.000000e+00
-1.016421  0.000000e+00  0.000000e+00  0.000000e+00  6.760653e-01  0.000000e+00  0.000000e+00
-1.013819  0.000000e+00  0.000000e+00  0.000000e+00  6.838466e-01  0.000000e+00  0.000000e+00
-1.011217  0.000000e+00  0.000000e+00  0.000000e+00  6.916850e-01  0.000000e+00  0.000000e+00
-1.008615  0.000000e+00  0.000000e+00  0.000000e+00  6.995805e-01  0.000000e+00  0.000000e+00
-1.006013  0.000000e+00  0.000000e+00  0.000000e+00  7.075332e-01  0.000000e+00  0.000000e+00
-1.003411  0.000000e+00  0.000000e+00  0.000000e+00  7.155432e-01  0.000000e+00  0.000000e+00
-1.000809  0.000000e+00  0.000000e+00  0.000000e+00  7.236103e-01  0.000000e+00  0.000000e+00
-0.998207  0.000000e+00  0.000000e+00  0.000000e+00  7.317347e-01  0.000000e+00  0.000000e+00
-0.995605  0.000000e+00  0.000000e+00  0.000000e+00  7.399163e-01  0.000000e+00  0.000000e+00
-0.993003  0.000000e+00  0.000000e+00  0.000000e+00  7.481552e-01  0.000000e+00  0.000000e+00
-0.990401  0.000000e+00  0.000000e+00  0.000000e+00  7.564514e-01  0.000000e+00  0.000000e+00
-0.987799  0.000000e+00  0.000000e+00  0.000000e+00  7.648048e-01  0.000000e+00  0.000000e+00
-0.985197  0.000000e+00  0.000000e+00  0.000000e+00  7.732155e-01  0.000000e+00  0.000000e+00
-0.982595  0.000000e+00  0.000000e+00  0.000000e+00  7.816834e-01  0.000000e+00  0.000000e+00
-0.979992  0.000000e+00  0.000000e+00  0.000000e+00  7.902085e-01  0.000000e+00  0.000000e+00
-0.977390  0.000000e+00  0.000000e+00  0.000000e+00  7.987908e-01  0.000000e+00  0.000000e+00
-0.974788  0.000000e+00  0.000000e+00  0.000000e+00  8.074302e-01  0.000000e+00  0.000000e+00
-0.972186  0.000000e+00  0.000000e+00  0.000000e+00  8.161268e-01  0.000000e+00  0.000000e+00
-0.969584  0.000000e+00  0.000000e+00  0.000000e+00  8.248803e-01  0.000000e+00  0.000000e+00
-0.966982  0.000000e+00  0.000000e+00  0.000000e+00  8.336909e-01  0.000000e+00  0.000000e+00
-0.964380  0.000000e+00  0.000000e+00  0.000000e+00  8.425583e-01  0.000000e+00  0.000000e+00
-0.961778  0.000000e+00  0.000000e+00  0.000000e+00  8.514827e-01  0.000000e+00  0.000000e+00
-0.959176  0.000000e+00  0.000000e+00  0.000000e+00  8.604638e-01  0.000000e+00  0.000000e+00
-0.956574  0.000000e+00  0.000000e+00  0.000000e+00  8.695016e-01  0.000000e+00  0.000000e+00
-0.953972  0.000000e+00  0.000000e+00  0.000000e+00  8.785959e-01  0.000000e+00  0.000000e+00
-0.951370  0.000000e+00  0.000000e+00  0.000000e+00  8.877468e-01  0.000000e+00  0.000000e+00
-0.948768  0.000000e+00  0.000000e+00  0.000000e+00  8.969541e-01  0.000000e+00  0.000000e+00
-0.946166  0.000000e+00  0.000000e+00  0.000000e+00  9.062177e-01  0.000000e+00  0.000000e+00
-0.943564  0.000000e+00  0.000000e+00  0.000000e+00  9.155374e-01  0.000000e+00  0.000000e+00
-0.940962  0.000000e+00  0.000000e+00  0.000000e+00  9.249131e-01  0.000000e+00  0.000000e+00
-0.938360  0.000000e+00  0.000000e+00  0.000000e+00  9.343447e-01  0.000000e+00  0.000000e+00
-0.935757  0.000000e+00  0.000000e+00  0.000000e+00  9.438321e-01  0.000000e+00  0.000000e+00
-0.933155  0.000000e+00  0.000000e+00  0.000000e+00  9.533750e-01  0.000000e+00  0.000000e+00
-0.930553  0.000000e+00  0.000000e+00  0.000000e+00  9.629734e-01  0.000000e+00  0.000000e+00
-0.927951  0.000000e+00  0.000000e+00  0.000000e+00  9.726270e-01  0.000000e+00  0.000000e+00
-0.925349  0.000000e+00  0.000000e+00  0.000000e+00  9.823356e-01  0.000000e+00  0.000000e+00
-0.922747  0.000000e+00  0.000000e+00  0.000000e+00  9.920992e-01  0.000000e+00  0.000000e+00
-0.920145  0.000000e+00  0.000000e+00  0.000000e+00  1.001917e+00  0.000000e+00  0.000000e+00
-0.917543  0.000000e+00  0.000000e+00  0.000000e+00  1.011790e+00  0.000000e+00  0.000000e+00
-0.914941  0.000000e+00  0.000000e+00  0.000000e+00  1.021717e+00  0.000000e+00  0.000000e+00
-0.912339  0.000000e+00  0.000000e+00  0.000000e+00  1.031698e+00  0.000000e+00  0.000000e+00
-0.909737  0.000000e+00  0.000000e+00  0.000000e+00  1.041733e+00  0.000000e+00  0.000000e+00
-0.907135  0.000000e+00  0.000000e+00  0.000000e+00  1.051821e+00  0.000000e+00  0.000000e+00
-0.904533  0.000000e+00  0.000000e+00  0.000000e+00  1.061963e+00  0.000000e+00  0.000000e+00
-0.901931  0.000000e+00  0.000000e+00  0.000000e+00  1.072157e+00  0.000000e+00  0.000000e+00
-0.899329  0.000000e+00  0.000000e+00  0.000000e+00  1.082405e+00  0.000000e+00  0.000000e+00
-0.896727  0.000000e+00  0.000000e+00  0.000000e+00  1.092705e+00  0.000000e+00  0.000000e+00
-0.894125  0.000000e+00  0.000000e+00  0.000000e+00  1.103057e+00  0.000000e+00  0.000000e+00
-0.891522  0.000000e+00  0.000000e+00  0.000000e+00  1.113460e+00  0.000000e+00  0.000000e+00
-0.888920  0.000000e+00  0.000000e+00  0.000000e+00  1.123916e+00  0.000000e+00  0.000000e+00
-0.886318  0.000000e+00  0.000000e+00  0.000000e+00  1.134422e+00  0.000000e+00  0.000000e+00
-0.883716  0.000000e+00  0.000000e+00  0.000000e+00  1.144980e+00  0.000000e+00  0.000000e+00
-0.881114  0.000000e+00  0.000000e+00  0.000000e+00  1.155588e+00  0.000000e+00  0.000000e+00
-0.878512  0.000000e+00  0.000000e+00  0.000000e+00  1.166246e+00  0.000000e+00  0.000000e+00
-0.875910  0.000000e+00  0.000000e+00  0.000000e+00  1.176954e+00  0.000000e+00  0.000000e+00
-0.873308  0.000000e+00  0.000000e+00  0.000000e+00  1.187712e+00  0.000000e+00  0.000000e+00
-0.870706  0.000000e+00  0.000000e+00  0.000000e+00  1.198518e+00  0.000000e+00  0.000000e+00
-0.868104  0.000000e+00  0.000000e+00  0.000000e+00  1.209373e+00  0.000000e+00  0.000000e+00
-0.865502  0.000000e+00  0.000000e+00  0.000000e+00  1.220276e+00  0.000000e+00  0.000000e+00
-0.862900  0.000000e+00  0.000000e+00  0.000000e+00  1.231227e+00  0.000000e+00  0.000000e+00
-0.860298  0.000000e+00  0.000000e+00  0.000000e+00  1.242225e+00  0.000000e+00  0.000000e+00
-0.857696  0.000000e+00  0.000000e+00  0.000000e+00  1.253271e+00  0.000000e+00  0.000000e+00
-0.855094  0.000000e+00  0.000000e+00  0.000000e+00  1.264362e+00  0.000000e+00  0.000000e+00
-0.852492  0.000000e+00  0.000000e+00  0.000000e+00  1.275499e+00  0.000000e+00  0.000000e+00
-0.849889  0.000000e+00  0.000000e+00  0.000000e+00  1.286682e+00  0.000000e+00  0.000000e+00
-0.847287  0.000000e+00  0.000000e+00  0.000000e+00  1.297910e+00  0.000000e+00  0.000000e+00
-0.844685  0.000000e+00  0.000000e+00  0.000000e+00  1.309182e+00  0.000000e+00  0.000000e+00
-0.842083  0.000000e+00  0.000000e+00  0.000000e+00  1.320498e+00  0.000000e+00  0.000000e+00
-0.839481  0.000000e+00  0.000000e+00  0.000000e+00  1.331857e+00  0.000000e+00  0.000000e+00
-0.836879  0.000000e+00  0.000000e+00  0.000000e+00  1.343258e+00  0.000000e+00  0.000000e+00
-0.834277  0.000000e+00  0.000000e+00  0.000000e+00  1.354702e+00  0.000000e+00  0.000000e+00
-0.831675  0.000000e+00  0.000000e+00  0.000000e+00  1.366188e+00  0.000000e+00  0.000000e+00
-0.829073  0.000000e+00  0.000000e+00  0.000000e+00  1.377714e+00  0.000000e+00  0.000000e+00
-0.826471  0.000000e+00  0.000000e+00  0.000000e+00  1.389280e+00  0.000000e+00  0.000000e+00
-0.823869  0.000000e+00  0.000000e+00  0.000000e+00  1.400886e+00  0.000000e+00  0.000000e+00
-0.821267  0.000000e+00  0.000000e+00  0.000000e+00  1.412532e+00  0.000000e+00  0.000000e+00
-0.818665  0.000000e+00  0.000000e+00  0.000000e+00  1.424215e+00  0.000000e+00  0.000000e+00
-0.816063  0.000000e+00  0.000000e+00  0.000000e+00  1.435936e+00  0.000000e+00  0.000000e+00
-0.813461  0.000000e+00  0.000000e+00  0.000000e+00  1.447694e+00  0.000000e+00  0.000000e+00
-0.810859  0.000000e+00  0.000000e+00  0.000000e+00  1.459488e+00  0.000000e+00  0.000000e+00
-0.808257  0.000000e+00  0.000000e+00  0.000000e+00  1.471317e+00  0.000000e+00  0.000000e+00
-0.805654  0.000000e+00  0.000000e+00  0.000000e+00  1.483182e+00  0.000000e+00  0.000000e+00
-0.803052  0.000000e+00  0.000000e+00  0.000000e+00  1.495080e+00  0.000000e+00  0.000000e+00
-0.800450  0.000000e+00  0.000000e+00  0.000000e+00  1.507011e+00  0.000000e+00  0.000000e+00
-0.797848  0.000000e+00  0.000000e+00  0.000000e+00  1.518974e+00  0.000000e+00  0.000000e+00
-0.795246  0.000000e+00  0.000000e+00  0.000000e+00  1.530969e+00  0.000000e+00  0.000000e+00
-0.792644  0.000000e+00  0.000000e+00  0.000000e+00  1.542995e+00  0.000000e+00  0.000000e+00
-0.790042  0.000000e+00  0.000000e+00  0.000000e+00  1.555050e+00  0.000000e+00  0.000000e+00
-0.787440  0.000000e+00  0.000000e+00  0.000000e+00  1.567134e+00  0.000000e+00  0.000000e+00
-0.784838  0.000000e+00  0.000000e+00  0.000000e+00  1.579246e+00  0.000000e+00  0.000000e+00
-0.782236  0.000000e+00  0.000000e+00  0.000000e+00  1.591385e+00  0.000000e+00  0.000000e+00
-0.779634  0.000000e+00  0.000000e+00  0.000000e+00  1.603551e+00  0.000000e+00  0.000000e+00
-0.777032  0.000000e+00  0.000000e+00  0.000000e+00  1.615741e+00  0.000000e+00  0.000000e+00
-0.774430  0.000000e+00  0.000000e+00  0.000000e+00  1.627956e+00  0.000000e+00  0.000000e+00
-0.771828  0.000000e+00  0.000000e+00  0.000000e+00  1.640193e+00  0.000000e+00  0.000000e+00
-0.769226  0.000000e+00  0.000000e+00  0.000000e+00  1.652453e+00  0.000000e+00  0.000000e+00
-0.766624  0.000000e+00  0.000000e+00  0.000000e+00  1.664734e+00  0.000000e+00  0.000000e+00
-0.764022  0.000000e+00  0.000000e+00  0.000000e+00  1.677035e+00  0.000000e+00  0.000000e+00
-0.761419  0.000000e+00  0.000000e+00  0.000000e+00  1.689355e+00  0.000000e+00  0.000000e+00
-0.758817  0.000000e+00  0.000000e+00  0.000000e+00  1.701693e+00  0.000000e+00  0.000000e+00
-0.756215  0.000000e+00  0.000000e+00  0.000000e+00  1.714047e+00  0.000000e+00  0.000000e+00
-0.753613  0.000000e+00  0.000000e+00  0.000000e+00  1.726417e+00  0.000000e+00  0.000000e+00
-0.751011  0.000000e+00  0.000000e+00  0.000000e+00  1.738802e+00  0.000000e+00  0.000000e+00
-0.748409  0.000000e+00  0.000000e+00  0.000000e+00  1.751199e+00  0.000000e+00  0.000000e+00
-0.745807  0.000000e+00  0.000000e+00  0.000000e+00  1.763608e+00  0.000000e+00  0.000000e+00
-0.743205  0.000000e+00  0.000000e+00  0.000000e+00  1.776029e+00  0.000000e+00  0.000000e+00
-0.740603  0.000000e+00  0.000000e+00  0.000000e+00  1.788458e+00  0.000000e+00  0.000000e+00
-0.738001  0.000000e+00  0.000000e+00  0.000000e+00  1.800896e+00  0.000000e+00  0.000000e+00
-0.735399  0.000000e+00  0.000000e+00  0.000000e+00  1.813340e+00  0.000000e+00  0.000000e+00
-0.732797  0.000000e+00  0.000000e+00  0.000000e+00  1.825790e+00  0.000000e+00  0.000000e+00
-0.730195  0.000000e+00  0.000000e+00  0.000000e+00  1.838244e+00  0.000000e+00  0.000000e+00
-0.727593  0.000000e+00  0.000000e+00  0.000000e+00  1.850701e+00  0.000000e+00  0.000000e+00
-0.724991  0.000000e+00  0.000000e+00  0.000000e+00  1.863158e+00  0.000000e+00  0.000000e+00
-0.722389  0.000000e+00  0.000000e+00  0.000000e+00  1.875616e+00  0.000000e+00  0.000000e+00
-0.719786  0.000000e+00  0.000000e+00  0.000000e+00  1.888072e+00  0.000000e+00  0.000000e+00
-0.717184  0.000000e+00  0.000000e+00  0.000000e+00  1.900525e+00  0.000000e+00  0.000000e+00
-0.714582  0.000000e+00  0.000000e+00  0.000000e+00  1.912973e+00  0.000000e+00  0.000000e+00
-0.711980  0.000000e+00  0.000000e+00  0.000000e+00  1.925415e+00  0.000000e+00  0.000000e+00
-0.709378  0.000000e+00  0.000000e+00  0.000000e+00  1.937849e+00  0.000000e+00  0.000000e+00
-0.706776  0.000000e+00  0.000000e+00  0.000000e+00  1.950273e+00  0.000000e+00  0.000000e+00
-0.704174  0.000000e+00  0.000000e+00  0.000000e+00  1.962686e+00  0.000000e+00  0.000000e+00
-0.701572  0.000000e+00  0.000000e+00  0.000000e+00  1.975087e+00  0.000000e+00  0.000000e+00
-0.698970  0.000000e+00  0.000000e+00  0.000000e+00  1.987473e+00  0.000000e+00  0.000000e+00
