-2.30103  0 0 0 0 0 0
-2.29973  0 0 0 0 0 0
-2.29843  0 0 0 0 0 0
-2.29713  0 0 0 0 0 0
-2.29583  0 0 0 0 0 0
-2.29452  0 0 0 0 0 0
-2.29322  0 0 0 0 0 0
-2.29192  0 0 0 0 0 0
-2.29062  0 0 0 0 0 0
-2.28932  0 0 0 0 0 0
-2.28802  0 0 0 0 0 0
-2.28672  0 0 0 0 0 0
-2.28542  0 0 0 0 0 0
-2.28412  0 0 0 0 0 0
-2.28282  0 0 0 0 0 0
-2.28151  0 0 0 0 0 0
-2.28021  0 0 0 0 0 0
-2.27891  0 0 0 0 0 0
-2.27761  0 0 0 0 0 0
-2.27631  0 0 0 0 0 0
-2.27501  0 0 0 0 0 0
-2.27371  0 0 0 0 0 0
-2.27241  0 0 0 0 0 0
-2.27111  0 0 0 0 0 0
-2.26981  0 0 0 0 0 0
-2.2685  0 0 0 0 0 0
-2.2672  0 0 0 0 0 0
-2.2659  0 0 0 0 0 0
-2.2646  0 0 0 0 0 0
-2.2633  0 0 0 0 0 0
-2.262  0 0 0 0 0 0
-2.2607  0 0 0 0 0 0
-2.2594  0 0 0 0 0 0
-2.2581  0 0 0 0 0 0
-2.25679  0 0 0 0 0 0
-2.25549  0 0 0 0 0 0
-2.25419  0 0 0 0 0 0
-2.25289  0 0 0 0 0 0
-2.25159  0 0 0 0 0 0
-2.25029  0 0 0 0 0 0
-2.24899  0 0 0 0 0 0
-2.24769  0 0 0 0 0 0
-2.24639  0 0 0 0 0 0
-2.24509  0 0 0 0 0 0
-2.24378  0 0 0 0 0 0
-2.24248  0 0 0 0 0 0
-2.24118  0 0 0 0 0 0
-2.23988  0 0 0 0 0 0
-2.23858  0 0 0 0 0 0
-2.23728  0 0 0 0 0 0
-2.23598  0 0 0 0 0 0
-2.23468  0 0 0 0 0 0
-2.23338  0 0 0 0 0 0
-2.23208  0 0 0 0 0 0
-2.23077  0 0 0 0 0 0
-2.22947  0 0 0 0 0 0
-2.22817  0 0 0 0 0 0
-2.22687  0 0 0 0 0 0
-2.22557  0 0 0 0 0 0
-2.22427  0 0 0 0 0 0
-2.22297  0 0 0 0 0 0
-2.22167  0 0 0 0 0 0
-2.22037  0 0 0 0 0 0
-2.21907  0 0 0 0 0 0
-2.21776  0 0 0 0 0 0
-2.21646  0 0 0 0 0 0
-2.21516  0 0 0 0 0 0
-2.21386  0 0 0 0 0 0
-2.21256  0 0 0 0 0 0
-2.21126  0 0 0 0 0 0
-2.20996  0 0 0 0 0 0
-2.20866  0 0 0 0 0 0
-2.20736  0 0 0 0 0 0
-2.20605  0 0 0 0 0 0
-2.20475  0 0 0 0 0 0
-2.20345  0 0 0 0 0 0
-2.20215  0 0 0 0 0 0
-2.20085  0 0 0 0 0 0
-2.19955  0 0 0 0 0 0
-2.19825  0 0 0 0 0 0
-2.19695  0 0 0 0 0 0
-2.19565  0 0 0 0 0 0
-2.19435  0 0 0 0 0 0
-2.19304  0 0 0 0 0 0
-2.19174  0 0 0 0 0 0
-2.19044  0 0 0 0 0 0
-2.18914  0 0 0 0 0 0
-2.18784  0 0 0 0 0 0
-2.18654  0 0 0 0 0 0
-2.18524  0 0 0 0 0 0
-2.18394  0 0 0 0 0 0
-2.18264  0 0 0 0 0 0
-2.18134  0 0 0 0 0 0
-2.18003  0 0 0 0 0 0
-2.17873  0 0 0 0 0 0
-2.17743  0 0 0 0 0 0
-2.17613  0 0 0 0 0 0
-2.17483  0 0 0 0 0 0
-2.17353  0 0 0 0 0 0
-2.17223  0 0 0 0 0 0
-2.17093  0 0 0 0 0 0
-2.16963  0 0 0 0 0 0
-2.16832  0 0 0 0 0 0
-2.16702  0 0 0 0 0 0
-2.16572  0 0 0 0 0 0
-2.16442  0 0 0 0 0 0
-2.16312  0 0 0 0 0 0
-2.16182  0 0 0 0 0 0
-2.16052  0 0 0 0 0 0
-2.15922  0 0 0 0 0 0
-2.15792  0 0 0 0 0 0
-2.15662  0 0 0 0 0 0
-2.15531  0 0 0 0 0 0
-2.15401  0 0 0 0 0 0
-2.15271  0 0 0 0 0 0
-2.15141  0 0 0 0 0 0
-2.15011  0 0 0 0 0 0
-2.14881  0 0 0 0 0 0
-2.14751  0 0 0 0 0 0
-2.14621  0 0 0 0 0 0
-2.14491  0 0 0 0 0 0
-2.14361  0 0 0 0 0 0
-2.1423  0 0 0 0 0 0
-2.141  0 0 0 0 0 0
-2.1397  0 0 0 0 0 0
-2.1384  0 0 0 0 0 0
-2.1371  0 0 0 0 0 0
-2.1358  0 0 0 0 0 0
-2.1345  0 0 0 0 0 0
-2.1332  0 0 0 0 0 0
-2.1319  0 0 0 0 0 0
-2.1306  0 0 0 0 0 0
-2.12929  0 0 0 0 0 0
-2.12799  0 0 0 0 0 0
-2.12669  0 0 0 0 0 0
-2.12539  0 0 0 0 0 0
-2.12409  0 0 0 0 0 0
-2.12279  0 0 0 0 0 0
-2.12149  0 0 0 0 0 0
-2.12019  0 0 0 0 0 0
-2.11889  0 0 0 0 0 0
-2.11758  0 0 0 0 0 0
-2.11628  0 0 0 0 0 0
-2.11498  0 0 0 0 0 0
-2.11368  0 0 0 0 0 0
-2.11238  0 0 0 0 0 0
-2.11108  0 0 0 0 0 0
-2.10978  0 0 0 0 0 0
-2.10848  0 0 0 0 0 0
-2.10718  0 0 0 0 0 0
-2.10588  0 0 0 0 0 0
-2.10457  0 0 0 0 0 0
-2.10327  0 0 0 0 0 0
-2.10197  0 0 0 0 0 0
-2.10067  0 0 0 0 0 0
-2.09937  0 0 0 0 0 0
-2.09807  0 0 0 0 0 0
-2.09677  0 0 0 0 0 0
-2.09547  0 0 0 0 0 0
-2.09417  0 0 0 0 0 0
-2.09287  0 0 0 0 0 0
-2.09156  0 0 0 0 0 0
-2.09026  0 0 0 0 0 0
-2.08896  0 0 0 0 0 0
-2.08766  0 0 0 0 0 0
-2.08636  0 0 0 0 0 0
-2.08506  0 0 0 0 0 0
-2.08376  0 0 0 0 0 0
-2.08246  0 0 0 0 0 0
-2.08116  0 0 0 0 0 0
-2.07985  0 0 0 0 0 0
-2.07855  0 0 0 0 0 0
-2.07725  0 0 0 0 0 0
-2.07595  0 0 0 0 0 0
-2.07465  0 0 0 0 0 0
-2.07335  0 0 0 0 0 0
-2.07205  0 0 0 0 0 0
-2.07075  0 0 0 0 0 0
-2.06945  0 0 0 0 0 0
-2.06815  0 0 0 0 0 0
-2.06684  0 0 0 0 0 0
-2.06554  0 0 0 0 0 0
-2.06424  0 0 0 0 0 0
-2.06294  0 0 0 0 0 0
-2.06164  0 0 0 0 0 0
-2.06034  0 0 0 0 0 0
-2.05904  0 0 0 0 0 0
-2.05774  0 0 0 0 0 0
-2.05644  0 0 0 0 0 0
-2.05514  0 0 0 0 0 0
-2.05383  0 0 0 0 0 0
-2.05253  0 0 0 0 0 0
-2.05123  0 0 0 0 0 0
-2.04993  0 0 0 0 0 0
-2.04863  0 0 0 0 0 0
-2.04733  0 0 0 0 0 0
-2.04603  0 0 0 0 0 0
-2.04473  0 0 0 0 0 0
-2.04343  0 0 0 0 0 0
-2.04213  0 0 0 0 0 0
-2.04082  0 0 0 0 0 0
-2.03952  0 0 0 0 0 0
-2.03822  0 0 0 0 0 0
-2.03692  0 0 0 0 0 0
-2.03562  0 0 0 0 0 0
-2.03432  0 0 0 0 0 0
-2.03302  0 0 0 0 0 0
-2.03172  0 0 0 0 0 0
-2.03042  0 0 0 0 0 0
-2.02911  0 0 0 0 0 0
-2.02781  0 0 0 0 0 0
-2.02651  0 0 0 0 0 0
-2.02521  0 0 0 0 0 0
-2.02391  0 0 0 0 0 0
-2.02261  0 0 0 0 0 0
-2.02131  0 0 0 0 0 0
-2.02001  0 0 0 0 0 0
-2.01871  0 0 0 0 0 0
-2.01741  0 0 0 0 0 0
-2.0161  0 0 0 0 0 0
-2.0148  0 0 0 0 0 0
-2.0135  0 0 0 0 0 0
-2.0122  0 0 0 0 0 0
-2.0109  0 0 0 0 0 0
-2.0096  0 0 0 0 0 0
-2.0083  0 0 0 0 0 0
-2.007  0 0 0 0 0 0
-2.0057  0 0 0 0 0 0
-2.0044  0 0 0 0 0 0
-2.00309  0 0 0 0 0 0
-2.00179  0 0 0 0 0 0
-2.00049  0 0 0 0 0 0
-1.99919  0 0 0 0 0 0
-1.99789  0 0 0 0 0 0
-1.99659  0 0 0 0 0 0
-1.99529  0 0 0 0 0 0
-1.99399  0 0 0 0 0 0
-1.99269  0 0 0 0 0 0
-1.99138  0 0 0 0 0 0
-1.99008  0 0 0 0 0 0
-1.98878  0 0 0 0 0 0
-1.98748  0 0 0 0 0 0
-1.98618  0 0 0 0 0 0
-1.98488  0 0 0 0 0 0
-1.98358  0 0 0 0 0 0
-1.98228  0 0 0 0 0 0
-1.98098  0 0 0 0 0 0
-1.97968  0 0 0 0 0 0
-1.97837  0 0 0 0 0 0
-1.97707  0 0 0 0 0 0
-1.97577  0 0 0 0 0 0
-1.97447  0 0 0 0 0 0
-1.97317  0 0 0 0 0 0
-1.97187  0 0 0 0 0 0
-1.97057  0 0 0 0 0 0
-1.96927  0 0 0 0 0 0
-1.96797  0 0 0 0 0 0
-1.96667  0 0 0 0 0 0
-1.96536  0 0 0 0 0 0
-1.96406  0 0 0 0 0 0
-1.96276  0 0 0 0 0 0
-1.96146  0 0 0 0 0 0
-1.96016  0 0 0 0 0 0
-1.95886  0 0 0 0 0 0
-1.95756  0 0 0 0 0 0
-1.95626  0 0 0 0 0 0
-1.95496  0 0 0 0 0 0
-1.95365  0 0 0 0 0 0
-1.95235  0 0 0 0 0 0
-1.95105  0 0 0 0 0 0
-1.94975  0 0 0 0 0 0
-1.94845  0 0 0 0 0 0
-1.94715  0 0 0 0 0 0
-1.94585  0 0 0 0 0 0
-1.94455  0 0 0 0 0 0
-1.94325  0 0 0 0 0 0
-1.94195  0 0 0 0 0 0
-1.94064  0 0 0 0 0 0
-1.93934  0 0 0 0 0 0
-1.93804  0 0 0 0 0 0
-1.93674  0 0 0 0 0 0
-1.93544  0 0 0 0 0 0
-1.93414  0 0 0 0 0 0
-1.93284  0 0 0 0 0 0
-1.93154  0 0 0 0 0 0
-1.93024  0 0 0 0 0 0
-1.92894  0 0 0 0 0 0
-1.92763  0 0 0 0 0 0
-1.92633  0 0 0 0 0 0
-1.92503  0 0 0 0 0 0
-1.92373  0 0 0 0 0 0
-1.92243  0 0 0 0 0 0
-1.92113  0 0 0 0 0 0
-1.91983  0 0 0 0 0 0
-1.91853  0 0 0 0 0 0
-1.91723  0 0 0 0 0 0
-1.91593  0 0 0 0 0 0
-1.91462  0 0 0 0 0 0
-1.91332  0 0 0 0 0 0
-1.91202  0 0 0 0 0 0
-1.91072  0 0 0 0 0 0
-1.90942  0 0 0 0 0 0
-1.90812  0 0 0 0 0 0
-1.90682  0 0 0 0 0 0
-1.90552  0 0 0 0 0 0
-1.90422  0 0 0 0 0 0
-1.90291  0 0 0 0 0 0
-1.90161  0 0 0 0 0 0
-1.90031  0 0 0 0 0 0
-1.89901  0 0 0 0 0 0
-1.89771  0 0 0 0 0 0
-1.89641  0 0 0 0 0 0
-1.89511  0 0 0 0 0 0
-1.89381  0 0 0 0 0 0
-1.89251  0 0 0 0 0 0
-1.89121  0 0 0 0 0 0
-1.8899  0 0 0 0 0 0
-1.8886  0 0 0 0 0 0
-1.8873  0 0 0 0 0 0
-1.886  0 0 0 0 0 0
-1.8847  0 0 0 0 0 0
-1.8834  0 0 0 0 0 0
-1.8821  0 0 0 0 0 0
-1.8808  0 0 0 0 0 0
-1.8795  0 0 0 0 0 0
-1.8782  0 0 0 0 0 0
-1.87689  0 0 0 0 0 0
-1.87559  0 0 0 0 0 0
-1.87429  0 0 0 0 0 0
-1.87299  0 0 0 0 0 0
-1.87169  0 0 0 0 0 0
-1.87039  0 0 0 0 0 0
-1.86909  0 0 0 0 0 0
-1.86779  0 0 0 0 0 0
-1.86649  0 0 0 0 0 0
-1.86518  0 0 0 0 0 0
-1.86388  0 0 0 0 0 0
-1.86258  0 0 0 0 0 0
-1.86128  0 0 0 0 0 0
-1.85998  0 0 0 0 0 0
-1.85868  0 0 0 0 0 0
-1.85738  0 0 0 0 0 0
-1.85608  0 0 0 0 0 0
-1.85478  0 0 0 0 0 0
-1.85348  0 0 0 0 0 0
-1.85217  0 0 0 0 0 0
-1.85087  0 0 0 0 0 0
-1.84957  0 0 0 0 0 0
-1.84827  0 0 0 0 0 0
-1.84697  0 0 0 0 0 0
-1.84567  0 0 0 0 0 0
-1.84437  0 0 0 0 0 0
-1.84307  0 0 0 0 0 0
-1.84177  0 0 0 0 0 0
-1.84047  0 0 0 0 0 0
-1.83916  0 0 0 0 0 0
-1.83786  0 0 0 0 0 0
-1.83656  0 0 0 0 0 0
-1.83526  0 0 0 0 0 0
-1.83396  0 0 0 0 0 0
-1.83266  0 0 0 0 0 0
-1.83136  0 0 0 0 0 0
-1.83006  0 0 0 0 0 0
-1.82876  0 0 0 0 0 0
-1.82746  0 0 0 0 0 0
-1.82615  0 0 0 0 0 0
-1.82485  0 0 0 0 0 0
-1.82355  0 0 0 0 0 0
-1.82225  0 0 0 0 0 0
-1.82095  6.36503e-10 6.36503e-10 6.36503e-10 6.36503e-10 6.36503e-10 6.36503e-10
-1.81965  2.24769e-07 2.24769e-07 2.24769e-07 2.24769e-07 2.24769e-07 2.24769e-07
-1.81835  8.51869e-07 8.51869e-07 8.51869e-07 8.51869e-07 8.51869e-07 8.51869e-07
-1.81705  1.88194e-06 1.88194e-06 1.88194e-06 1.88194e-06 1.88194e-06 1.88194e-06
-1.81575  3.315e-06 3.315e-06 3.315e-06 3.315e-06 3.315e-06 3.315e-06
-1.81444  5.15105e-06 5.15105e-06 5.15105e-06 5.15105e-06 5.15105e-06 5.15105e-06
-1.81314  7.39012e-06 7.39012e-06 7.39012e-06 7.39012e-06 7.39012e-06 7.39012e-06
-1.81184  1.00322e-05 1.00322e-05 1.00322e-05 1.00322e-05 1.00322e-05 1.00322e-05
-1.81054  1.30774e-05 1.30774e-05 1.30774e-05 1.30774e-05 1.30774e-05 1.30774e-05
-1.80924  1.65256e-05 1.65256e-05 1.65256e-05 1.65256e-05 1.65256e-05 1.65256e-05
-1.80794  2.0377e-05 2.0377e-05 2.0377e-05 2.0377e-05 2.0377e-05 2.0377e-05
-1.80664  2.46315e-05 2.46315e-05 2.46315e-05 2.46315e-05 2.46315e-05 2.46315e-05
-1.80534  2.92891e-05 2.92891e-05 2.92891e-05 2.92891e-05 2.92891e-05 2.92891e-05
-1.80404  3.43501e-05 3.43501e-05 3.43501e-05 3.43501e-05 3.43501e-05 3.43501e-05
-1.80274  3.98143e-05 3.98143e-05 3.98143e-05 3.98143e-05 3.98143e-05 3.98143e-05
-1.80143  4.56818e-05 4.56818e-05 4.56818e-05 4.56818e-05 4.56818e-05 4.56818e-05
-1.80013  5.19527e-05 5.19527e-05 5.19527e-05 5.19527e-05 5.19527e-05 5.19527e-05
-1.79883  5.8627e-05 5.8627e-05 5.8627e-05 5.8627e-05 5.8627e-05 5.8627e-05
-1.79753  6.57048e-05 6.57048e-05 6.57048e-05 6.57048e-05 6.57048e-05 6.57048e-05
-1.79623  7.31862e-05 7.31862e-05 7.31862e-05 7.31862e-05 7.31862e-05 7.31862e-05
-1.79493  8.10712e-05 8.10712e-05 8.10712e-05 8.10712e-05 8.10712e-05 8.10712e-05
-1.79363  8.93599e-05 8.93599e-05 8.93599e-05 8.93599e-05 8.93599e-05 8.93599e-05
-1.79233  9.80523e-05 9.80523e-05 9.80523e-05 9.80523e-05 9.80523e-05 9.80523e-05
-1.79103  0.000107149 0.000107149 0.000107149 0.000107149 0.000107149 0.000107149
-1.78973  0.000116649 0.000116649 0.000116649 0.000116649 0.000116649 0.000116649
-1.78842  0.000126553 0.000126553 0.000126553 0.000126553 0.000126553 0.000126553
-1.78712  0.000136861 0.000136861 0.000136861 0.000136861 0.000136861 0.000136861
-1.78582  0.000147574 0.000147574 0.000147574 0.000147574 0.000147574 0.000147574
-1.78452  0.000158691 0.000158691 0.000158691 0.000158691 0.000158691 0.000158691
-1.78322  0.000170212 0.000170212 0.000170212 0.000170212 0.000170212 0.000170212
-1.78192  0.000182138 0.000182138 0.000182138 0.000182138 0.000182138 0.000182138
-1.78062  0.000194468 0.000194468 0.000194468 0.000194468 0.000194468 0.000194468
-1.77932  0.000207203 0.000207203 0.000207203 0.000207203 0.000207203 0.000207203
-1.77802  0.000220343 0.000220343 0.000220343 0.000220343 0.000220343 0.000220343
-1.77671  0.000233888 0.000233888 0.000233888 0.000233888 0.000233888 0.000233888
-1.77541  0.000247838 0.000247838 0.000247838 0.000247838 0.000247838 0.000247838
-1.77411  0.000262193 0.000262193 0.000262193 0.000262193 0.000262193 0.000262193
-1.77281  0.000276953 0.000276953 0.000276953 0.000276953 0.000276953 0.000276953
-1.77151  0.000292119 0.000292119 0.000292119 0.000292119 0.000292119 0.000292119
-1.77021  0.00030769 0.00030769 0.00030769 0.00030769 0.00030769 0.00030769
-1.76891  0.000323667 0.000323667 0.000323667 0.000323667 0.000323667 0.000323667
-1.76761  0.00034005 0.00034005 0.00034005 0.00034005 0.00034005 0.00034005
-1.76631  0.000356839 0.000356839 0.000356839 0.000356839 0.000356839 0.000356839
-1.76501  0.000374035 0.000374035 0.000374035 0.000374035 0.000374035 0.000374035
-1.7637  0.000391636 0.000391636 0.000391636 0.000391636 0.000391636 0.000391636
-1.7624  0.000409644 0.000409644 0.000409644 0.000409644 0.000409644 0.000409644
-1.7611  0.000428059 0.000428059 0.000428059 0.000428059 0.000428059 0.000428059
-1.7598  0.00044688 0.00044688 0.00044688 0.00044688 0.00044688 0.00044688
-1.7585  0.000466109 0.000466109 0.000466109 0.000466109 0.000466109 0.000466109
-1.7572  0.000485744 0.000485744 0.000485744 0.000485744 0.000485744 0.000485744
-1.7559  0.000505787 0.000505787 0.000505787 0.000505787 0.000505787 0.000505787
-1.7546  0.000526238 0.000526238 0.000526238 0.000526238 0.000526238 0.000526238
-1.7533  0.000547096 0.000547096 0.000547096 0.000547096 0.000547096 0.000547096
-1.752  0.000568362 0.000568362 0.000568362 0.000568362 0.000568362 0.000568362
-1.75069  0.000590036 0.000590036 0.000590036 0.000590036 0.000590036 0.000590036
-1.74939  0.000612118 0.000612118 0.000612118 0.000612118 0.000612118 0.000612118
-1.74809  0.000634609 0.000634609 0.000634609 0.000634609 0.000634609 0.000634609
-1.74679  0.000657508 0.000657508 0.000657508 0.000657508 0.000657508 0.000657508
-1.74549  0.000680816 0.000680816 0.000680816 0.000680816 0.000680816 0.000680816
-1.74419  0.000704534 0.000704534 0.000704534 0.000704534 0.000704534 0.000704534
-1.74289  0.00072866 0.00072866 0.00072866 0.00072866 0.00072866 0.00072866
-1.74159  0.000753197 0.000753197 0.000753197 0.000753197 0.000753197 0.000753197
-1.74029  0.000778142 0.000778142 0.000778142 0.000778142 0.000778142 0.000778142
-1.73899  0.000803498 0.000803498 0.000803498 0.000803498 0.000803498 0.000803498
-1.73768  0.000829264 0.000829264 0.000829264 0.000829264 0.000829264 0.000829264
-1.73638  0.000855441 0.000855441 0.000855441 0.000855441 0.000855441 0.000855441
-1.73508  0.000882028 0.000882028 0.000882028 0.000882028 0.000882028 0.000882028
-1.73378  0.000909026 0.000909026 0.000909026 0.000909026 0.000909026 0.000909026
-1.73248  0.000936435 0.000936435 0.000936435 0.000936435 0.000936435 0.000936435
-1.73118  0.000964255 0.000964255 0.000964255 0.000964255 0.000964255 0.000964255
-1.72988  0.000992487 0.000992487 0.000992487 0.000992487 0.000992487 0.000992487
-1.72858  0.00102113 0.00102113 0.00102113 0.00102113 0.00102113 0.00102113
-1.72728  0.00105019 0.00105019 0.00105019 0.00105019 0.00105019 0.00105019
-1.72597  0.00107966 0.00107966 0.00107966 0.00107966 0.00107966 0.00107966
-1.72467  0.00110954 0.00110954 0.00110954 0.00110954 0.00110954 0.00110954
-1.72337  0.00113983 0.00113983 0.00113983 0.00113983 0.00113983 0.00113983
-1.72207  0.00117054 0.00117054 0.00117054 0.00117054 0.00117054 0.00117054
-1.72077  0.00120166 0.00120166 0.00120166 0.00120166 0.00120166 0.00120166
-1.71947  0.00123319 0.00123319 0.00123319 0.00123319 0.00123319 0.00123319
-1.71817  0.00126514 0.00126514 0.00126514 0.00126514 0.00126514 0.00126514
-1.71687  0.0012975 0.0012975 0.0012975 0.0012975 0.0012975 0.0012975
-1.71557  0.00133028 0.00133028 0.00133028 0.00133028 0.00133028 0.00133028
-1.71427  0.00136347 0.00136347 0.00136347 0.00136347 0.00136347 0.00136347
-1.71296  0.00139708 0.00139708 0.00139708 0.00139708 0.00139708 0.00139708
-1.71166  0.0014311 0.0014311 0.0014311 0.0014311 0.0014311 0.0014311
-1.71036  0.00146554 0.00146554 0.00146554 0.00146554 0.00146554 0.00146554
-1.70906  0.0015004 0.0015004 0.0015004 0.0015004 0.0015004 0.0015004
-1.70776  0.00153567 0.00153567 0.00153567 0.00153567 0.00153567 0.00153567
-1.70646  0.00157136 0.00157136 0.00157136 0.00157136 0.00157136 0.00157136
-1.70516  0.00160746 0.00160746 0.00160746 0.00160746 0.00160746 0.00160746
-1.70386  0.00164399 0.00164399 0.00164399 0.00164399 0.00164399 0.00164399
-1.70256  0.00168093 0.00168093 0.00168093 0.00168093 0.00168093 0.00168093
-1.70126  0.00171828 0.00171828 0.00171828 0.00171828 0.00171828 0.00171828
-1.69995  0.00175606 0.00175606 0.00175606 0.00175606 0.00175606 0.00175606
-1.69865  0.00179426 0.00179426 0.00179426 0.00179426 0.00179426 0.00179426
-1.69735  0.00183287 0.00183287 0.00183287 0.00183287 0.00183287 0.00183287
-1.69605  0.00187191 0.00187191 0.00187191 0.00187191 0.00187191 0.00187191
-1.69475  0.00191136 0.00191136 0.00191136 0.00191136 0.00191136 0.00191136
-1.69345  0.00195123 0.00195123 0.00195123 0.00195123 0.00195123 0.00195123
-1.69215  0.00199153 0.00199153 0.00199153 0.00199153 0.00199153 0.00199153
-1.69085  0.00203224 0.00203224 0.00203224 0.00203224 0.00203224 0.00203224
-1.68955  0.00207338 0.00207338 0.00207338 0.00207338 0.00207338 0.00207338
-1.68824  0.00211494 0.00211494 0.00211494 0.00211494 0.00211494 0.00211494
-1.68694  0.00215692 0.00215692 0.00215692 0.00215692 0.00215692 0.00215692
-1.68564  0.00219932 0.00219932 0.00219932 0.00219932 0.00219932 0.00219932
-1.68434  0.00224214 0.00224214 0.00224214 0.00224214 0.00224214 0.00224214
-1.68304  0.00228539 0.00228539 0.00228539 0.00228539 0.00228539 0.00228539
-1.68174  0.00232906 0.00232906 0.00232906 0.00232906 0.00232906 0.00232906
-1.68044  0.00237316 0.00237316 0.00237316 0.00237316 0.00237316 0.00237316
-1.67914  0.00241768 0.00241768 0.00241768 0.00241768 0.00241768 0.00241768
-1.67784  0.00246262 0.00246262 0.00246262 0.00246262 0.00246262 0.00246262
-1.67654  0.00250799 0.00250799 0.00250799 0.00250799 0.00250799 0.00250799
-1.67523  0.00255379 0.00255379 0.00255379 0.00255379 0.00255379 0.00255379
-1.67393  0.00260001 0.00260001 0.00260001 0.00260001 0.00260001 0.00260001
-1.67263  0.00264665 0.00264665 0.00264665 0.00264665 0.00264665 0.00264665
-1.67133  0.00269373 0.00269373 0.00269373 0.00269373 0.00269373 0.00269373
-1.67003  0.00274123 0.00274123 0.00274123 0.00274123 0.00274123 0.00274123
-1.66873  0.00278916 0.00278916 0.00278916 0.00278916 0.00278916 0.00278916
-1.66743  0.00283751 0.00283751 0.00283751 0.00283751 0.00283751 0.00283751
-1.66613  0.0028863 0.0028863 0.0028863 0.0028863 0.0028863 0.0028863
-1.66483  0.00293551 0.00293551 0.00293551 0.00293551 0.00293551 0.00293551
-1.66353  0.00298515 0.00298515 0.00298515 0.00298515 0.00298515 0.00298515
-1.66222  0.00303523 0.00303523 0.00303523 0.00303523 0.00303523 0.00303523
-1.66092  0.00308573 0.00308573 0.00308573 0.00308573 0.00308573 0.00308573
-1.65962  0.00313666 0.00313666 0.00313666 0.00313666 0.00313666 0.00313666
-1.65832  0.00318803 0.00318803 0.00318803 0.00318803 0.00318803 0.00318803
-1.65702  0.00323983 0.00323983 0.00323983 0.00323983 0.00323983 0.00323983
-1.65572  0.00329205 0.00329205 0.00329205 0.00329205 0.00329205 0.00329205
-1.65442  0.00334471 0.00334471 0.00334471 0.00334471 0.00334471 0.00334471
-1.65312  0.00339781 0.00339781 0.00339781 0.00339781 0.00339781 0.00339781
-1.65182  0.00345134 0.00345134 0.00345134 0.00345134 0.00345134 0.00345134
-1.65051  0.0035053 0.0035053 0.0035053 0.0035053 0.0035053 0.0035053
-1.64921  0.00355969 0.00355969 0.00355969 0.00355969 0.00355969 0.00355969
-1.64791  0.00361452 0.00361452 0.00361452 0.00361452 0.00361452 0.00361452
-1.64661  0.00366979 0.00366979 0.00366979 0.00366979 0.00366979 0.00366979
-1.64531  0.00372549 0.00372549 0.00372549 0.00372549 0.00372549 0.00372549
-1.64401  0.00378163 0.00378163 0.00378163 0.00378163 0.00378163 0.00378163
-1.64271  0.00383821 0.00383821 0.00383821 0.00383821 0.00383821 0.00383821
-1.64141  0.00389522 0.00389522 0.00389522 0.00389522 0.00389522 0.00389522
-1.64011  0.00395267 0.00395267 0.00395267 0.00395267 0.00395267 0.00395267
-1.63881  0.00401056 0.00401056 0.00401056 0.00401056 0.00401056 0.00401056
-1.6375  0.00406889 0.00406889 0.00406889 0.00406889 0.00406889 0.00406889
-1.6362  0.00412765 0.00412765 0.00412765 0.00412765 0.00412765 0.00412765
-1.6349  0.00418686 0.00418686 0.00418686 0.00418686 0.00418686 0.00418686
-1.6336  0.00424651 0.00424651 0.00424651 0.00424651 0.00424651 0.00424651
-1.6323  0.0043066 0.0043066 0.0043066 0.0043066 0.0043066 0.0043066
-1.631  0.00436713 0.00436713 0.00436713 0.00436713 0.00436713 0.00436713
-1.6297  0.0044281 0.0044281 0.0044281 0.0044281 0.0044281 0.0044281
-1.6284  0.00448952 0.00448952 0.00448952 0.00448952 0.00448952 0.00448952
-1.6271  0.00455137 0.00455137 0.00455137 0.00455137 0.00455137 0.00455137
-1.6258  0.00461368 0.00461368 0.00461368 0.00461368 0.00461368 0.00461368
-1.62449  0.00467642 0.00467642 0.00467642 0.00467642 0.00467642 0.00467642
-1.62319  0.00473962 0.00473962 0.00473962 0.00473962 0.00473962 0.00473962
-1.62189  0.00480325 0.00480325 0.00480325 0.00480325 0.00480325 0.00480325
-1.62059  0.00486734 0.00486734 0.00486734 0.00486734 0.00486734 0.00486734
-1.61929  0.00493187 0.00493187 0.00493187 0.00493187 0.00493187 0.00493187
-1.61799  0.00499684 0.00499684 0.00499684 0.00499684 0.00499684 0.00499684
-1.61669  0.00506227 0.00506227 0.00506227 0.00506227 0.00506227 0.00506227
-1.61539  0.00512814 0.00512814 0.00512814 0.00512814 0.00512814 0.00512814
-1.61409  0.00519447 0.00519447 0.00519447 0.00519447 0.00519447 0.00519447
-1.61279  0.00526124 0.00526124 0.00526124 0.00526124 0.00526124 0.00526124
-1.61148  0.00532846 0.00532846 0.00532846 0.00532846 0.00532846 0.00532846
-1.61018  0.00539613 0.00539613 0.00539613 0.00539613 0.00539613 0.00539613
-1.60888  0.00546426 0.00546426 0.00546426 0.00546426 0.00546426 0.00546426
-1.60758  0.00553283 0.00553283 0.00553283 0.00553283 0.00553283 0.00553283
-1.60628  0.00560186 0.00560186 0.00560186 0.00560186 0.00560186 0.00560186
-1.60498  0.00567135 0.00567135 0.00567135 0.00567135 0.00567135 0.00567135
-1.60368  0.00574128 0.00574128 0.00574128 0.00574128 0.00574128 0.00574128
-1.60238  0.00581167 0.00581167 0.00581167 0.00581167 0.00581167 0.00581167
-1.60108  0.00588252 0.00588252 0.00588252 0.00588252 0.00588252 0.00588252
-1.59977  0.00595382 0.00595382 0.00595382 0.00595382 0.00595382 0.00595382
-1.59847  0.00602558 0.00602558 0.00602558 0.00602558 0.00602558 0.00602558
-1.59717  0.00609779 0.00609779 0.00609779 0.00609779 0.00609779 0.00609779
-1.59587  0.00617047 0.00617047 0.00617047 0.00617047 0.00617047 0.00617047
-1.59457  0.0062436 0.0062436 0.0062436 0.0062436 0.0062436 0.0062436
-1.59327  0.00631719 0.00631719 0.00631719 0.00631719 0.00631719 0.00631719
-1.59197  0.00639124 0.00639124 0.00639124 0.00639124 0.00639124 0.00639124
-1.59067  0.00646575 0.00646575 0.00646575 0.00646575 0.00646575 0.00646575
-1.58937  0.00654072 0.00654072 0.00654072 0.00654072 0.00654072 0.00654072
-1.58807  0.00661615 0.00661615 0.00661615 0.00661615 0.00661615 0.00661615
-1.58676  0.00669205 0.00669205 0.00669205 0.00669205 0.00669205 0.00669205
-1.58546  0.0067684 0.0067684 0.0067684 0.0067684 0.0067684 0.0067684
-1.58416  0.00684523 0.00684523 0.00684523 0.00684523 0.00684523 0.00684523
-1.58286  0.00692251 0.00692251 0.00692251 0.00692251 0.00692251 0.00692251
-1.58156  0.00700026 0.00700026 0.00700026 0.00700026 0.00700026 0.00700026
-1.58026  0.00707848 0.00707848 0.00707848 0.00707848 0.00707848 0.00707848
-1.57896  0.00715716 0.00715716 0.00715716 0.00715716 0.00715716 0.00715716
-1.57766  0.00723631 0.00723631 0.00723631 0.00723631 0.00723631 0.00723631
-1.57636  0.00731593 0.00731593 0.00731593 0.00731593 0.00731593 0.00731593
-1.57506  0.00739602 0.00739602 0.00739602 0.00739602 0.00739602 0.00739602
-1.57375  0.00747658 0.00747658 0.00747658 0.00747658 0.00747658 0.00747658
-1.57245  0.0075576 0.0075576 0.0075576 0.0075576 0.0075576 0.0075576
-1.57115  0.0076391 0.0076391 0.0076391 0.0076391 0.0076391 0.0076391
-1.56985  0.00772107 0.00772107 0.00772107 0.00772107 0.00772107 0.00772107
-1.56855  0.00780351 0.00780351 0.00780351 0.00780351 0.00780351 0.00780351
-1.56725  0.00788643 0.00788643 0.00788643 0.00788643 0.00788643 0.00788643
-1.56595  0.00796981 0.00796981 0.00796981 0.00796981 0.00796981 0.00796981
-1.56465  0.00805368 0.00805368 0.00805368 0.00805368 0.00805368 0.00805368
-1.56335  0.00813801 0.00813801 0.00813801 0.00813801 0.00813801 0.00813801
-1.56204  0.00822283 0.00822283 0.00822283 0.00822283 0.00822283 0.00822283
-1.56074  0.00830812 0.00830812 0.00830812 0.00830812 0.00830812 0.00830812
-1.55944  0.00839389 0.00839389 0.00839389 0.00839389 0.00839389 0.00839389
-1.55814  0.00848013 0.00848013 0.00848013 0.00848013 0.00848013 0.00848013
-1.55684  0.00856686 0.00856686 0.00856686 0.00856686 0.00856686 0.00856686
-1.55554  0.00865406 0.00865406 0.00865406 0.00865406 0.00865406 0.00865406
-1.55424  0.00874175 0.00874175 0.00874175 0.00874175 0.00874175 0.00874175
-1.55294  0.00882992 0.00882992 0.00882992 0.00882992 0.00882992 0.00882992
-1.55164  0.00891857 0.00891857 0.00891857 0.00891857 0.00891857 0.00891857
-1.55034  0.0090077 0.0090077 0.0090077 0.0090077 0.0090077 0.0090077
-1.54903  0.00909732 0.00909732 0.00909732 0.00909732 0.00909732 0.00909732
-1.54773  0.00918742 0.00918742 0.00918742 0.00918742 0.00918742 0.00918742
-1.54643  0.009278 0.009278 0.009278 0.009278 0.009278 0.009278
-1.54513  0.00936908 0.00936908 0.00936908 0.00936908 0.00936908 0.00936908
-1.54383  0.00946063 0.00946063 0.00946063 0.00946063 0.00946063 0.00946063
-1.54253  0.00955268 0.00955268 0.00955268 0.00955268 0.00955268 0.00955268
-1.54123  0.00964522 0.00964522 0.00964522 0.00964522 0.00964522 0.00964522
-1.53993  0.00973824 0.00973824 0.00973824 0.00973824 0.00973824 0.00973824
-1.53863  0.00983176 0.00983176 0.00983176 0.00983176 0.00983176 0.00983176
-1.53733  0.00992577 0.00992577 0.00992577 0.00992577 0.00992577 0.00992577
-1.53602  0.0100203 0.0100203 0.0100203 0.0100203 0.0100203 0.0100203
-1.53472  0.0101153 0.0101153 0.0101153 0.0101153 0.0101153 0.0101153
-1.53342  0.0102107 0.0102107 0.0102107 0.0102107 0.0102107 0.0102107
-1.53212  0.0103067 0.0103067 0.0103067 0.0103067 0.0103067 0.0103067
-1.53082  0.0104032 0.0104032 0.0104032 0.0104032 0.0104032 0.0104032
-1.52952  0.0105002 0.0105002 0.0105002 0.0105002 0.0105002 0.0105002
-1.52822  0.0105976 0.0105976 0.0105976 0.0105976 0.0105976 0.0105976
-1.52692  0.0106956 0.0106956 0.0106956 0.0106956 0.0106956 0.0106956
-1.52562  0.0107941 0.0107941 0.0107941 0.0107941 0.0107941 0.0107941
-1.52432  0.010893 0.010893 0.010893 0.010893 0.010893 0.010893
-1.52301  0.0109925 0.0109925 0.0109925 0.0109925 0.0109925 0.0109925
-1.52171  0.0110925 0.0110925 0.0110925 0.0110925 0.0110925 0.0110925
-1.52041  0.011193 0.011193 0.011193 0.011193 0.011193 0.011193
-1.51911  0.0112939 0.0112939 0.0112939 0.0112939 0.0112939 0.0112939
-1.51781  0.0113954 0.0113954 0.0113954 0.0113954 0.0113954 0.0113954
-1.51651  0.0114974 0.0114974 0.0114974 0.0114974 0.0114974 0.0114974
-1.51521  0.0115999 0.0115999 0.0115999 0.0115999 0.0115999 0.0115999
-1.51391  0.0117029 0.0117029 0.0117029 0.0117029 0.0117029 0.0117029
-1.51261  0.0118064 0.0118064 0.0118064 0.0118064 0.0118064 0.0118064
-1.5113  0.0119104 0.0119104 0.0119104 0.0119104 0.0119104 0.0119104
-1.51  0.0120149 0.0120149 0.0120149 0.0120149 0.0120149 0.0120149
-1.5087  0.01212 0.01212 0.01212 0.01212 0.01212 0.01212
-1.5074  0.0122255 0.0122255 0.0122255 0.0122255 0.0122255 0.0122255
-1.5061  0.0123316 0.0123316 0.0123316 0.0123316 0.0123316 0.0123316
-1.5048  0.0124381 0.0124381 0.0124381 0.0124381 0.0124381 0.0124381
-1.5035  0.0125452 0.0125452 0.0125452 0.0125452 0.0125452 0.0125452
-1.5022  0.0126528 0.0126528 0.0126528 0.0126528 0.0126528 0.0126528
-1.5009  0.0127609 0.0127609 0.0127609 0.0127609 0.0127609 0.0127609
-1.4996  0.0128696 0.0128696 0.0128696 0.0128696 0.0128696 0.0128696
-1.49829  0.0129787 0.0129787 0.0129787 0.0129787 0.0129787 0.0129787
-1.49699  0.0130884 0.0130884 0.0130884 0.0130884 0.0130884 0.0130884
-1.49569  0.0131986 0.0131986 0.0131986 0.0131986 0.0131986 0.0131986
-1.49439  0.0133093 0.0133093 0.0133093 0.0133093 0.0133093 0.0133093
-1.49309  0.0134206 0.0134206 0.0134206 0.0134206 0.0134206 0.0134206
-1.49179  0.0135323 0.0135323 0.0135323 0.0135323 0.0135323 0.0135323
-1.49049  0.0136446 0.0136446 0.0136446 0.0136446 0.0136446 0.0136446
-1.48919  0.0137574 0.0137574 0.0137574 0.0137574 0.0137574 0.0137574
-1.48789  0.0138708 0.0138708 0.0138708 0.0138708 0.0138708 0.0138708
-1.48659  0.0139846 0.0139846 0.0139846 0.0139846 0.0139846 0.0139846
-1.48528  0.014099 0.014099 0.014099 0.014099 0.014099 0.014099
-1.48398  0.014214 0.014214 0.014214 0.014214 0.014214 0.014214
-1.48268  0.0143294 0.0143294 0.0143294 0.0143294 0.0143294 0.0143294
-1.48138  0.0144454 0.0144454 0.0144454 0.0144454 0.0144454 0.0144454
-1.48008  0.0145619 0.0145619 0.0145619 0.0145619 0.0145619 0.0145619
-1.47878  0.014679 0.014679 0.014679 0.014679 0.014679 0.014679
-1.47748  0.0147966 0.0147966 0.0147966 0.0147966 0.0147966 0.0147966
-1.47618  0.0149147 0.0149147 0.0149147 0.0149147 0.0149147 0.0149147
-1.47488  0.0150333 0.0150333 0.0150333 0.0150333 0.0150333 0.0150333
-1.47357  0.0151525 0.0151525 0.0151525 0.0151525 0.0151525 0.0151525
-1.47227  0.0152723 0.0152723 0.0152723 0.0152723 0.0152723 0.0152723
-1.47097  0.0153925 0.0153925 0.0153925 0.0153925 0.0153925 0.0153925
-1.46967  0.0155134 0.0155134 0.0155134 0.0155134 0.0155134 0.0155134
-1.46837  0.0156347 0.0156347 0.0156347 0.0156347 0.0156347 0.0156347
-1.46707  0.0157566 0.0157566 0.0157566 0.0157566 0.0157566 0.0157566
-1.46577  0.0158791 0.0158791 0.0158791 0.0158791 0.0158791 0.0158791
-1.46447  0.0160021 0.0160021 0.0160021 0.0160021 0.0160021 0.0160021
-1.46317  0.0161256 0.0161256 0.0161256 0.0161256 0.0161256 0.0161256
-1.46187  0.0162497 0.0162497 0.0162497 0.0162497 0.0162497 0.0162497
-1.46056  0.0163743 0.0163743 0.0163743 0.0163743 0.0163743 0.0163743
-1.45926  0.0164995 0.0164995 0.0164995 0.0164995 0.0164995 0.0164995
-1.45796  0.0166253 0.0166253 0.0166253 0.0166253 0.0166253 0.0166253
-1.45666  0.0167515 0.0167515 0.0167515 0.0167515 0.0167515 0.0167515
-1.45536  0.0168784 0.0168784 0.0168784 0.0168784 0.0168784 0.0168784
-1.45406  0.0170058 0.0170058 0.0170058 0.0170058 0.0170058 0.0170058
-1.45276  0.0171337 0.0171337 0.0171337 0.0171337 0.0171337 0.0171337
-1.45146  0.0172623 0.0172623 0.0172623 0.0172623 0.0172623 0.0172623
-1.45016  0.0173913 0.0173913 0.0173913 0.0173913 0.0173913 0.0173913
-1.44886  0.0175209 0.0175209 0.0175209 0.0175209 0.0175209 0.0175209
-1.44755  0.0176511 0.0176511 0.0176511 0.0176511 0.0176511 0.0176511
-1.44625  0.0177819 0.0177819 0.0177819 0.0177819 0.0177819 0.0177819
-1.44495  0.0179132 0.0179132 0.0179132 0.0179132 0.0179132 0.0179132
-1.44365  0.0180451 0.0180451 0.0180451 0.0180451 0.0180451 0.0180451
-1.44235  0.0181775 0.0181775 0.0181775 0.0181775 0.0181775 0.0181775
-1.44105  0.0183105 0.0183105 0.0183105 0.0183105 0.0183105 0.0183105
-1.43975  0.0184441 0.0184441 0.0184441 0.0184441 0.0184441 0.0184441
-1.43845  0.0185782 0.0185782 0.0185782 0.0185782 0.0185782 0.0185782
-1.43715  0.0187129 0.0187129 0.0187129 0.0187129 0.0187129 0.0187129
-1.43585  0.0188482 0.0188482 0.0188482 0.0188482 0.0188482 0.0188482
-1.43454  0.0189841 0.0189841 0.0189841 0.0189841 0.0189841 0.0189841
-1.43324  0.0191205 0.0191205 0.0191205 0.0191205 0.0191205 0.0191205
-1.43194  0.0192575 0.0192575 0.0192575 0.0192575 0.0192575 0.0192575
-1.43064  0.0193951 0.0193951 0.0193951 0.0193951 0.0193951 0.0193951
-1.42934  0.0195332 0.0195332 0.0195332 0.0195332 0.0195332 0.0195332
-1.42804  0.019672 0.019672 0.019672 0.019672 0.019672 0.019672
-1.42674  0.0198113 0.0198113 0.0198113 0.0198113 0.0198113 0.0198113
-1.42544  0.0199512 0.0199512 0.0199512 0.0199512 0.0199512 0.0199512
-1.42414  0.0200916 0.0200916 0.0200916 0.0200916 0.0200916 0.0200916
-1.42283  0.0202327 0.0202327 0.0202327 0.0202327 0.0202327 0.0202327
-1.42153  0.0203743 0.0203743 0.0203743 0.0203743 0.0203743 0.0203743
-1.42023  0.0205166 0.0205166 0.0205166 0.0205166 0.0205166 0.0205166
-1.41893  0.0206594 0.0206594 0.0206594 0.0206594 0.0206594 0.0206594
-1.41763  0.0208028 0.0208028 0.0208028 0.0208028 0.0208028 0.0208028
-1.41633  0.0209468 0.0209468 0.0209468 0.0209468 0.0209468 0.0209468
-1.41503  0.0210914 0.0210914 0.0210914 0.0210914 0.0210914 0.0210914
-1.41373  0.0212366 0.0212366 0.0212366 0.0212366 0.0212366 0.0212366
-1.41243  0.0213823 0.0213823 0.0213823 0.0213823 0.0213823 0.0213823
-1.41113  0.0215287 0.0215287 0.0215287 0.0215287 0.0215287 0.0215287
-1.40982  0.0216757 0.0216757 0.0216757 0.0216757 0.0216757 0.0216757
-1.40852  0.0218232 0.0218232 0.0218232 0.0218232 0.0218232 0.0218232
-1.40722  0.0219714 0.0219714 0.0219714 0.0219714 0.0219714 0.0219714
-1.40592  0.0221201 0.0221201 0.0221201 0.0221201 0.0221201 0.0221201
-1.40462  0.0222695 0.0222695 0.0222695 0.0222695 0.0222695 0.0222695
-1.40332  0.0224194 0.0224194 0.0224194 0.0224194 0.0224194 0.0224194
-1.40202  0.02257 0.02257 0.02257 0.02257 0.02257 0.02257
-1.40072  0.0227212 0.0227212 0.0227212 0.0227212 0.0227212 0.0227212
-1.39942  0.022873 0.022873 0.022873 0.022873 0.022873 0.022873
-1.39812  0.0230254 0.0230254 0.0230254 0.0230254 0.0230254 0.0230254
-1.39681  0.0231783 0.0231783 0.0231783 0.0231783 0.0231783 0.0231783
-1.39551  0.023332 0.023332 0.023332 0.023332 0.023332 0.023332
-1.39421  0.0234862 0.0234862 0.0234862 0.0234862 0.0234862 0.0234862
-1.39291  0.023641 0.023641 0.023641 0.023641 0.023641 0.023641
-1.39161  0.0237965 0.0237965 0.0237965 0.0237965 0.0237965 0.0237965
-1.39031  0.0239525 0.0239525 0.0239525 0.0239525 0.0239525 0.0239525
-1.38901  0.0241092 0.0241092 0.0241092 0.0241092 0.0241092 0.0241092
-1.38771  0.0242665 0.0242665 0.0242665 0.0242665 0.0242665 0.0242665
-1.38641  0.0244244 0.0244244 0.0244244 0.0244244 0.0244244 0.0244244
-1.3851  0.024583 0.024583 0.024583 0.024583 0.024583 0.024583
-1.3838  0.0247422 0.0247422 0.0247422 0.0247422 0.0247422 0.0247422
-1.3825  0.0249019 0.0249019 0.0249019 0.0249019 0.0249019 0.0249019
-1.3812  0.0250624 0.0250624 0.0250624 0.0250624 0.0250624 0.0250624
-1.3799  0.0252234 0.0252234 0.0252234 0.0252234 0.0252234 0.0252234
-1.3786  0.0253851 0.0253851 0.0253851 0.0253851 0.0253851 0.0253851
-1.3773  0.0255474 0.0255474 0.0255474 0.0255474 0.0255474 0.0255474
-1.376  0.0257103 0.0257103 0.0257103 0.0257103 0.0257103 0.0257103
-1.3747  0.0258739 0.0258739 0.0258739 0.0258739 0.0258739 0.0258739
-1.3734  0.0260381 0.0260381 0.0260381 0.0260381 0.0260381 0.0260381
-1.37209  0.026203 0.026203 0.026203 0.026203 0.026203 0.026203
-1.37079  0.0263685 0.0263685 0.0263685 0.0263685 0.0263685 0.0263685
-1.36949  0.0265346 0.0265346 0.0265346 0.0265346 0.0265346 0.0265346
-1.36819  0.0267013 0.0267013 0.0267013 0.0267013 0.0267013 0.0267013
-1.36689  0.0268688 0.0268688 0.0268688 0.0268688 0.0268688 0.0268688
-1.36559  0.0270368 0.0270368 0.0270368 0.0270368 0.0270368 0.0270368
-1.36429  0.0272055 0.0272055 0.0272055 0.0272055 0.0272055 0.0272055
-1.36299  0.0273749 0.0273749 0.0273749 0.0273749 0.0273749 0.0273749
-1.36169  0.0275448 0.0275448 0.0275448 0.0275448 0.0275448 0.0275448
-1.36039  0.0277155 0.0277155 0.0277155 0.0277155 0.0277155 0.0277155
-1.35908  0.0278868 0.0278868 0.0278868 0.0278868 0.0278868 0.0278868
-1.35778  0.0280587 0.0280587 0.0280587 0.0280587 0.0280587 0.0280587
-1.35648  0.0282313 0.0282313 0.0282313 0.0282313 0.0282313 0.0282313
-1.35518  0.0284046 0.0284046 0.0284046 0.0284046 0.0284046 0.0284046
-1.35388  0.0285785 0.0285785 0.0285785 0.0285785 0.0285785 0.0285785
-1.35258  0.0287531 0.0287531 0.0287531 0.0287531 0.0287531 0.0287531
-1.35128  0.0289283 0.0289283 0.0289283 0.0289283 0.0289283 0.0289283
-1.34998  0.0291042 0.0291042 0.0291042 0.0291042 0.0291042 0.0291042
-1.34868  0.0292808 0.0292808 0.0292808 0.0292808 0.0292808 0.0292808
-1.34738  0.029458 0.029458 0.029458 0.029458 0.029458 0.029458
-1.34607  0.0296359 0.0296359 0.0296359 0.0296359 0.0296359 0.0296359
-1.34477  0.0298145 0.0298145 0.0298145 0.0298145 0.0298145 0.0298145
-1.34347  0.0299937 0.0299937 0.0299937 0.0299937 0.0299937 0.0299937
-1.34217  0.0301736 0.0301736 0.0301736 0.0301736 0.0301736 0.0301736
-1.34087  0.0303542 0.0303542 0.0303542 0.0303542 0.0303542 0.0303542
-1.33957  0.0305355 0.0305355 0.0305355 0.0305355 0.0305355 0.0305355
-1.33827  0.0307174 0.0307174 0.0307174 0.0307174 0.0307174 0.0307174
-1.33697  0.0309 0.0309 0.0309 0.0309 0.0309 0.0309
-1.33567  0.0310833 0.0310833 0.0310833 0.0310833 0.0310833 0.0310833
-1.33436  0.0312673 0.0312673 0.0312673 0.0312673 0.0312673 0.0312673
-1.33306  0.031452 0.031452 0.031452 0.031452 0.031452 0.031452
-1.33176  0.0316373 0.0316373 0.0316373 0.0316373 0.0316373 0.0316373
-1.33046  0.0318233 0.0318233 0.0318233 0.0318233 0.0318233 0.0318233
-1.32916  0.0320101 0.0320101 0.0320101 0.0320101 0.0320101 0.0320101
-1.32786  0.0321975 0.0321975 0.0321975 0.0321975 0.0321975 0.0321975
-1.32656  0.0323856 0.0323856 0.0323856 0.0323856 0.0323856 0.0323856
-1.32526  0.0325744 0.0325744 0.0325744 0.0325744 0.0325744 0.0325744
-1.32396  0.0327639 0.0327639 0.0327639 0.0327639 0.0327639 0.0327639
-1.32266  0.032954 0.032954 0.032954 0.032954 0.032954 0.032954
-1.32135  0.0331449 0.0331449 0.0331449 0.0331449 0.0331449 0.0331449
-1.32005  0.0333365 0.0333365 0.0333365 0.0333365 0.0333365 0.0333365
-1.31875  0.0335288 0.0335288 0.0335288 0.0335288 0.0335288 0.0335288
-1.31745  0.0337218 0.0337218 0.0337218 0.0337218 0.0337218 0.0337218
-1.31615  0.0339155 0.0339155 0.0339155 0.0339155 0.0339155 0.0339155
-1.31485  0.0341099 0.0341099 0.0341099 0.0341099 0.0341099 0.0341099
-1.31355  0.034305 0.034305 0.034305 0.034305 0.034305 0.034305
-1.31225  0.0345009 0.0345009 0.0345009 0.0345009 0.0345009 0.0345009
-1.31095  0.0346974 0.0346974 0.0346974 0.0346974 0.0346974 0.0346974
-1.30965  0.0348946 0.0348946 0.0348946 0.0348946 0.0348946 0.0348946
-1.30834  0.0350926 0.0350926 0.0350926 0.0350926 0.0350926 0.0350926
-1.30704  0.0352913 0.0352913 0.0352913 0.0352913 0.0352913 0.0352913
-1.30574  0.0354907 0.0354907 0.0354907 0.0354907 0.0354907 0.0354907
-1.30444  0.0356908 0.0356908 0.0356908 0.0356908 0.0356908 0.0356908
-1.30314  0.0358917 0.0358917 0.0358917 0.0358917 0.0358917 0.0358917
-1.30184  0.0360933 0.0360933 0.0360933 0.0360933 0.0360933 0.0360933
-1.30054  0.0362956 0.0362956 0.0362956 0.0362956 0.0362956 0.0362956
-1.29924  0.0364986 0.0364986 0.0364986 0.0364986 0.0364986 0.0364986
-1.29794  0.0367024 0.0367024 0.0367024 0.0367024 0.0367024 0.0367024
-1.29663  0.0369069 0.0369069 0.0369069 0.0369069 0.0369069 0.0369069
-1.29533  0.0371121 0.0371121 0.0371121 0.0371121 0.0371121 0.0371121
-1.29403  0.0373181 0.0373181 0.0373181 0.0373181 0.0373181 0.0373181
-1.29273  0.0375248 0.0375248 0.0375248 0.0375248 0.0375248 0.0375248
-1.29143  0.0377322 0.0377322 0.0377322 0.0377322 0.0377322 0.0377322
-1.29013  0.0379404 0.0379404 0.0379404 0.0379404 0.0379404 0.0379404
-1.28883  0.0381493 0.0381493 0.0381493 0.0381493 0.0381493 0.0381493
-1.28753  0.038359 0.038359 0.038359 0.038359 0.038359 0.038359
-1.28623  0.0385694 0.0385694 0.0385694 0.0385694 0.0385694 0.0385694
-1.28493  0.0387806 0.0387806 0.0387806 0.0387806 0.0387806 0.0387806
-1.28362  0.0389925 0.0389925 0.0389925 0.0389925 0.0389925 0.0389925
-1.28232  0.0392052 0.0392052 0.0392052 0.0392052 0.0392052 0.0392052
-1.28102  0.0394186 0.0394186 0.0394186 0.0394186 0.0394186 0.0394186
-1.27972  0.0396328 0.0396328 0.0396328 0.0396328 0.0396328 0.0396328
-1.27842  0.0398477 0.0398477 0.0398477 0.0398477 0.0398477 0.0398477
-1.27712  0.0400634 0.0400634 0.0400634 0.0400634 0.0400634 0.0400634
-1.27582  0.0402799 0.0402799 0.0402799 0.0402799 0.0402799 0.0402799
-1.27452  0.0404971 0.0404971 0.0404971 0.0404971 0.0404971 0.0404971
-1.27322  0.0407151 0.0407151 0.0407151 0.0407151 0.0407151 0.0407151
-1.27192  0.0409339 0.0409339 0.0409339 0.0409339 0.0409339 0.0409339
-1.27061  0.0411534 0.0411534 0.0411534 0.0411534 0.0411534 0.0411534
-1.26931  0.0413738 0.0413738 0.0413738 0.0413738 0.0413738 0.0413738
-1.26801  0.0415948 0.0415948 0.0415948 0.0415948 0.0415948 0.0415948
-1.26671  0.0418167 0.0418167 0.0418167 0.0418167 0.0418167 0.0418167
-1.26541  0.0420393 0.0420393 0.0420393 0.0420393 0.0420393 0.0420393
-1.26411  0.0422628 0.0422628 0.0422628 0.0422628 0.0422628 0.0422628
-1.26281  0.042487 0.042487 0.042487 0.042487 0.042487 0.042487
-1.26151  0.0427119 0.0427119 0.0427119 0.0427119 0.0427119 0.0427119
-1.26021  0.0429377 0.0429377 0.0429377 0.0429377 0.0429377 0.0429377
-1.2589  0.0431643 0.0431643 0.0431643 0.0431643 0.0431643 0.0431643
-1.2576  0.0433916 0.0433916 0.0433916 0.0433916 0.0433916 0.0433916
-1.2563  0.0436198 0.0436198 0.0436198 0.0436198 0.0436198 0.0436198
-1.255  0.0438487 0.0438487 0.0438487 0.0438487 0.0438487 0.0438487
-1.2537  0.0440784 0.0440784 0.0440784 0.0440784 0.0440784 0.0440784
-1.2524  0.044309 0.044309 0.044309 0.044309 0.044309 0.044309
-1.2511  0.0445403 0.0445403 0.0445403 0.0445403 0.0445403 0.0445403
-1.2498  0.0447724 0.0447724 0.0447724 0.0447724 0.0447724 0.0447724
-1.2485  0.0450054 0.0450054 0.0450054 0.0450054 0.0450054 0.0450054
-1.2472  0.0452391 0.0452391 0.0452391 0.0452391 0.0452391 0.0452391
-1.24589  0.0454737 0.0454737 0.0454737 0.0454737 0.0454737 0.0454737
-1.24459  0.045709 0.045709 0.045709 0.045709 0.045709 0.045709
-1.24329  0.0459452 0.0459452 0.0459452 0.0459452 0.0459452 0.0459452
-1.24199  0.0461822 0.0461822 0.0461822 0.0461822 0.0461822 0.0461822
-1.24069  0.04642 0.04642 0.04642 0.04642 0.04642 0.04642
-1.23939  0.0466587 0.0466587 0.0466587 0.0466587 0.0466587 0.0466587
-1.23809  0.0468981 0.0468981 0.0468981 0.0468981 0.0468981 0.0468981
-1.23679  0.0471384 0.0471384 0.0471384 0.0471384 0.0471384 0.0471384
-1.23549  0.0473795 0.0473795 0.0473795 0.0473795 0.0473795 0.0473795
-1.23419  0.0476214 0.0476214 0.0476214 0.0476214 0.0476214 0.0476214
-1.23288  0.0478642 0.0478642 0.0478642 0.0478642 0.0478642 0.0478642
-1.23158  0.0481078 0.0481078 0.0481078 0.0481078 0.0481078 0.0481078
-1.23028  0.0483522 0.0483522 0.0483522 0.0483522 0.0483522 0.0483522
-1.22898  0.0485975 0.0485975 0.0485975 0.0485975 0.0485975 0.0485975
-1.22768  0.0488436 0.0488436 0.0488436 0.0488436 0.0488436 0.0488436
-1.22638  0.0490905 0.0490905 0.0490905 0.0490905 0.0490905 0.0490905
-1.22508  0.0493383 0.0493383 0.0493383 0.0493383 0.0493383 0.0493383
-1.22378  0.0495869 0.0495869 0.0495869 0.0495869 0.0495869 0.0495869
-1.22248  0.0498364 0.0498364 0.0498364 0.0498364 0.0498364 0.0498364
-1.22118  0.0500868 0.0500868 0.0500868 0.0500868 0.0500868 0.0500868
-1.21987  0.050338 0.050338 0.050338 0.050338 0.050338 0.050338
-1.21857  0.05059 0.05059 0.05059 0.05059 0.05059 0.05059
-1.21727  0.0508429 0.0508429 0.0508429 0.0508429 0.0508429 0.0508429
-1.21597  0.0510967 0.0510967 0.0510967 0.0510967 0.0510967 0.0510967
-1.21467  0.0513513 0.0513513 0.0513513 0.0513513 0.0513513 0.0513513
-1.21337  0.0516068 0.0516068 0.0516068 0.0516068 0.0516068 0.0516068
-1.21207  0.0518631 0.0518631 0.0518631 0.0518631 0.0518631 0.0518631
-1.21077  0.0521203 0.0521203 0.0521203 0.0521203 0.0521203 0.0521203
-1.20947  0.0523784 0.0523784 0.0523784 0.0523784 0.0523784 0.0523784
-1.20816  0.0526374 0.0526374 0.0526374 0.0526374 0.0526374 0.0526374
-1.20686  0.0528972 0.0528972 0.0528972 0.0528972 0.0528972 0.0528972
-1.20556  0.0531579 0.0531579 0.0531579 0.0531579 0.0531579 0.0531579
-1.20426  0.0534195 0.0534195 0.0534195 0.0534195 0.0534195 0.0534195
-1.20296  0.053682 0.053682 0.053682 0.053682 0.053682 0.053682
-1.20166  0.0539453 0.0539453 0.0539453 0.0539453 0.0539453 0.0539453
-1.20036  0.0542096 0.0542096 0.0542096 0.0542096 0.0542096 0.0542096
-1.19906  0.0544747 0.0544747 0.0544747 0.0544747 0.0544747 0.0544747
-1.19776  0.0547408 0.0547408 0.0547408 0.0547408 0.0547408 0.0547408
-1.19646  0.0550077 0.0550077 0.0550077 0.0550077 0.0550077 0.0550077
-1.19515  0.0552755 0.0552755 0.0552755 0.0552755 0.0552755 0.0552755
-1.19385  0.0555442 0.0555442 0.0555442 0.0555442 0.0555442 0.0555442
-1.19255  0.0558138 0.0558138 0.0558138 0.0558138 0.0558138 0.0558138
-1.19125  0.0560844 0.0560844 0.0560844 0.0560844 0.0560844 0.0560844
-1.18995  0.0563558 0.0563558 0.0563558 0.0563558 0.0563558 0.0563558
-1.18865  0.0566281 0.0566281 0.0566281 0.0566281 0.0566281 0.0566281
-1.18735  0.0569014 0.0569014 0.0569014 0.0569014 0.0569014 0.0569014
-1.18605  0.0571756 0.0571756 0.0571756 0.0571756 0.0571756 0.0571756
-1.18475  0.0574506 0.0574506 0.0574506 0.0574506 0.0574506 0.0574506
-1.18345  0.0577266 0.0577266 0.0577266 0.0577266 0.0577266 0.0577266
-1.18214  0.0580036 0.0580036 0.0580036 0.0580036 0.0580036 0.0580036
-1.18084  0.0582814 0.0582814 0.0582814 0.0582814 0.0582814 0.0582814
-1.17954  0.0585602 0.0585602 0.0585602 0.0585602 0.0585602 0.0585602
-1.17824  0.0588399 0.0588399 0.0588399 0.0588399 0.0588399 0.0588399
-1.17694  0.0591205 0.0591205 0.0591205 0.0591205 0.0591205 0.0591205
-1.17564  0.0594021 0.0594021 0.0594021 0.0594021 0.0594021 0.0594021
-1.17434  0.0596846 0.0596846 0.0596846 0.0596846 0.0596846 0.0596846
-1.17304  0.059968 0.059968 0.059968 0.059968 0.059968 0.059968
-1.17174  0.0602524 0.0602524 0.0602524 0.0602524 0.0602524 0.0602524
-1.17043  0.0605377 0.0605377 0.0605377 0.0605377 0.0605377 0.0605377
-1.16913  0.060824 0.060824 0.060824 0.060824 0.060824 0.060824
-1.16783  0.0611112 0.0611112 0.0611112 0.0611112 0.0611112 0.0611112
-1.16653  0.0613994 0.0613994 0.0613994 0.0613994 0.0613994 0.0613994
-1.16523  0.0616885 0.0616885 0.0616885 0.0616885 0.0616885 0.0616885
-1.16393  0.0619786 0.0619786 0.0619786 0.0619786 0.0619786 0.0619786
-1.16263  0.0622696 0.0622696 0.0622696 0.0622696 0.0622696 0.0622696
-1.16133  0.0625616 0.0625616 0.0625616 0.0625616 0.0625616 0.0625616
-1.16003  0.0628546 0.0628546 0.0628546 0.0628546 0.0628546 0.0628546
-1.15873  0.0631485 0.0631485 0.0631485 0.0631485 0.0631485 0.0631485
-1.15742  0.0634434 0.0634434 0.0634434 0.0634434 0.0634434 0.0634434
-1.15612  0.0637393 0.0637393 0.0637393 0.0637393 0.0637393 0.0637393
-1.15482  0.0640361 0.0640361 0.0640361 0.0640361 0.0640361 0.0640361
-1.15352  0.0643339 0.0643339 0.0643339 0.0643339 0.0643339 0.0643339
-1.15222  0.0646328 0.0646328 0.0646328 0.0646328 0.0646328 0.0646328
-1.15092  0.0649325 0.0649325 0.0649325 0.0649325 0.0649325 0.0649325
-1.14962  0.0652333 0.0652333 0.0652333 0.0652333 0.0652333 0.0652333
-1.14832  0.0655351 0.0655351 0.0655351 0.0655351 0.0655351 0.0655351
-1.14702  0.0658378 0.0658378 0.0658378 0.0658378 0.0658378 0.0658378
-1.14572  0.0661416 0.0661416 0.0661416 0.0661416 0.0661416 0.0661416
-1.14441  0.0664463 0.0664463 0.0664463 0.0664463 0.0664463 0.0664463
-1.14311  0.0667521 0.0667521 0.0667521 0.0667521 0.0667521 0.0667521
-1.14181  0.0670588 0.0670588 0.0670588 0.0670588 0.0670588 0.0670588
-1.14051  0.0673666 0.0673666 0.0673666 0.0673666 0.0673666 0.0673666
-1.13921  0.0676753 0.0676753 0.0676753 0.0676753 0.0676753 0.0676753
-1.13791  0.0679851 0.0679851 0.0679851 0.0679851 0.0679851 0.0679851
-1.13661  0.0682959 0.0682959 0.0682959 0.0682959 0.0682959 0.0682959
-1.13531  0.0686077 0.0686077 0.0686077 0.0686077 0.0686077 0.0686077
-1.13401  0.0689205 0.0689205 0.0689205 0.0689205 0.0689205 0.0689205
-1.13271  0.0692343 0.0692343 0.0692343 0.0692343 0.0692343 0.0692343
-1.1314  0.0695492 0.0695492 0.0695492 0.0695492 0.0695492 0.0695492
-1.1301  0.0698651 0.0698651 0.0698651 0.0698651 0.0698651 0.0698651
-1.1288  0.070182 0.070182 0.070182 0.070182 0.070182 0.070182
-1.1275  0.0705 0.0705 0.0705 0.0705 0.0705 0.0705
-1.1262  0.070819 0.070819 0.070819 0.070819 0.070819 0.070819
-1.1249  0.071139 0.071139 0.071139 0.071139 0.071139 0.071139
-1.1236  0.07146 0.07146 0.07146 0.07146 0.07146 0.07146
-1.1223  0.0717822 0.0717822 0.0717822 0.0717822 0.0717822 0.0717822
-1.121  0.0721053 0.0721053 0.0721053 0.0721053 0.0721053 0.0721053
-1.11969  0.0724295 0.0724295 0.0724295 0.0724295 0.0724295 0.0724295
-1.11839  0.0727548 0.0727548 0.0727548 0.0727548 0.0727548 0.0727548
-1.11709  0.0730811 0.0730811 0.0730811 0.0730811 0.0730811 0.0730811
-1.11579  0.0734085 0.0734085 0.0734085 0.0734085 0.0734085 0.0734085
-1.11449  0.0737369 0.0737369 0.0737369 0.0737369 0.0737369 0.0737369
-1.11319  0.0740664 0.0740664 0.0740664 0.0740664 0.0740664 0.0740664
-1.11189  0.074397 0.074397 0.074397 0.074397 0.074397 0.074397
-1.11059  0.0747286 0.0747286 0.0747286 0.0747286 0.0747286 0.0747286
-1.10929  0.0750614 0.0750614 0.0750614 0.0750614 0.0750614 0.0750614
-1.10799  0.0753952 0.0753952 0.0753952 0.0753952 0.0753952 0.0753952
-1.10668  0.07573 0.07573 0.07573 0.07573 0.07573 0.07573
-1.10538  0.076066 0.076066 0.076066 0.076066 0.076066 0.076066
-1.10408  0.076403 0.076403 0.076403 0.076403 0.076403 0.076403
-1.10278  0.0767411 0.0767411 0.0767411 0.0767411 0.0767411 0.0767411
-1.10148  0.0770804 0.0770804 0.0770804 0.0770804 0.0770804 0.0770804
-1.10018  0.0774207 0.0774207 0.0774207 0.0774207 0.0774207 0.0774207
-1.09888  0.0777621 0.0777621 0.0777621 0.0777621 0.0777621 0.0777621
-1.09758  0.0781046 0.0781046 0.0781046 0.0781046 0.0781046 0.0781046
-1.09628  0.0784482 0.0784482 0.0784482 0.0784482 0.0784482 0.0784482
-1.09498  0.078793 0.078793 0.078793 0.078793 0.078793 0.078793
-1.09367  0.0791388 0.0791388 0.0791388 0.0791388 0.0791388 0.0791388
-1.09237  0.0794857 0.0794857 0.0794857 0.0794857 0.0794857 0.0794857
-1.09107  0.0798338 0.0798338 0.0798338 0.0798338 0.0798338 0.0798338
-1.08977  0.080183 0.080183 0.080183 0.080183 0.080183 0.080183
-1.08847  0.0805333 0.0805333 0.0805333 0.0805333 0.0805333 0.0805333
-1.08717  0.0808847 0.0808847 0.0808847 0.0808847 0.0808847 0.0808847
-1.08587  0.0812373 0.0812373 0.0812373 0.0812373 0.0812373 0.0812373
-1.08457  0.081591 0.081591 0.081591 0.081591 0.081591 0.081591
-1.08327  0.0819458 0.0819458 0.0819458 0.0819458 0.0819458 0.0819458
-1.08196  0.0823018 0.0823018 0.0823018 0.0823018 0.0823018 0.0823018
-1.08066  0.0826589 0.0826589 0.0826589 0.0826589 0.0826589 0.0826589
-1.07936  0.0830171 0.0830171 0.0830171 0.0830171 0.0830171 0.0830171
-1.07806  0.0833765 0.0833765 0.0833765 0.0833765 0.0833765 0.0833765
-1.07676  0.0837371 0.0837371 0.0837371 0.0837371 0.0837371 0.0837371
-1.07546  0.0840988 0.0840988 0.0840988 0.0840988 0.0840988 0.0840988
-1.07416  0.0844617 0.0844617 0.0844617 0.0844617 0.0844617 0.0844617
-1.07286  0.0848257 0.0848257 0.0848257 0.0848257 0.0848257 0.0848257
-1.07156  0.0851909 0.0851909 0.0851909 0.0851909 0.0851909 0.0851909
-1.07026  0.0855572 0.0855572 0.0855572 0.0855572 0.0855572 0.0855572
-1.06895  0.0859248 0.0859248 0.0859248 0.0859248 0.0859248 0.0859248
-1.06765  0.0862935 0.0862935 0.0862935 0.0862935 0.0862935 0.0862935
-1.06635  0.0866633 0.0866633 0.0866633 0.0866633 0.0866633 0.0866633
-1.06505  0.0870344 0.0870344 0.0870344 0.0870344 0.0870344 0.0870344
-1.06375  0.0874066 0.0874066 0.0874066 0.0874066 0.0874066 0.0874066
-1.06245  0.0877801 0.0877801 0.0877801 0.0877801 0.0877801 0.0877801
-1.06115  0.0881547 0.0881547 0.0881547 0.0881547 0.0881547 0.0881547
-1.05985  0.0885305 0.0885305 0.0885305 0.0885305 0.0885305 0.0885305
-1.05855  0.0889075 0.0889075 0.0889075 0.0889075 0.0889075 0.0889075
-1.05725  0.0892857 0.0892857 0.0892857 0.0892857 0.0892857 0.0892857
-1.05594  0.0896652 0.0896652 0.0896652 0.0896652 0.0896652 0.0896652
-1.05464  0.0900458 0.0900458 0.0900458 0.0900458 0.0900458 0.0900458
-1.05334  0.0904276 0.0904276 0.0904276 0.0904276 0.0904276 0.0904276
-1.05204  0.0908107 0.0908107 0.0908107 0.0908107 0.0908107 0.0908107
-1.05074  0.0911949 0.0911949 0.0911949 0.0911949 0.0911949 0.0911949
-1.04944  0.0915804 0.0915804 0.0915804 0.0915804 0.0915804 0.0915804
-1.04814  0.0919672 0.0919672 0.0919672 0.0919672 0.0919672 0.0919672
-1.04684  0.0923551 0.0923551 0.0923551 0.0923551 0.0923551 0.0923551
-1.04554  0.0927443 0.0927443 0.0927443 0.0927443 0.0927443 0.0927443
-1.04424  0.0931347 0.0931347 0.0931347 0.0931347 0.0931347 0.0931347
-1.04293  0.0935263 0.0935263 0.0935263 0.0935263 0.0935263 0.0935263
-1.04163  0.0939192 0.0939192 0.0939192 0.0939192 0.0939192 0.0939192
-1.04033  0.0943134 0.0943134 0.0943134 0.0943134 0.0943134 0.0943134
-1.03903  0.0947088 0.0947088 0.0947088 0.0947088 0.0947088 0.0947088
-1.03773  0.0951054 0.0951054 0.0951054 0.0951054 0.0951054 0.0951054
-1.03643  0.0955033 0.0955033 0.0955033 0.0955033 0.0955033 0.0955033
-1.03513  0.0959025 0.0959025 0.0959025 0.0959025 0.0959025 0.0959025
-1.03383  0.0963029 0.0963029 0.0963029 0.0963029 0.0963029 0.0963029
-1.03253  0.0967046 0.0967046 0.0967046 0.0967046 0.0967046 0.0967046
-1.03122  0.0971075 0.0971075 0.0971075 0.0971075 0.0971075 0.0971075
-1.02992  0.0975118 0.0975118 0.0975118 0.0975118 0.0975118 0.0975118
-1.02862  0.0979173 0.0979173 0.0979173 0.0979173 0.0979173 0.0979173
-1.02732  0.0983241 0.0983241 0.0983241 0.0983241 0.0983241 0.0983241
-1.02602  0.0987321 0.0987321 0.0987321 0.0987321 0.0987321 0.0987321
-1.02472  0.0991415 0.0991415 0.0991415 0.0991415 0.0991415 0.0991415
-1.02342  0.0995522 0.0995522 0.0995522 0.0995522 0.0995522 0.0995522
-1.02212  0.0999641 0.0999641 0.0999641 0.0999641 0.0999641 0.0999641
-1.02082  0.100377 0.100377 0.100377 0.100377 0.100377 0.100377
-1.01952  0.100792 0.100792 0.100792 0.100792 0.100792 0.100792
-1.01821  0.101208 0.101208 0.101208 0.101208 0.101208 0.101208
-1.01691  0.101625 0.101625 0.101625 0.101625 0.101625 0.101625
-1.01561  0.102043 0.102043 0.102043 0.102043 0.102043 0.102043
-1.01431  0.102463 0.102463 0.102463 0.102463 0.102463 0.102463
-1.01301  0.102884 0.102884 0.102884 0.102884 0.102884 0.102884
-1.01171  0.103307 0.103307 0.103307 0.103307 0.103307 0.103307
-1.01041  0.103731 0.103731 0.103731 0.103731 0.103731 0.103731
-1.00911  0.104156 0.104156 0.104156 0.104156 0.104156 0.104156
-1.00781  0.104582 0.104582 0.104582 0.104582 0.104582 0.104582
-1.00651  0.10501 0.10501 0.10501 0.10501 0.10501 0.10501
-1.0052  0.105439 0.105439 0.105439 0.105439 0.105439 0.105439
-1.0039  0.10587 0.10587 0.10587 0.10587 0.10587 0.10587
-1.0026  0.106302 0.106302 0.106302 0.106302 0.106302 0.106302
-1.0013  0.106735 0.106735 0.106735 0.106735 0.106735 0.106735
-1  0.107169 0.107169 0.107169 0.107169 0.107169 0.107169
