# # nu-e elastic cross section (10^-38 cm^2/GeV) #   From Marciano et al doi.org/10.1088/0954-3899/29/11/013 #
# log(energy in GeV)  nu_e      nu_mu      nu_tau      nu_e_bar      nu_mu_bar    nu_tau_bar #

-3.301030  5.598528e-04  1.394786e-04  1.381976e-04  2.848198e-04  1.277858e-04  1.288021e-04
-3.298428  5.611881e-04  1.396161e-04  1.383339e-04  2.851989e-04  1.278818e-04  1.288989e-04
-3.295826  5.625217e-04  1.397528e-04  1.384693e-04  2.855771e-04  1.279771e-04  1.289949e-04
-3.293224  5.638536e-04  1.398888e-04  1.386040e-04  2.859545e-04  1.280716e-04  1.290902e-04
-3.290622  5.651836e-04  1.400240e-04  1.387380e-04  2.863311e-04  1.281654e-04  1.291848e-04
-3.288020  5.665119e-04  1.401584e-04  1.388711e-04  2.867069e-04  1.282585e-04  1.292786e-04
-3.285418  5.678383e-04  1.402920e-04  1.390035e-04  2.870819e-04  1.283509e-04  1.293717e-04
-3.282816  5.691629e-04  1.404249e-04  1.391352e-04  2.874560e-04  1.284425e-04  1.294641e-04
-3.280214  5.704857e-04  1.405570e-04  1.392661e-04  2.878293e-04  1.285334e-04  1.295557e-04
-3.277611  5.718065e-04  1.406883e-04  1.393962e-04  2.882018e-04  1.286236e-04  1.296466e-04
-3.275009  5.731255e-04  1.408189e-04  1.395256e-04  2.885735e-04  1.287130e-04  1.297368e-04
-3.272407  5.744425e-04  1.409487e-04  1.396542e-04  2.889444e-04  1.288018e-04  1.298262e-04
-3.269805  5.757576e-04  1.410777e-04  1.397820e-04  2.893144e-04  1.288898e-04  1.299149e-04
-3.267203  5.770707e-04  1.412060e-04  1.399092e-04  2.896836e-04  1.289771e-04  1.300030e-04
-3.264601  5.783818e-04  1.413335e-04  1.400355e-04  2.900520e-04  1.290638e-04  1.300903e-04
-3.261999  5.796910e-04  1.414603e-04  1.401611e-04  2.904196e-04  1.291497e-04  1.301769e-04
-3.259397  5.809981e-04  1.415864e-04  1.402860e-04  2.907863e-04  1.292349e-04  1.302628e-04
-3.256795  5.823031e-04  1.417116e-04  1.404101e-04  2.911522e-04  1.293194e-04  1.303480e-04
-3.254193  5.836061e-04  1.418362e-04  1.405335e-04  2.915174e-04  1.294032e-04  1.304324e-04
-3.251591  5.849071e-04  1.419600e-04  1.406562e-04  2.918816e-04  1.294864e-04  1.305162e-04
-3.248989  5.862059e-04  1.420830e-04  1.407781e-04  2.922451e-04  1.295688e-04  1.305993e-04
-3.246387  5.875026e-04  1.422053e-04  1.408993e-04  2.926077e-04  1.296506e-04  1.306818e-04
-3.243785  5.887972e-04  1.423269e-04  1.410198e-04  2.929696e-04  1.297316e-04  1.307635e-04
-3.241183  5.900896e-04  1.424478e-04  1.411395e-04  2.933306e-04  1.298120e-04  1.308445e-04
-3.238581  5.913799e-04  1.425679e-04  1.412585e-04  2.936908e-04  1.298918e-04  1.309249e-04
-3.235978  5.926679e-04  1.426872e-04  1.413768e-04  2.940501e-04  1.299708e-04  1.310046e-04
-3.233376  5.939538e-04  1.428059e-04  1.414943e-04  2.944087e-04  1.300492e-04  1.310836e-04
-3.230774  5.952374e-04  1.429238e-04  1.416112e-04  2.947664e-04  1.301269e-04  1.311619e-04
-3.228172  5.965188e-04  1.430410e-04  1.417273e-04  2.951233e-04  1.302040e-04  1.312396e-04
-3.225570  5.977979e-04  1.431575e-04  1.418427e-04  2.954794e-04  1.302804e-04  1.313166e-04
-3.222968  5.990747e-04  1.432732e-04  1.419574e-04  2.958346e-04  1.303561e-04  1.313929e-04
-3.220366  6.003492e-04  1.433883e-04  1.420714e-04  2.961890e-04  1.304312e-04  1.314686e-04
-3.217764  6.016214e-04  1.435026e-04  1.421846e-04  2.965427e-04  1.305056e-04  1.315436e-04
-3.215162  6.028913e-04  1.436162e-04  1.422972e-04  2.968955e-04  1.305794e-04  1.316180e-04
-3.212560  6.041589e-04  1.437291e-04  1.424091e-04  2.972474e-04  1.306525e-04  1.316917e-04
-3.209958  6.054240e-04  1.438413e-04  1.425202e-04  2.975986e-04  1.307250e-04  1.317648e-04
-3.207356  6.066868e-04  1.439528e-04  1.426307e-04  2.979489e-04  1.307969e-04  1.318372e-04
-3.204754  6.079472e-04  1.440636e-04  1.427405e-04  2.982984e-04  1.308681e-04  1.319090e-04
-3.202152  6.092052e-04  1.441737e-04  1.428496e-04  2.986471e-04  1.309387e-04  1.319801e-04
-3.199550  6.104607e-04  1.442831e-04  1.429579e-04  2.989950e-04  1.310087e-04  1.320507e-04
-3.196948  6.117138e-04  1.443918e-04  1.430656e-04  2.993420e-04  1.310780e-04  1.321205e-04
-3.194346  6.129645e-04  1.444998e-04  1.431727e-04  2.996882e-04  1.311467e-04  1.321898e-04
-3.191743  6.142126e-04  1.446071e-04  1.432790e-04  3.000336e-04  1.312148e-04  1.322585e-04
-3.189141  6.154583e-04  1.447137e-04  1.433847e-04  3.003782e-04  1.312823e-04  1.323265e-04
-3.186539  6.167015e-04  1.448197e-04  1.434896e-04  3.007220e-04  1.313492e-04  1.323939e-04
-3.183937  6.179421e-04  1.449250e-04  1.435939e-04  3.010649e-04  1.314155e-04  1.324607e-04
-3.181335  6.191802e-04  1.450295e-04  1.436976e-04  3.014070e-04  1.314811e-04  1.325269e-04
-3.178733  6.204157e-04  1.451335e-04  1.438005e-04  3.017483e-04  1.315462e-04  1.325925e-04
-3.176131  6.216487e-04  1.452367e-04  1.439028e-04  3.020888e-04  1.316107e-04  1.326574e-04
-3.173529  6.228790e-04  1.453393e-04  1.440045e-04  3.024284e-04  1.316745e-04  1.327218e-04
-3.170927  6.241068e-04  1.454412e-04  1.441054e-04  3.027673e-04  1.317378e-04  1.327856e-04
-3.168325  6.253320e-04  1.455424e-04  1.442057e-04  3.031053e-04  1.318005e-04  1.328488e-04
-3.165723  6.265545e-04  1.456430e-04  1.443054e-04  3.034424e-04  1.318626e-04  1.329114e-04
-3.163121  6.277744e-04  1.457429e-04  1.444044e-04  3.037788e-04  1.319241e-04  1.329734e-04
-3.160519  6.289917e-04  1.458422e-04  1.445028e-04  3.041143e-04  1.319851e-04  1.330348e-04
-3.157917  6.302062e-04  1.459408e-04  1.446005e-04  3.044490e-04  1.320454e-04  1.330957e-04
-3.155315  6.314181e-04  1.460388e-04  1.446975e-04  3.047829e-04  1.321052e-04  1.331559e-04
-3.152713  6.326273e-04  1.461361e-04  1.447939e-04  3.051160e-04  1.321645e-04  1.332156e-04
-3.150111  6.338338e-04  1.462328e-04  1.448897e-04  3.054482e-04  1.322231e-04  1.332748e-04
-3.147508  6.350376e-04  1.463288e-04  1.449849e-04  3.057796e-04  1.322812e-04  1.333333e-04
-3.144906  6.362386e-04  1.464242e-04  1.450794e-04  3.061102e-04  1.323388e-04  1.333914e-04
-3.142304  6.374369e-04  1.465189e-04  1.451733e-04  3.064400e-04  1.323958e-04  1.334488e-04
-3.139702  6.386324e-04  1.466130e-04  1.452665e-04  3.067689e-04  1.324522e-04  1.335057e-04
-3.137100  6.398251e-04  1.467065e-04  1.453591e-04  3.070970e-04  1.325081e-04  1.335620e-04
-3.134498  6.410151e-04  1.467994e-04  1.454511e-04  3.074243e-04  1.325635e-04  1.336178e-04
-3.131896  6.422023e-04  1.468916e-04  1.455425e-04  3.077508e-04  1.326183e-04  1.336731e-04
-3.129294  6.433866e-04  1.469832e-04  1.456333e-04  3.080764e-04  1.326726e-04  1.337278e-04
-3.126692  6.445681e-04  1.470742e-04  1.457234e-04  3.084012e-04  1.327263e-04  1.337819e-04
-3.124090  6.457468e-04  1.471646e-04  1.458130e-04  3.087252e-04  1.327795e-04  1.338356e-04
-3.121488  6.469227e-04  1.472543e-04  1.459019e-04  3.090484e-04  1.328322e-04  1.338887e-04
-3.118886  6.480957e-04  1.473435e-04  1.459902e-04  3.093707e-04  1.328843e-04  1.339412e-04
-3.116284  6.492658e-04  1.474320e-04  1.460780e-04  3.096922e-04  1.329360e-04  1.339933e-04
-3.113682  6.504331e-04  1.475199e-04  1.461651e-04  3.100129e-04  1.329871e-04  1.340448e-04
-3.111080  6.515975e-04  1.476073e-04  1.462516e-04  3.103327e-04  1.330377e-04  1.340958e-04
-3.108478  6.527589e-04  1.476940e-04  1.463375e-04  3.106518e-04  1.330878e-04  1.341463e-04
-3.105875  6.539175e-04  1.477801e-04  1.464229e-04  3.109700e-04  1.331374e-04  1.341963e-04
-3.103273  6.550732e-04  1.478657e-04  1.465076e-04  3.112873e-04  1.331865e-04  1.342458e-04
-3.100671  6.562259e-04  1.479506e-04  1.465918e-04  3.116039e-04  1.332350e-04  1.342947e-04
-3.098069  6.573756e-04  1.480350e-04  1.466754e-04  3.119196e-04  1.332831e-04  1.343432e-04
-3.095467  6.585225e-04  1.481187e-04  1.467584e-04  3.122345e-04  1.333307e-04  1.343912e-04
-3.092865  6.596663e-04  1.482019e-04  1.468408e-04  3.125485e-04  1.333778e-04  1.344387e-04
-3.090263  6.608072e-04  1.482845e-04  1.469227e-04  3.128618e-04  1.334244e-04  1.344856e-04
-3.087661  6.619451e-04  1.483666e-04  1.470040e-04  3.131742e-04  1.334706e-04  1.345321e-04
-3.085059  6.630801e-04  1.484481e-04  1.470847e-04  3.134857e-04  1.335162e-04  1.345781e-04
-3.082457  6.642120e-04  1.485289e-04  1.471648e-04  3.137965e-04  1.335614e-04  1.346237e-04
-3.079855  6.653409e-04  1.486093e-04  1.472444e-04  3.141064e-04  1.336061e-04  1.346687e-04
-3.077253  6.664669e-04  1.486890e-04  1.473234e-04  3.144155e-04  1.336503e-04  1.347133e-04
-3.074651  6.675897e-04  1.487682e-04  1.474019e-04  3.147237e-04  1.336941e-04  1.347574e-04
-3.072049  6.687096e-04  1.488469e-04  1.474798e-04  3.150311e-04  1.337374e-04  1.348011e-04
-3.069447  6.698264e-04  1.489250e-04  1.475572e-04  3.153377e-04  1.337802e-04  1.348442e-04
-3.066845  6.709402e-04  1.490025e-04  1.476340e-04  3.156435e-04  1.338226e-04  1.348870e-04
-3.064243  6.720509e-04  1.490795e-04  1.477103e-04  3.159484e-04  1.338645e-04  1.349292e-04
-3.061640  6.731586e-04  1.491559e-04  1.477860e-04  3.162525e-04  1.339060e-04  1.349710e-04
-3.059038  6.742632e-04  1.492318e-04  1.478612e-04  3.165558e-04  1.339470e-04  1.350124e-04
-3.056436  6.753647e-04  1.493071e-04  1.479359e-04  3.168582e-04  1.339876e-04  1.350533e-04
-3.053834  6.764631e-04  1.493820e-04  1.480100e-04  3.171598e-04  1.340277e-04  1.350937e-04
-3.051232  6.775584e-04  1.494562e-04  1.480836e-04  3.174606e-04  1.340674e-04  1.351338e-04
-3.048630  6.786506e-04  1.495300e-04  1.481567e-04  3.177605e-04  1.341067e-04  1.351733e-04
-3.046028  6.797398e-04  1.496032e-04  1.482292e-04  3.180596e-04  1.341455e-04  1.352125e-04
-3.043426  6.808258e-04  1.496759e-04  1.483012e-04  3.183579e-04  1.341840e-04  1.352512e-04
-3.040824  6.819086e-04  1.497480e-04  1.483727e-04  3.186554e-04  1.342219e-04  1.352895e-04
-3.038222  6.829884e-04  1.498197e-04  1.484437e-04  3.189520e-04  1.342595e-04  1.353273e-04
-3.035620  6.840650e-04  1.498908e-04  1.485142e-04  3.192478e-04  1.342966e-04  1.353648e-04
-3.033018  6.851385e-04  1.499614e-04  1.485841e-04  3.195427e-04  1.343334e-04  1.354018e-04
-3.030416  6.862088e-04  1.500315e-04  1.486536e-04  3.198368e-04  1.343697e-04  1.354384e-04
-3.027814  6.872760e-04  1.501011e-04  1.487225e-04  3.201301e-04  1.344056e-04  1.354746e-04
-3.025212  6.883401e-04  1.501702e-04  1.487910e-04  3.204225e-04  1.344411e-04  1.355104e-04
-3.022610  6.894009e-04  1.502387e-04  1.488589e-04  3.207142e-04  1.344762e-04  1.355457e-04
-3.020008  6.904586e-04  1.503068e-04  1.489264e-04  3.210049e-04  1.345109e-04  1.355807e-04
-3.017405  6.915132e-04  1.503744e-04  1.489933e-04  3.212949e-04  1.345452e-04  1.356153e-04
-3.014803  6.925645e-04  1.504415e-04  1.490598e-04  3.215840e-04  1.345791e-04  1.356495e-04
-3.012201  6.936127e-04  1.505081e-04  1.491258e-04  3.218723e-04  1.346126e-04  1.356832e-04
-3.009599  6.946577e-04  1.505742e-04  1.491913e-04  3.221597e-04  1.346457e-04  1.357166e-04
-3.006997  6.956995e-04  1.506398e-04  1.492563e-04  3.224463e-04  1.346785e-04  1.357496e-04
-3.004395  6.967380e-04  1.507049e-04  1.493208e-04  3.227321e-04  1.347108e-04  1.357823e-04
-3.001793  6.977734e-04  1.507696e-04  1.493849e-04  3.230170e-04  1.347428e-04  1.358145e-04
-2.999191  6.988056e-04  1.508338e-04  1.494485e-04  3.233011e-04  1.347744e-04  1.358464e-04
-2.996589  6.998346e-04  1.508975e-04  1.495116e-04  3.235844e-04  1.348057e-04  1.358778e-04
-2.993987  7.008604e-04  1.509607e-04  1.495742e-04  3.238668e-04  1.348365e-04  1.359089e-04
-2.991385  7.018829e-04  1.510234e-04  1.496364e-04  3.241485e-04  1.348670e-04  1.359397e-04
-2.988783  7.029022e-04  1.510857e-04  1.496981e-04  3.244292e-04  1.348972e-04  1.359701e-04
-2.986181  7.039183e-04  1.511476e-04  1.497594e-04  3.247092e-04  1.349269e-04  1.360001e-04
-2.983579  7.049312e-04  1.512089e-04  1.498202e-04  3.249883e-04  1.349563e-04  1.360297e-04
-2.980977  7.059408e-04  1.512698e-04  1.498805e-04  3.252665e-04  1.349854e-04  1.360590e-04
-2.978375  7.069472e-04  1.513303e-04  1.499404e-04  3.255439e-04  1.350141e-04  1.360880e-04
-2.975772  7.079504e-04  1.513903e-04  1.499999e-04  3.258205e-04  1.350425e-04  1.361166e-04
-2.973170  7.089503e-04  1.514498e-04  1.500589e-04  3.260963e-04  1.350705e-04  1.361448e-04
-2.970568  7.099470e-04  1.515089e-04  1.501174e-04  3.263712e-04  1.350982e-04  1.361727e-04
-2.967966  7.109405e-04  1.515676e-04  1.501756e-04  3.266453e-04  1.351255e-04  1.362002e-04
-2.965364  7.119307e-04  1.516258e-04  1.502332e-04  3.269186e-04  1.351525e-04  1.362274e-04
-2.962762  7.129176e-04  1.516836e-04  1.502905e-04  3.271910e-04  1.351792e-04  1.362543e-04
-2.960160  7.139013e-04  1.517409e-04  1.503473e-04  3.274626e-04  1.352055e-04  1.362809e-04
-2.957558  7.148817e-04  1.517978e-04  1.504037e-04  3.277333e-04  1.352315e-04  1.363071e-04
-2.954956  7.158589e-04  1.518543e-04  1.504597e-04  3.280032e-04  1.352572e-04  1.363330e-04
-2.952354  7.168328e-04  1.519104e-04  1.505152e-04  3.282723e-04  1.352825e-04  1.363585e-04
-2.949752  7.178035e-04  1.519660e-04  1.505703e-04  3.285406e-04  1.353076e-04  1.363837e-04
-2.947150  7.187709e-04  1.520212e-04  1.506250e-04  3.288080e-04  1.353323e-04  1.364086e-04
-2.944548  7.197351e-04  1.520760e-04  1.506793e-04  3.290746e-04  1.353567e-04  1.364332e-04
-2.941946  7.206959e-04  1.521303e-04  1.507331e-04  3.293403e-04  1.353808e-04  1.364575e-04
-2.939344  7.216536e-04  1.521843e-04  1.507866e-04  3.296052e-04  1.354045e-04  1.364815e-04
-2.936742  7.226079e-04  1.522378e-04  1.508396e-04  3.298693e-04  1.354280e-04  1.365051e-04
-2.934140  7.235590e-04  1.522909e-04  1.508923e-04  3.301325e-04  1.354512e-04  1.365285e-04
-2.931537  7.245068e-04  1.523437e-04  1.509445e-04  3.303949e-04  1.354741e-04  1.365516e-04
-2.928935  7.254514e-04  1.523960e-04  1.509964e-04  3.306565e-04  1.354966e-04  1.365743e-04
-2.926333  7.263926e-04  1.524479e-04  1.510478e-04  3.309173e-04  1.355189e-04  1.365967e-04
-2.923731  7.273307e-04  1.524994e-04  1.510988e-04  3.311772e-04  1.355409e-04  1.366189e-04
-2.921129  7.282654e-04  1.525505e-04  1.511495e-04  3.314362e-04  1.355626e-04  1.366408e-04
-2.918527  7.291969e-04  1.526013e-04  1.511997e-04  3.316945e-04  1.355840e-04  1.366623e-04
-2.915925  7.301251e-04  1.526516e-04  1.512496e-04  3.319519e-04  1.356051e-04  1.366836e-04
-2.913323  7.310500e-04  1.527015e-04  1.512991e-04  3.322085e-04  1.356259e-04  1.367046e-04
-2.910721  7.319717e-04  1.527511e-04  1.513482e-04  3.324642e-04  1.356465e-04  1.367253e-04
-2.908119  7.328901e-04  1.528003e-04  1.513969e-04  3.327191e-04  1.356667e-04  1.367458e-04
-2.905517  7.338052e-04  1.528491e-04  1.514453e-04  3.329732e-04  1.356867e-04  1.367659e-04
-2.902915  7.347171e-04  1.528975e-04  1.514933e-04  3.332265e-04  1.357065e-04  1.367858e-04
-2.900313  7.356257e-04  1.529455e-04  1.515409e-04  3.334789e-04  1.357259e-04  1.368054e-04
-2.897711  7.365311e-04  1.529932e-04  1.515881e-04  3.337305e-04  1.357451e-04  1.368248e-04
-2.895109  7.374331e-04  1.530405e-04  1.516350e-04  3.339813e-04  1.357640e-04  1.368438e-04
-2.892507  7.383319e-04  1.530875e-04  1.516815e-04  3.342312e-04  1.357827e-04  1.368626e-04
-2.889905  7.392275e-04  1.531340e-04  1.517276e-04  3.344803e-04  1.358011e-04  1.368812e-04
-2.887302  7.401198e-04  1.531802e-04  1.517734e-04  3.347286e-04  1.358192e-04  1.368995e-04
-2.884700  7.410088e-04  1.532261e-04  1.518188e-04  3.349760e-04  1.358371e-04  1.369175e-04
-2.882098  7.418946e-04  1.532715e-04  1.518639e-04  3.352226e-04  1.358547e-04  1.369353e-04
-2.879496  7.427771e-04  1.533167e-04  1.519086e-04  3.354684e-04  1.358721e-04  1.369528e-04
-2.876894  7.436563e-04  1.533614e-04  1.519530e-04  3.357134e-04  1.358893e-04  1.369701e-04
-2.874292  7.445324e-04  1.534059e-04  1.519970e-04  3.359575e-04  1.359061e-04  1.369871e-04
-2.871690  7.454051e-04  1.534499e-04  1.520406e-04  3.362008e-04  1.359228e-04  1.370039e-04
-2.869088  7.462746e-04  1.534937e-04  1.520840e-04  3.364433e-04  1.359392e-04  1.370204e-04
-2.866486  7.471409e-04  1.535371e-04  1.521270e-04  3.366850e-04  1.359554e-04  1.370367e-04
-2.863884  7.480039e-04  1.535801e-04  1.521696e-04  3.369258e-04  1.359713e-04  1.370527e-04
-2.861282  7.488637e-04  1.536228e-04  1.522119e-04  3.371658e-04  1.359870e-04  1.370686e-04
-2.858680  7.497202e-04  1.536652e-04  1.522539e-04  3.374050e-04  1.360024e-04  1.370841e-04
-2.856078  7.505735e-04  1.537072e-04  1.522955e-04  3.376434e-04  1.360177e-04  1.370995e-04
-2.853476  7.514236e-04  1.537489e-04  1.523368e-04  3.378809e-04  1.360327e-04  1.371146e-04
-2.850874  7.522704e-04  1.537903e-04  1.523778e-04  3.381176e-04  1.360475e-04  1.371295e-04
-2.848272  7.531140e-04  1.538313e-04  1.524185e-04  3.383535e-04  1.360620e-04  1.371442e-04
-2.845669  7.539544e-04  1.538720e-04  1.524588e-04  3.385886e-04  1.360764e-04  1.371586e-04
-2.843067  7.547915e-04  1.539124e-04  1.524989e-04  3.388228e-04  1.360905e-04  1.371729e-04
-2.840465  7.556254e-04  1.539525e-04  1.525386e-04  3.390563e-04  1.361044e-04  1.371869e-04
-2.837863  7.564561e-04  1.539923e-04  1.525780e-04  3.392889e-04  1.361181e-04  1.372007e-04
-2.835261  7.572836e-04  1.540317e-04  1.526170e-04  3.395207e-04  1.361315e-04  1.372143e-04
-2.832659  7.581079e-04  1.540708e-04  1.526558e-04  3.397516e-04  1.361448e-04  1.372276e-04
-2.830057  7.589290e-04  1.541096e-04  1.526943e-04  3.399818e-04  1.361578e-04  1.372408e-04
-2.827455  7.597469e-04  1.541481e-04  1.527324e-04  3.402111e-04  1.361707e-04  1.372537e-04
-2.824853  7.605616e-04  1.541863e-04  1.527703e-04  3.404397e-04  1.361833e-04  1.372665e-04
-2.822251  7.613730e-04  1.542242e-04  1.528078e-04  3.406674e-04  1.361958e-04  1.372790e-04
-2.819649  7.621813e-04  1.542618e-04  1.528450e-04  3.408942e-04  1.362080e-04  1.372914e-04
-2.817047  7.629864e-04  1.542991e-04  1.528820e-04  3.411203e-04  1.362201e-04  1.373035e-04
-2.814445  7.637884e-04  1.543361e-04  1.529186e-04  3.413456e-04  1.362319e-04  1.373155e-04
-2.811843  7.645871e-04  1.543728e-04  1.529550e-04  3.415700e-04  1.362436e-04  1.373272e-04
-2.809241  7.653827e-04  1.544092e-04  1.529911e-04  3.417937e-04  1.362550e-04  1.373388e-04
-2.806639  7.661750e-04  1.544453e-04  1.530268e-04  3.420165e-04  1.362663e-04  1.373501e-04
-2.804037  7.669643e-04  1.544811e-04  1.530623e-04  3.422385e-04  1.362774e-04  1.373613e-04
-2.801434  7.677503e-04  1.545166e-04  1.530975e-04  3.424597e-04  1.362883e-04  1.373723e-04
-2.798832  7.685332e-04  1.545519e-04  1.531324e-04  3.426801e-04  1.362990e-04  1.373831e-04
-2.796230  7.693130e-04  1.545868e-04  1.531671e-04  3.428997e-04  1.363096e-04  1.373937e-04
-2.793628  7.700896e-04  1.546215e-04  1.532014e-04  3.431185e-04  1.363199e-04  1.374041e-04
-2.791026  7.708630e-04  1.546559e-04  1.532355e-04  3.433365e-04  1.363301e-04  1.374144e-04
-2.788424  7.716333e-04  1.546900e-04  1.532693e-04  3.435536e-04  1.363401e-04  1.374245e-04
-2.785822  7.724005e-04  1.547239e-04  1.533029e-04  3.437700e-04  1.363499e-04  1.374344e-04
-2.783220  7.731646e-04  1.547574e-04  1.533361e-04  3.439856e-04  1.363596e-04  1.374441e-04
-2.780618  7.739255e-04  1.547907e-04  1.533691e-04  3.442003e-04  1.363691e-04  1.374537e-04
-2.778016  7.746833e-04  1.548238e-04  1.534018e-04  3.444143e-04  1.363784e-04  1.374631e-04
-2.775414  7.754380e-04  1.548565e-04  1.534343e-04  3.446275e-04  1.363875e-04  1.374723e-04
-2.772812  7.761896e-04  1.548890e-04  1.534665e-04  3.448398e-04  1.363965e-04  1.374813e-04
-2.770210  7.769380e-04  1.549212e-04  1.534984e-04  3.450514e-04  1.364053e-04  1.374902e-04
-2.767608  7.776834e-04  1.549532e-04  1.535301e-04  3.452621e-04  1.364140e-04  1.374990e-04
-2.765006  7.784257e-04  1.549849e-04  1.535615e-04  3.454721e-04  1.364225e-04  1.375075e-04
-2.762404  7.791649e-04  1.550164e-04  1.535927e-04  3.456813e-04  1.364308e-04  1.375159e-04
-2.759802  7.799010e-04  1.550476e-04  1.536236e-04  3.458896e-04  1.364390e-04  1.375242e-04
-2.757199  7.806341e-04  1.550785e-04  1.536542e-04  3.460972e-04  1.364470e-04  1.375323e-04
-2.754597  7.813640e-04  1.551092e-04  1.536847e-04  3.463040e-04  1.364549e-04  1.375402e-04
-2.751995  7.820909e-04  1.551396e-04  1.537148e-04  3.465100e-04  1.364626e-04  1.375480e-04
-2.749393  7.828148e-04  1.551698e-04  1.537447e-04  3.467152e-04  1.364702e-04  1.375556e-04
-2.746791  7.835355e-04  1.551998e-04  1.537744e-04  3.469196e-04  1.364776e-04  1.375631e-04
-2.744189  7.842533e-04  1.552295e-04  1.538038e-04  3.471232e-04  1.364849e-04  1.375704e-04
-2.741587  7.849680e-04  1.552589e-04  1.538330e-04  3.473261e-04  1.364920e-04  1.375776e-04
-2.738985  7.856797e-04  1.552881e-04  1.538620e-04  3.475281e-04  1.364990e-04  1.375847e-04
-2.736383  7.863883e-04  1.553171e-04  1.538907e-04  3.477294e-04  1.365059e-04  1.375916e-04
-2.733781  7.870939e-04  1.553459e-04  1.539191e-04  3.479299e-04  1.365126e-04  1.375983e-04
-2.731179  7.877965e-04  1.553744e-04  1.539474e-04  3.481296e-04  1.365191e-04  1.376050e-04
-2.728577  7.884961e-04  1.554026e-04  1.539754e-04  3.483285e-04  1.365256e-04  1.376114e-04
-2.725975  7.891927e-04  1.554307e-04  1.540032e-04  3.485266e-04  1.365319e-04  1.376178e-04
-2.723373  7.898862e-04  1.554585e-04  1.540307e-04  3.487240e-04  1.365380e-04  1.376240e-04
-2.720771  7.905768e-04  1.554861e-04  1.540580e-04  3.489206e-04  1.365441e-04  1.376301e-04
-2.718169  7.912644e-04  1.555134e-04  1.540851e-04  3.491164e-04  1.365500e-04  1.376360e-04
-2.715566  7.919491e-04  1.555405e-04  1.541120e-04  3.493114e-04  1.365557e-04  1.376418e-04
-2.712964  7.926307e-04  1.555674e-04  1.541387e-04  3.495057e-04  1.365614e-04  1.376475e-04
-2.710362  7.933094e-04  1.555941e-04  1.541651e-04  3.496992e-04  1.365669e-04  1.376531e-04
-2.707760  7.939851e-04  1.556206e-04  1.541913e-04  3.498919e-04  1.365723e-04  1.376585e-04
-2.705158  7.946579e-04  1.556468e-04  1.542173e-04  3.500838e-04  1.365776e-04  1.376638e-04
-2.702556  7.953278e-04  1.556728e-04  1.542431e-04  3.502750e-04  1.365827e-04  1.376690e-04
-2.699954  7.959947e-04  1.556987e-04  1.542687e-04  3.504654e-04  1.365877e-04  1.376741e-04
-2.697352  7.966586e-04  1.557243e-04  1.542941e-04  3.506550e-04  1.365926e-04  1.376790e-04
-2.694750  7.973197e-04  1.557496e-04  1.543192e-04  3.508439e-04  1.365974e-04  1.376839e-04
-2.692148  7.979778e-04  1.557748e-04  1.543442e-04  3.510320e-04  1.366021e-04  1.376886e-04
-2.689546  7.986330e-04  1.557998e-04  1.543689e-04  3.512193e-04  1.366067e-04  1.376932e-04
-2.686944  7.992853e-04  1.558245e-04  1.543934e-04  3.514059e-04  1.366111e-04  1.376976e-04
-2.684342  7.999348e-04  1.558491e-04  1.544178e-04  3.515917e-04  1.366154e-04  1.377020e-04
-2.681740  8.005813e-04  1.558735e-04  1.544419e-04  3.517768e-04  1.366196e-04  1.377063e-04
-2.679138  8.012249e-04  1.558976e-04  1.544658e-04  3.519611e-04  1.366238e-04  1.377104e-04
-2.676536  8.018657e-04  1.559215e-04  1.544895e-04  3.521447e-04  1.366278e-04  1.377144e-04
-2.673934  8.025036e-04  1.559453e-04  1.545131e-04  3.523275e-04  1.366317e-04  1.377184e-04
-2.671331  8.031387e-04  1.559689e-04  1.545364e-04  3.525095e-04  1.366354e-04  1.377222e-04
-2.668729  8.037709e-04  1.559922e-04  1.545596e-04  3.526908e-04  1.366391e-04  1.377259e-04
-2.666127  8.044002e-04  1.560154e-04  1.545825e-04  3.528714e-04  1.366427e-04  1.377295e-04
-2.663525  8.050268e-04  1.560383e-04  1.546053e-04  3.530512e-04  1.366462e-04  1.377330e-04
-2.660923  8.056504e-04  1.560611e-04  1.546278e-04  3.532302e-04  1.366496e-04  1.377364e-04
-2.658321  8.062713e-04  1.560837e-04  1.546502e-04  3.534085e-04  1.366528e-04  1.377397e-04
-2.655719  8.068894e-04  1.561061e-04  1.546724e-04  3.535861e-04  1.366560e-04  1.377429e-04
-2.653117  8.075046e-04  1.561283e-04  1.546944e-04  3.537629e-04  1.366591e-04  1.377460e-04
-2.650515  8.081171e-04  1.561503e-04  1.547162e-04  3.539390e-04  1.366621e-04  1.377490e-04
-2.647913  8.087267e-04  1.561722e-04  1.547379e-04  3.541143e-04  1.366650e-04  1.377520e-04
-2.645311  8.093336e-04  1.561938e-04  1.547593e-04  3.542889e-04  1.366678e-04  1.377548e-04
-2.642709  8.099377e-04  1.562153e-04  1.547806e-04  3.544628e-04  1.366705e-04  1.377575e-04
-2.640107  8.105390e-04  1.562366e-04  1.548017e-04  3.546359e-04  1.366731e-04  1.377601e-04
-2.637505  8.111376e-04  1.562577e-04  1.548227e-04  3.548083e-04  1.366756e-04  1.377627e-04
-2.634903  8.117334e-04  1.562787e-04  1.548434e-04  3.549800e-04  1.366781e-04  1.377651e-04
-2.632301  8.123265e-04  1.562995e-04  1.548640e-04  3.551509e-04  1.366804e-04  1.377675e-04
-2.629699  8.129168e-04  1.563201e-04  1.548844e-04  3.553211e-04  1.366827e-04  1.377698e-04
-2.627096  8.135044e-04  1.563405e-04  1.549046e-04  3.554906e-04  1.366848e-04  1.377720e-04
-2.624494  8.140893e-04  1.563607e-04  1.549247e-04  3.556593e-04  1.366869e-04  1.377741e-04
-2.621892  8.146714e-04  1.563808e-04  1.549446e-04  3.558274e-04  1.366889e-04  1.377761e-04
-2.619290  8.152509e-04  1.564007e-04  1.549643e-04  3.559947e-04  1.366909e-04  1.377780e-04
-2.616688  8.158277e-04  1.564205e-04  1.549839e-04  3.561613e-04  1.366927e-04  1.377799e-04
-2.614086  8.164018e-04  1.564400e-04  1.550033e-04  3.563271e-04  1.366945e-04  1.377817e-04
-2.611484  8.169731e-04  1.564595e-04  1.550225e-04  3.564923e-04  1.366962e-04  1.377834e-04
-2.608882  8.175419e-04  1.564787e-04  1.550416e-04  3.566567e-04  1.366978e-04  1.377850e-04
-2.606280  8.181079e-04  1.564978e-04  1.550605e-04  3.568204e-04  1.366993e-04  1.377865e-04
-2.603678  8.186713e-04  1.565167e-04  1.550792e-04  3.569835e-04  1.367008e-04  1.377880e-04
-2.601076  8.192321e-04  1.565355e-04  1.550978e-04  3.571458e-04  1.367021e-04  1.377894e-04
-2.598474  8.197902e-04  1.565541e-04  1.551163e-04  3.573074e-04  1.367034e-04  1.377907e-04
-2.595872  8.203457e-04  1.565725e-04  1.551346e-04  3.574682e-04  1.367047e-04  1.377919e-04
-2.593270  8.208985e-04  1.565908e-04  1.551527e-04  3.576284e-04  1.367058e-04  1.377931e-04
-2.590668  8.214488e-04  1.566090e-04  1.551707e-04  3.577879e-04  1.367069e-04  1.377942e-04
-2.588066  8.219964e-04  1.566270e-04  1.551885e-04  3.579467e-04  1.367079e-04  1.377952e-04
-2.585463  8.225414e-04  1.566448e-04  1.552062e-04  3.581048e-04  1.367089e-04  1.377962e-04
-2.582861  8.230839e-04  1.566625e-04  1.552237e-04  3.582621e-04  1.367097e-04  1.377971e-04
-2.580259  8.236237e-04  1.566800e-04  1.552411e-04  3.584188e-04  1.367106e-04  1.377979e-04
-2.577657  8.241610e-04  1.566974e-04  1.552583e-04  3.585748e-04  1.367113e-04  1.377986e-04
-2.575055  8.246957e-04  1.567146e-04  1.552754e-04  3.587301e-04  1.367120e-04  1.377993e-04
-2.572453  8.252279e-04  1.567317e-04  1.552923e-04  3.588847e-04  1.367126e-04  1.377999e-04
-2.569851  8.257575e-04  1.567487e-04  1.553091e-04  3.590386e-04  1.367131e-04  1.378005e-04
-2.567249  8.262846e-04  1.567655e-04  1.553257e-04  3.591919e-04  1.367136e-04  1.378010e-04
-2.564647  8.268091e-04  1.567821e-04  1.553422e-04  3.593444e-04  1.367140e-04  1.378014e-04
-2.562045  8.273311e-04  1.567987e-04  1.553586e-04  3.594963e-04  1.367144e-04  1.378018e-04
-2.559443  8.278506e-04  1.568150e-04  1.553748e-04  3.596474e-04  1.367147e-04  1.378021e-04
-2.556841  8.283676e-04  1.568313e-04  1.553909e-04  3.597979e-04  1.367150e-04  1.378023e-04
-2.554239  8.288821e-04  1.568474e-04  1.554069e-04  3.599478e-04  1.367151e-04  1.378025e-04
-2.551637  8.293941e-04  1.568633e-04  1.554227e-04  3.600969e-04  1.367153e-04  1.378026e-04
-2.549035  8.299036e-04  1.568792e-04  1.554384e-04  3.602454e-04  1.367153e-04  1.378027e-04
-2.546433  8.304106e-04  1.568949e-04  1.554539e-04  3.603932e-04  1.367153e-04  1.378027e-04
-2.543831  8.309152e-04  1.569104e-04  1.554693e-04  3.605403e-04  1.367153e-04  1.378027e-04
-2.541228  8.314173e-04  1.569259e-04  1.554846e-04  3.606867e-04  1.367152e-04  1.378026e-04
-2.538626  8.319170e-04  1.569411e-04  1.554998e-04  3.608325e-04  1.367150e-04  1.378024e-04
-2.536024  8.324142e-04  1.569563e-04  1.555148e-04  3.609776e-04  1.367148e-04  1.378022e-04
-2.533422  8.329090e-04  1.569713e-04  1.555297e-04  3.611221e-04  1.367146e-04  1.378019e-04
-2.530820  8.334014e-04  1.569862e-04  1.555445e-04  3.612659e-04  1.367143e-04  1.378016e-04
-2.528218  8.338913e-04  1.570010e-04  1.555591e-04  3.614090e-04  1.367139e-04  1.378012e-04
-2.525616  8.343789e-04  1.570157e-04  1.555736e-04  3.615515e-04  1.367135e-04  1.378008e-04
-2.523014  8.348640e-04  1.570302e-04  1.555880e-04  3.616933e-04  1.367130e-04  1.378004e-04
-2.520412  8.353468e-04  1.570446e-04  1.556023e-04  3.618345e-04  1.367125e-04  1.377999e-04
-2.517810  8.358271e-04  1.570589e-04  1.556164e-04  3.619750e-04  1.367119e-04  1.377993e-04
-2.515208  8.363052e-04  1.570730e-04  1.556305e-04  3.621149e-04  1.367113e-04  1.377987e-04
-2.512606  8.367808e-04  1.570871e-04  1.556444e-04  3.622541e-04  1.367107e-04  1.377980e-04
-2.510004  8.372541e-04  1.571010e-04  1.556581e-04  3.623927e-04  1.367100e-04  1.377973e-04
-2.507402  8.377250e-04  1.571148e-04  1.556718e-04  3.625306e-04  1.367092e-04  1.377966e-04
-2.504800  8.381936e-04  1.571285e-04  1.556854e-04  3.626679e-04  1.367084e-04  1.377958e-04
-2.502198  8.386599e-04  1.571420e-04  1.556988e-04  3.628045e-04  1.367076e-04  1.377949e-04
-2.499596  8.391239e-04  1.571555e-04  1.557121e-04  3.629405e-04  1.367067e-04  1.377940e-04
-2.496993  8.395855e-04  1.571688e-04  1.557253e-04  3.630759e-04  1.367058e-04  1.377931e-04
-2.494391  8.400448e-04  1.571820e-04  1.557384e-04  3.632106e-04  1.367048e-04  1.377921e-04
-2.491789  8.405019e-04  1.571951e-04  1.557514e-04  3.633447e-04  1.367038e-04  1.377911e-04
-2.489187  8.409566e-04  1.572081e-04  1.557642e-04  3.634782e-04  1.367028e-04  1.377901e-04
-2.486585  8.414091e-04  1.572209e-04  1.557770e-04  3.636110e-04  1.367017e-04  1.377890e-04
-2.483983  8.418593e-04  1.572337e-04  1.557896e-04  3.637432e-04  1.367006e-04  1.377878e-04
-2.481381  8.423073e-04  1.572463e-04  1.558022e-04  3.638748e-04  1.366994e-04  1.377867e-04
-2.478779  8.427529e-04  1.572589e-04  1.558146e-04  3.640057e-04  1.366982e-04  1.377855e-04
-2.476177  8.431964e-04  1.572713e-04  1.558269e-04  3.641361e-04  1.366970e-04  1.377842e-04
-2.473575  8.436376e-04  1.572836e-04  1.558391e-04  3.642658e-04  1.366957e-04  1.377829e-04
-2.470973  8.440766e-04  1.572959e-04  1.558512e-04  3.643949e-04  1.366944e-04  1.377816e-04
-2.468371  8.445133e-04  1.573080e-04  1.558632e-04  3.645234e-04  1.366930e-04  1.377802e-04
-2.465769  8.449479e-04  1.573200e-04  1.558751e-04  3.646513e-04  1.366917e-04  1.377788e-04
-2.463167  8.453802e-04  1.573319e-04  1.558869e-04  3.647785e-04  1.366902e-04  1.377774e-04
-2.460565  8.458104e-04  1.573437e-04  1.558986e-04  3.649052e-04  1.366888e-04  1.377759e-04
-2.457963  8.462384e-04  1.573554e-04  1.559102e-04  3.650312e-04  1.366873e-04  1.377744e-04
-2.455360  8.466642e-04  1.573670e-04  1.559217e-04  3.651567e-04  1.366858e-04  1.377729e-04
-2.452758  8.470878e-04  1.573785e-04  1.559331e-04  3.652815e-04  1.366842e-04  1.377713e-04
-2.450156  8.475092e-04  1.573899e-04  1.559444e-04  3.654057e-04  1.366826e-04  1.377697e-04
-2.447554  8.479286e-04  1.574011e-04  1.559556e-04  3.655294e-04  1.366810e-04  1.377681e-04
-2.444952  8.483457e-04  1.574123e-04  1.559666e-04  3.656524e-04  1.366794e-04  1.377664e-04
-2.442350  8.487608e-04  1.574234e-04  1.559776e-04  3.657748e-04  1.366777e-04  1.377648e-04
-2.439748  8.491737e-04  1.574344e-04  1.559885e-04  3.658967e-04  1.366760e-04  1.377630e-04
-2.437146  8.495845e-04  1.574453e-04  1.559994e-04  3.660179e-04  1.366742e-04  1.377613e-04
-2.434544  8.499931e-04  1.574562e-04  1.560101e-04  3.661386e-04  1.366725e-04  1.377595e-04
-2.431942  8.503997e-04  1.574669e-04  1.560207e-04  3.662587e-04  1.366707e-04  1.377577e-04
-2.429340  8.508042e-04  1.574775e-04  1.560312e-04  3.663782e-04  1.366688e-04  1.377558e-04
-2.426738  8.512066e-04  1.574880e-04  1.560416e-04  3.664971e-04  1.366670e-04  1.377540e-04
-2.424136  8.516070e-04  1.574985e-04  1.560520e-04  3.666154e-04  1.366651e-04  1.377521e-04
-2.421534  8.520052e-04  1.575088e-04  1.560622e-04  3.667331e-04  1.366632e-04  1.377502e-04
-2.418932  8.524014e-04  1.575191e-04  1.560724e-04  3.668503e-04  1.366613e-04  1.377482e-04
-2.416330  8.527956e-04  1.575292e-04  1.560825e-04  3.669669e-04  1.366593e-04  1.377462e-04
-2.413728  8.531877e-04  1.575393e-04  1.560924e-04  3.670829e-04  1.366573e-04  1.377442e-04
-2.411125  8.535778e-04  1.575493e-04  1.561023e-04  3.671983e-04  1.366553e-04  1.377422e-04
-2.408523  8.539658e-04  1.575592e-04  1.561121e-04  3.673132e-04  1.366533e-04  1.377402e-04
-2.405921  8.543519e-04  1.575690e-04  1.561219e-04  3.674275e-04  1.366512e-04  1.377381e-04
-2.403319  8.547359e-04  1.575787e-04  1.561315e-04  3.675413e-04  1.366492e-04  1.377360e-04
-2.400717  8.551179e-04  1.575884e-04  1.561411e-04  3.676544e-04  1.366471e-04  1.377339e-04
-2.398115  8.554979e-04  1.575979e-04  1.561505e-04  3.677671e-04  1.366449e-04  1.377317e-04
-2.395513  8.558760e-04  1.576074e-04  1.561599e-04  3.678791e-04  1.366428e-04  1.377296e-04
-2.392911  8.562521e-04  1.576168e-04  1.561692e-04  3.679906e-04  1.366406e-04  1.377274e-04
-2.390309  8.566262e-04  1.576261e-04  1.561784e-04  3.681016e-04  1.366384e-04  1.377252e-04
-2.387707  8.569983e-04  1.576353e-04  1.561876e-04  3.682119e-04  1.366362e-04  1.377230e-04
-2.385105  8.573685e-04  1.576444e-04  1.561966e-04  3.683218e-04  1.366340e-04  1.377207e-04
-2.382503  8.577368e-04  1.576535e-04  1.562056e-04  3.684311e-04  1.366317e-04  1.377184e-04
-2.379901  8.581031e-04  1.576625e-04  1.562145e-04  3.685398e-04  1.366295e-04  1.377161e-04
-2.377299  8.584675e-04  1.576714e-04  1.562233e-04  3.686480e-04  1.366272e-04  1.377138e-04
-2.374697  8.588299e-04  1.576802e-04  1.562320e-04  3.687556e-04  1.366249e-04  1.377115e-04
-2.372095  8.591905e-04  1.576889e-04  1.562407e-04  3.688628e-04  1.366225e-04  1.377092e-04
-2.369493  8.595492e-04  1.576976e-04  1.562493e-04  3.689693e-04  1.366202e-04  1.377068e-04
-2.366890  8.599059e-04  1.577062e-04  1.562578e-04  3.690753e-04  1.366178e-04  1.377044e-04
-2.364288  8.602608e-04  1.577147e-04  1.562662e-04  3.691808e-04  1.366154e-04  1.377020e-04
-2.361686  8.606138e-04  1.577231e-04  1.562746e-04  3.692858e-04  1.366130e-04  1.376996e-04
-2.359084  8.609649e-04  1.577315e-04  1.562829e-04  3.693902e-04  1.366106e-04  1.376971e-04
-2.356482  8.613142e-04  1.577398e-04  1.562911e-04  3.694941e-04  1.366082e-04  1.376947e-04
-2.353880  8.616616e-04  1.577480e-04  1.562992e-04  3.695975e-04  1.366057e-04  1.376922e-04
-2.351278  8.620072e-04  1.577561e-04  1.563073e-04  3.697003e-04  1.366033e-04  1.376897e-04
-2.348676  8.623509e-04  1.577642e-04  1.563152e-04  3.698027e-04  1.366008e-04  1.376872e-04
-2.346074  8.626928e-04  1.577722e-04  1.563232e-04  3.699045e-04  1.365983e-04  1.376847e-04
-2.343472  8.630329e-04  1.577801e-04  1.563310e-04  3.700057e-04  1.365958e-04  1.376822e-04
-2.340870  8.633711e-04  1.577879e-04  1.563388e-04  3.701065e-04  1.365932e-04  1.376796e-04
-2.338268  8.637076e-04  1.577957e-04  1.563465e-04  3.702067e-04  1.365907e-04  1.376771e-04
-2.335666  8.640422e-04  1.578034e-04  1.563541e-04  3.703065e-04  1.365881e-04  1.376745e-04
-2.333064  8.643751e-04  1.578111e-04  1.563617e-04  3.704057e-04  1.365856e-04  1.376719e-04
-2.330462  8.647062e-04  1.578186e-04  1.563692e-04  3.705044e-04  1.365830e-04  1.376693e-04
-2.327860  8.650355e-04  1.578261e-04  1.563766e-04  3.706026e-04  1.365804e-04  1.376667e-04
-2.325257  8.653631e-04  1.578336e-04  1.563840e-04  3.707003e-04  1.365778e-04  1.376641e-04
-2.322655  8.656888e-04  1.578409e-04  1.563913e-04  3.707975e-04  1.365752e-04  1.376614e-04
-2.320053  8.660129e-04  1.578482e-04  1.563985e-04  3.708942e-04  1.365725e-04  1.376588e-04
-2.317451  8.663352e-04  1.578555e-04  1.564057e-04  3.709904e-04  1.365699e-04  1.376561e-04
-2.314849  8.666557e-04  1.578626e-04  1.564128e-04  3.710860e-04  1.365672e-04  1.376534e-04
-2.312247  8.669745e-04  1.578697e-04  1.564198e-04  3.711812e-04  1.365646e-04  1.376507e-04
-2.309645  8.672916e-04  1.578768e-04  1.564268e-04  3.712759e-04  1.365619e-04  1.376480e-04
-2.307043  8.676070e-04  1.578837e-04  1.564337e-04  3.713701e-04  1.365592e-04  1.376453e-04
-2.304441  8.679207e-04  1.578907e-04  1.564406e-04  3.714639e-04  1.365565e-04  1.376426e-04
-2.301839  8.682327e-04  1.578975e-04  1.564473e-04  3.715571e-04  1.365538e-04  1.376399e-04
-2.299237  8.685430e-04  1.579043e-04  1.564541e-04  3.716498e-04  1.365511e-04  1.376371e-04
-2.296635  8.688516e-04  1.579110e-04  1.564607e-04  3.717421e-04  1.365483e-04  1.376344e-04
-2.294033  8.691586e-04  1.579177e-04  1.564673e-04  3.718339e-04  1.365456e-04  1.376316e-04
-2.291431  8.694639e-04  1.579243e-04  1.564739e-04  3.719252e-04  1.365428e-04  1.376288e-04
-2.288829  8.697675e-04  1.579308e-04  1.564804e-04  3.720160e-04  1.365401e-04  1.376261e-04
-2.286227  8.700694e-04  1.579373e-04  1.564868e-04  3.721063e-04  1.365373e-04  1.376233e-04
-2.283625  8.703698e-04  1.579437e-04  1.564931e-04  3.721962e-04  1.365345e-04  1.376205e-04
-2.281022  8.706684e-04  1.579501e-04  1.564994e-04  3.722856e-04  1.365318e-04  1.376177e-04
-2.278420  8.709655e-04  1.579564e-04  1.565057e-04  3.723745e-04  1.365290e-04  1.376149e-04
-2.275818  8.712609e-04  1.579626e-04  1.565119e-04  3.724629e-04  1.365262e-04  1.376120e-04
-2.273216  8.715548e-04  1.579688e-04  1.565180e-04  3.725509e-04  1.365234e-04  1.376092e-04
-2.270614  8.718470e-04  1.579749e-04  1.565241e-04  3.726384e-04  1.365206e-04  1.376064e-04
-2.268012  8.721376e-04  1.579810e-04  1.565301e-04  3.727255e-04  1.365177e-04  1.376035e-04
-2.265410  8.724266e-04  1.579870e-04  1.565361e-04  3.728121e-04  1.365149e-04  1.376007e-04
-2.262808  8.727140e-04  1.579930e-04  1.565420e-04  3.728982e-04  1.365121e-04  1.375978e-04
-2.260206  8.729999e-04  1.579989e-04  1.565478e-04  3.729839e-04  1.365092e-04  1.375950e-04
-2.257604  8.732842e-04  1.580047e-04  1.565536e-04  3.730691e-04  1.365064e-04  1.375921e-04
-2.255002  8.735669e-04  1.580105e-04  1.565593e-04  3.731539e-04  1.365035e-04  1.375892e-04
-2.252400  8.738481e-04  1.580163e-04  1.565650e-04  3.732382e-04  1.365007e-04  1.375863e-04
-2.249798  8.741277e-04  1.580220e-04  1.565707e-04  3.733221e-04  1.364978e-04  1.375834e-04
-2.247196  8.744058e-04  1.580276e-04  1.565763e-04  3.734055e-04  1.364949e-04  1.375805e-04
-2.244594  8.746823e-04  1.580332e-04  1.565818e-04  3.734885e-04  1.364921e-04  1.375776e-04
-2.241992  8.749574e-04  1.580387e-04  1.565873e-04  3.735710e-04  1.364892e-04  1.375747e-04
-2.239390  8.752309e-04  1.580442e-04  1.565927e-04  3.736531e-04  1.364863e-04  1.375718e-04
-2.236787  8.755028e-04  1.580496e-04  1.565981e-04  3.737347e-04  1.364834e-04  1.375689e-04
-2.234185  8.757733e-04  1.580550e-04  1.566034e-04  3.738159e-04  1.364805e-04  1.375660e-04
-2.231583  8.760423e-04  1.580603e-04  1.566087e-04  3.738967e-04  1.364776e-04  1.375631e-04
-2.228981  8.763098e-04  1.580656e-04  1.566139e-04  3.739771e-04  1.364747e-04  1.375602e-04
-2.226379  8.765758e-04  1.580708e-04  1.566191e-04  3.740570e-04  1.364718e-04  1.375572e-04
-2.223777  8.768403e-04  1.580760e-04  1.566242e-04  3.741364e-04  1.364689e-04  1.375543e-04
-2.221175  8.771034e-04  1.580811e-04  1.566293e-04  3.742155e-04  1.364660e-04  1.375513e-04
-2.218573  8.773650e-04  1.580862e-04  1.566343e-04  3.742941e-04  1.364630e-04  1.375484e-04
-2.215971  8.776252e-04  1.580912e-04  1.566393e-04  3.743723e-04  1.364601e-04  1.375455e-04
-2.213369  8.778838e-04  1.580962e-04  1.566442e-04  3.744500e-04  1.364572e-04  1.375425e-04
-2.210767  8.781411e-04  1.581011e-04  1.566491e-04  3.745274e-04  1.364543e-04  1.375396e-04
-2.208165  8.783969e-04  1.581060e-04  1.566540e-04  3.746043e-04  1.364513e-04  1.375366e-04
-2.205563  8.786513e-04  1.581109e-04  1.566588e-04  3.746808e-04  1.364484e-04  1.375336e-04
-2.202961  8.789043e-04  1.581157e-04  1.566635e-04  3.747569e-04  1.364455e-04  1.375307e-04
-2.200359  8.791558e-04  1.581204e-04  1.566682e-04  3.748326e-04  1.364425e-04  1.375277e-04
-2.197757  8.794060e-04  1.581251e-04  1.566729e-04  3.749078e-04  1.364396e-04  1.375248e-04
-2.195154  8.796547e-04  1.581298e-04  1.566775e-04  3.749827e-04  1.364366e-04  1.375218e-04
-2.192552  8.799021e-04  1.581344e-04  1.566820e-04  3.750571e-04  1.364337e-04  1.375188e-04
-2.189950  8.801480e-04  1.581389e-04  1.566866e-04  3.751312e-04  1.364307e-04  1.375159e-04
-2.187348  8.803926e-04  1.581435e-04  1.566911e-04  3.752048e-04  1.364278e-04  1.375129e-04
-2.184746  8.806358e-04  1.581479e-04  1.566955e-04  3.752780e-04  1.364248e-04  1.375099e-04
-2.182144  8.808776e-04  1.581524e-04  1.566999e-04  3.753509e-04  1.364219e-04  1.375069e-04
-2.179542  8.811181e-04  1.581568e-04  1.567042e-04  3.754233e-04  1.364189e-04  1.375040e-04
-2.176940  8.813572e-04  1.581611e-04  1.567085e-04  3.754953e-04  1.364160e-04  1.375010e-04
-2.174338  8.815950e-04  1.581654e-04  1.567128e-04  3.755669e-04  1.364130e-04  1.374980e-04
-2.171736  8.818314e-04  1.581697e-04  1.567170e-04  3.756382e-04  1.364101e-04  1.374950e-04
-2.169134  8.820665e-04  1.581739e-04  1.567212e-04  3.757090e-04  1.364071e-04  1.374920e-04
-2.166532  8.823003e-04  1.581781e-04  1.567254e-04  3.757795e-04  1.364042e-04  1.374891e-04
-2.163930  8.825327e-04  1.581822e-04  1.567295e-04  3.758495e-04  1.364012e-04  1.374861e-04
-2.161328  8.827639e-04  1.581863e-04  1.567335e-04  3.759192e-04  1.363982e-04  1.374831e-04
-2.158726  8.829937e-04  1.581904e-04  1.567375e-04  3.759885e-04  1.363953e-04  1.374801e-04
-2.156124  8.832222e-04  1.581944e-04  1.567415e-04  3.760574e-04  1.363923e-04  1.374771e-04
-2.153522  8.834494e-04  1.581984e-04  1.567455e-04  3.761259e-04  1.363894e-04  1.374741e-04
-2.150919  8.836754e-04  1.582023e-04  1.567494e-04  3.761940e-04  1.363864e-04  1.374712e-04
-2.148317  8.839000e-04  1.582062e-04  1.567532e-04  3.762618e-04  1.363834e-04  1.374682e-04
-2.145715  8.841234e-04  1.582101e-04  1.567570e-04  3.763292e-04  1.363805e-04  1.374652e-04
-2.143113  8.843455e-04  1.582139e-04  1.567608e-04  3.763962e-04  1.363775e-04  1.374622e-04
-2.140511  8.845663e-04  1.582177e-04  1.567646e-04  3.764628e-04  1.363746e-04  1.374592e-04
-2.137909  8.847859e-04  1.582214e-04  1.567683e-04  3.765291e-04  1.363716e-04  1.374562e-04
-2.135307  8.850042e-04  1.582251e-04  1.567720e-04  3.765950e-04  1.363687e-04  1.374533e-04
-2.132705  8.852213e-04  1.582288e-04  1.567756e-04  3.766605e-04  1.363657e-04  1.374503e-04
-2.130103  8.854372e-04  1.582324e-04  1.567792e-04  3.767257e-04  1.363627e-04  1.374473e-04
-2.127501  8.856518e-04  1.582360e-04  1.567828e-04  3.767904e-04  1.363598e-04  1.374443e-04
-2.124899  8.858652e-04  1.582396e-04  1.567863e-04  3.768549e-04  1.363568e-04  1.374414e-04
-2.122297  8.860773e-04  1.582431e-04  1.567898e-04  3.769189e-04  1.363539e-04  1.374384e-04
-2.119695  8.862883e-04  1.582466e-04  1.567932e-04  3.769826e-04  1.363509e-04  1.374354e-04
-2.117093  8.864980e-04  1.582500e-04  1.567966e-04  3.770460e-04  1.363480e-04  1.374324e-04
-2.114491  8.867066e-04  1.582534e-04  1.568000e-04  3.771090e-04  1.363450e-04  1.374295e-04
-2.111889  8.869139e-04  1.582568e-04  1.568034e-04  3.771716e-04  1.363421e-04  1.374265e-04
-2.109287  8.871200e-04  1.582602e-04  1.568067e-04  3.772339e-04  1.363392e-04  1.374235e-04
-2.106684  8.873250e-04  1.582635e-04  1.568100e-04  3.772958e-04  1.363362e-04  1.374206e-04
-2.104082  8.875288e-04  1.582668e-04  1.568132e-04  3.773574e-04  1.363333e-04  1.374176e-04
-2.101480  8.877314e-04  1.582700e-04  1.568164e-04  3.774186e-04  1.363303e-04  1.374146e-04
-2.098878  8.879328e-04  1.582732e-04  1.568196e-04  3.774795e-04  1.363274e-04  1.374117e-04
-2.096276  8.881331e-04  1.582764e-04  1.568227e-04  3.775400e-04  1.363245e-04  1.374087e-04
-2.093674  8.883323e-04  1.582795e-04  1.568259e-04  3.776002e-04  1.363215e-04  1.374058e-04
-2.091072  8.885302e-04  1.582826e-04  1.568289e-04  3.776601e-04  1.363186e-04  1.374028e-04
-2.088470  8.887271e-04  1.582857e-04  1.568320e-04  3.777196e-04  1.363157e-04  1.373998e-04
-2.085868  8.889228e-04  1.582887e-04  1.568350e-04  3.777788e-04  1.363127e-04  1.373969e-04
-2.083266  8.891173e-04  1.582917e-04  1.568380e-04  3.778376e-04  1.363098e-04  1.373939e-04
-2.080664  8.893108e-04  1.582947e-04  1.568409e-04  3.778961e-04  1.363069e-04  1.373910e-04
-2.078062  8.895031e-04  1.582977e-04  1.568438e-04  3.779542e-04  1.363040e-04  1.373881e-04
-2.075460  8.896943e-04  1.583006e-04  1.568467e-04  3.780121e-04  1.363011e-04  1.373851e-04
-2.072858  8.898844e-04  1.583035e-04  1.568496e-04  3.780696e-04  1.362981e-04  1.373822e-04
-2.070256  8.900734e-04  1.583063e-04  1.568524e-04  3.781267e-04  1.362952e-04  1.373792e-04
-2.067654  8.902613e-04  1.583091e-04  1.568552e-04  3.781836e-04  1.362923e-04  1.373763e-04
-2.065051  8.904481e-04  1.583119e-04  1.568580e-04  3.782401e-04  1.362894e-04  1.373734e-04
-2.062449  8.906338e-04  1.583147e-04  1.568607e-04  3.782963e-04  1.362865e-04  1.373705e-04
-2.059847  8.908185e-04  1.583174e-04  1.568634e-04  3.783522e-04  1.362836e-04  1.373675e-04
-2.057245  8.910020e-04  1.583201e-04  1.568661e-04  3.784077e-04  1.362807e-04  1.373646e-04
-2.054643  8.911845e-04  1.583228e-04  1.568687e-04  3.784629e-04  1.362778e-04  1.373617e-04
-2.052041  8.913659e-04  1.583254e-04  1.568713e-04  3.785178e-04  1.362749e-04  1.373588e-04
-2.049439  8.915463e-04  1.583280e-04  1.568739e-04  3.785724e-04  1.362720e-04  1.373559e-04
-2.046837  8.917256e-04  1.583306e-04  1.568765e-04  3.786267e-04  1.362692e-04  1.373530e-04
-2.044235  8.919039e-04  1.583332e-04  1.568790e-04  3.786807e-04  1.362663e-04  1.373501e-04
-2.041633  8.920811e-04  1.583357e-04  1.568815e-04  3.787343e-04  1.362634e-04  1.373472e-04
-2.039031  8.922573e-04  1.583382e-04  1.568840e-04  3.787876e-04  1.362605e-04  1.373443e-04
-2.036429  8.924324e-04  1.583407e-04  1.568864e-04  3.788407e-04  1.362576e-04  1.373414e-04
-2.033827  8.926066e-04  1.583431e-04  1.568889e-04  3.788934e-04  1.362548e-04  1.373385e-04
-2.031225  8.927797e-04  1.583455e-04  1.568912e-04  3.789458e-04  1.362519e-04  1.373356e-04
-2.028623  8.929518e-04  1.583479e-04  1.568936e-04  3.789979e-04  1.362491e-04  1.373327e-04
-2.026021  8.931228e-04  1.583503e-04  1.568959e-04  3.790497e-04  1.362462e-04  1.373298e-04
-2.023419  8.932929e-04  1.583526e-04  1.568983e-04  3.791012e-04  1.362433e-04  1.373270e-04
-2.020816  8.934620e-04  1.583549e-04  1.569005e-04  3.791524e-04  1.362405e-04  1.373241e-04
-2.018214  8.936301e-04  1.583572e-04  1.569028e-04  3.792033e-04  1.362376e-04  1.373212e-04
-2.015612  8.937971e-04  1.583594e-04  1.569050e-04  3.792539e-04  1.362348e-04  1.373183e-04
-2.013010  8.939633e-04  1.583616e-04  1.569072e-04  3.793042e-04  1.362320e-04  1.373155e-04
-2.010408  8.941284e-04  1.583638e-04  1.569094e-04  3.793543e-04  1.362291e-04  1.373126e-04
-2.007806  8.942925e-04  1.583660e-04  1.569116e-04  3.794040e-04  1.362263e-04  1.373098e-04
-2.005204  8.944557e-04  1.583682e-04  1.569137e-04  3.794534e-04  1.362235e-04  1.373069e-04
-2.002602  8.946179e-04  1.583703e-04  1.569158e-04  3.795026e-04  1.362207e-04  1.373041e-04
-2.000000  8.947792e-04  1.583724e-04  1.569179e-04  3.795514e-04  1.362178e-04  1.373012e-04
-1.997398  8.949395e-04  1.583745e-04  1.569199e-04  3.796000e-04  1.362150e-04  1.372984e-04
-1.994796  8.950988e-04  1.583765e-04  1.569219e-04  3.796482e-04  1.362122e-04  1.372956e-04
-1.992194  8.952572e-04  1.583785e-04  1.569240e-04  3.796962e-04  1.362094e-04  1.372927e-04
-1.989592  8.954147e-04  1.583805e-04  1.569259e-04  3.797440e-04  1.362066e-04  1.372899e-04
-1.986990  8.955712e-04  1.583825e-04  1.569279e-04  3.797914e-04  1.362038e-04  1.372871e-04
-1.984388  8.957268e-04  1.583844e-04  1.569298e-04  3.798385e-04  1.362010e-04  1.372843e-04
-1.981786  8.958815e-04  1.583864e-04  1.569317e-04  3.798854e-04  1.361982e-04  1.372815e-04
-1.979184  8.960353e-04  1.583883e-04  1.569336e-04  3.799320e-04  1.361954e-04  1.372787e-04
-1.976581  8.961881e-04  1.583901e-04  1.569355e-04  3.799783e-04  1.361927e-04  1.372759e-04
-1.973979  8.963401e-04  1.583920e-04  1.569373e-04  3.800244e-04  1.361899e-04  1.372731e-04
-1.971377  8.964911e-04  1.583938e-04  1.569391e-04  3.800701e-04  1.361871e-04  1.372703e-04
-1.968775  8.966412e-04  1.583956e-04  1.569409e-04  3.801156e-04  1.361843e-04  1.372675e-04
-1.966173  8.967905e-04  1.583974e-04  1.569427e-04  3.801608e-04  1.361816e-04  1.372647e-04
-1.963571  8.969388e-04  1.583992e-04  1.569444e-04  3.802058e-04  1.361788e-04  1.372619e-04
-1.960969  8.970863e-04  1.584009e-04  1.569461e-04  3.802505e-04  1.361761e-04  1.372591e-04
-1.958367  8.972328e-04  1.584026e-04  1.569478e-04  3.802949e-04  1.361733e-04  1.372564e-04
-1.955765  8.973785e-04  1.584043e-04  1.569495e-04  3.803391e-04  1.361706e-04  1.372536e-04
-1.953163  8.975234e-04  1.584060e-04  1.569512e-04  3.803830e-04  1.361678e-04  1.372508e-04
-1.950561  8.976673e-04  1.584077e-04  1.569528e-04  3.804266e-04  1.361651e-04  1.372481e-04
-1.947959  8.978104e-04  1.584093e-04  1.569544e-04  3.804700e-04  1.361624e-04  1.372453e-04
-1.945357  8.979527e-04  1.584109e-04  1.569560e-04  3.805131e-04  1.361596e-04  1.372426e-04
-1.942755  8.980941e-04  1.584125e-04  1.569576e-04  3.805559e-04  1.361569e-04  1.372398e-04
-1.940153  8.982346e-04  1.584140e-04  1.569592e-04  3.805985e-04  1.361542e-04  1.372371e-04
-1.937551  8.983743e-04  1.584156e-04  1.569607e-04  3.806408e-04  1.361515e-04  1.372344e-04
-1.934949  8.985131e-04  1.584171e-04  1.569622e-04  3.806829e-04  1.361488e-04  1.372316e-04
-1.932346  8.986511e-04  1.584186e-04  1.569637e-04  3.807248e-04  1.361461e-04  1.372289e-04
-1.929744  8.987883e-04  1.584201e-04  1.569651e-04  3.807663e-04  1.361434e-04  1.372262e-04
-1.927142  8.989247e-04  1.584216e-04  1.569666e-04  3.808077e-04  1.361407e-04  1.372235e-04
-1.924540  8.990602e-04  1.584230e-04  1.569680e-04  3.808487e-04  1.361380e-04  1.372208e-04
-1.921938  8.991949e-04  1.584244e-04  1.569694e-04  3.808896e-04  1.361353e-04  1.372180e-04
-1.919336  8.993288e-04  1.584258e-04  1.569708e-04  3.809301e-04  1.361326e-04  1.372153e-04
-1.916734  8.994619e-04  1.584272e-04  1.569722e-04  3.809705e-04  1.361299e-04  1.372126e-04
-1.914132  8.995942e-04  1.584286e-04  1.569735e-04  3.810106e-04  1.361273e-04  1.372100e-04
-1.911530  8.997257e-04  1.584299e-04  1.569749e-04  3.810504e-04  1.361246e-04  1.372073e-04
-1.908928  8.998564e-04  1.584312e-04  1.569762e-04  3.810900e-04  1.361219e-04  1.372046e-04
-1.906326  8.999863e-04  1.584325e-04  1.569775e-04  3.811294e-04  1.361193e-04  1.372019e-04
-1.903724  9.001154e-04  1.584338e-04  1.569787e-04  3.811685e-04  1.361166e-04  1.371992e-04
-1.901122  9.002437e-04  1.584351e-04  1.569800e-04  3.812074e-04  1.361140e-04  1.371966e-04
-1.898520  9.003713e-04  1.584363e-04  1.569812e-04  3.812461e-04  1.361113e-04  1.371939e-04
-1.895918  9.004981e-04  1.584376e-04  1.569824e-04  3.812845e-04  1.361087e-04  1.371912e-04
-1.893316  9.006241e-04  1.584388e-04  1.569836e-04  3.813227e-04  1.361061e-04  1.371886e-04
-1.890713  9.007493e-04  1.584400e-04  1.569848e-04  3.813606e-04  1.361034e-04  1.371859e-04
-1.888111  9.008738e-04  1.584411e-04  1.569860e-04  3.813983e-04  1.361008e-04  1.371833e-04
-1.885509  9.009975e-04  1.584423e-04  1.569871e-04  3.814358e-04  1.360982e-04  1.371807e-04
-1.882907  9.011204e-04  1.584434e-04  1.569883e-04  3.814731e-04  1.360956e-04  1.371780e-04
-1.880305  9.012427e-04  1.584445e-04  1.569894e-04  3.815101e-04  1.360930e-04  1.371754e-04
-1.877703  9.013641e-04  1.584456e-04  1.569905e-04  3.815469e-04  1.360904e-04  1.371728e-04
-1.875101  9.014848e-04  1.584467e-04  1.569915e-04  3.815834e-04  1.360878e-04  1.371702e-04
-1.872499  9.016048e-04  1.584478e-04  1.569926e-04  3.816198e-04  1.360852e-04  1.371675e-04
-1.869897  9.017241e-04  1.584488e-04  1.569936e-04  3.816559e-04  1.360826e-04  1.371649e-04
-1.867295  9.018426e-04  1.584499e-04  1.569946e-04  3.816918e-04  1.360800e-04  1.371623e-04
-1.864693  9.019604e-04  1.584509e-04  1.569956e-04  3.817275e-04  1.360774e-04  1.371597e-04
-1.862091  9.020775e-04  1.584519e-04  1.569966e-04  3.817630e-04  1.360749e-04  1.371571e-04
-1.859489  9.021938e-04  1.584529e-04  1.569976e-04  3.817982e-04  1.360723e-04  1.371546e-04
-1.856887  9.023094e-04  1.584538e-04  1.569986e-04  3.818332e-04  1.360697e-04  1.371520e-04
-1.854285  9.024244e-04  1.584548e-04  1.569995e-04  3.818680e-04  1.360672e-04  1.371494e-04
-1.851683  9.025386e-04  1.584557e-04  1.570004e-04  3.819026e-04  1.360646e-04  1.371468e-04
-1.849081  9.026521e-04  1.584566e-04  1.570013e-04  3.819370e-04  1.360621e-04  1.371442e-04
-1.846478  9.027649e-04  1.584575e-04  1.570022e-04  3.819711e-04  1.360595e-04  1.371417e-04
-1.843876  9.028771e-04  1.584584e-04  1.570031e-04  3.820051e-04  1.360570e-04  1.371391e-04
-1.841274  9.029885e-04  1.584593e-04  1.570039e-04  3.820388e-04  1.360545e-04  1.371366e-04
-1.838672  9.030992e-04  1.584601e-04  1.570048e-04  3.820724e-04  1.360519e-04  1.371340e-04
-1.836070  9.032093e-04  1.584609e-04  1.570056e-04  3.821057e-04  1.360494e-04  1.371315e-04
-1.833468  9.033187e-04  1.584618e-04  1.570064e-04  3.821388e-04  1.360469e-04  1.371289e-04
-1.830866  9.034274e-04  1.584626e-04  1.570072e-04  3.821717e-04  1.360444e-04  1.371264e-04
-1.828264  9.035354e-04  1.584633e-04  1.570080e-04  3.822044e-04  1.360419e-04  1.371239e-04
-1.825662  9.036428e-04  1.584641e-04  1.570088e-04  3.822369e-04  1.360394e-04  1.371214e-04
-1.823060  9.037495e-04  1.584649e-04  1.570095e-04  3.822692e-04  1.360369e-04  1.371188e-04
-1.820458  9.038555e-04  1.584656e-04  1.570102e-04  3.823012e-04  1.360344e-04  1.371163e-04
-1.817856  9.039609e-04  1.584663e-04  1.570110e-04  3.823331e-04  1.360319e-04  1.371138e-04
-1.815254  9.040656e-04  1.584670e-04  1.570117e-04  3.823648e-04  1.360294e-04  1.371113e-04
-1.812652  9.041697e-04  1.584677e-04  1.570124e-04  3.823963e-04  1.360269e-04  1.371088e-04
-1.810050  9.042731e-04  1.584684e-04  1.570130e-04  3.824276e-04  1.360244e-04  1.371063e-04
-1.807448  9.043759e-04  1.584691e-04  1.570137e-04  3.824587e-04  1.360220e-04  1.371038e-04
-1.804846  9.044780e-04  1.584697e-04  1.570143e-04  3.824896e-04  1.360195e-04  1.371013e-04
-1.802243  9.045795e-04  1.584704e-04  1.570150e-04  3.825203e-04  1.360171e-04  1.370989e-04
-1.799641  9.046804e-04  1.584710e-04  1.570156e-04  3.825508e-04  1.360146e-04  1.370964e-04
-1.797039  9.047806e-04  1.584716e-04  1.570162e-04  3.825811e-04  1.360122e-04  1.370939e-04
-1.794437  9.048803e-04  1.584722e-04  1.570168e-04  3.826112e-04  1.360097e-04  1.370915e-04
-1.791835  9.049793e-04  1.584728e-04  1.570174e-04  3.826411e-04  1.360073e-04  1.370890e-04
-1.789233  9.050776e-04  1.584734e-04  1.570179e-04  3.826709e-04  1.360048e-04  1.370865e-04
-1.786631  9.051754e-04  1.584739e-04  1.570185e-04  3.827004e-04  1.360024e-04  1.370841e-04
-1.784029  9.052725e-04  1.584745e-04  1.570190e-04  3.827298e-04  1.360000e-04  1.370817e-04
-1.781427  9.053691e-04  1.584750e-04  1.570195e-04  3.827589e-04  1.359976e-04  1.370792e-04
-1.778825  9.054650e-04  1.584755e-04  1.570200e-04  3.827879e-04  1.359951e-04  1.370768e-04
-1.776223  9.055603e-04  1.584760e-04  1.570205e-04  3.828167e-04  1.359927e-04  1.370743e-04
-1.773621  9.056551e-04  1.584765e-04  1.570210e-04  3.828454e-04  1.359903e-04  1.370719e-04
-1.771019  9.057492e-04  1.584770e-04  1.570215e-04  3.828738e-04  1.359879e-04  1.370695e-04
-1.768417  9.058427e-04  1.584774e-04  1.570220e-04  3.829020e-04  1.359855e-04  1.370671e-04
-1.765815  9.059357e-04  1.584779e-04  1.570224e-04  3.829301e-04  1.359831e-04  1.370647e-04
-1.763213  9.060281e-04  1.584783e-04  1.570228e-04  3.829580e-04  1.359808e-04  1.370623e-04
-1.760610  9.061198e-04  1.584787e-04  1.570232e-04  3.829857e-04  1.359784e-04  1.370599e-04
-1.758008  9.062110e-04  1.584791e-04  1.570237e-04  3.830133e-04  1.359760e-04  1.370575e-04
-1.755406  9.063017e-04  1.584795e-04  1.570240e-04  3.830406e-04  1.359736e-04  1.370551e-04
-1.752804  9.063917e-04  1.584799e-04  1.570244e-04  3.830678e-04  1.359713e-04  1.370527e-04
-1.750202  9.064812e-04  1.584803e-04  1.570248e-04  3.830948e-04  1.359689e-04  1.370503e-04
-1.747600  9.065701e-04  1.584807e-04  1.570252e-04  3.831216e-04  1.359665e-04  1.370479e-04
-1.744998  9.066585e-04  1.584810e-04  1.570255e-04  3.831483e-04  1.359642e-04  1.370456e-04
-1.742396  9.067463e-04  1.584813e-04  1.570258e-04  3.831748e-04  1.359618e-04  1.370432e-04
-1.739794  9.068335e-04  1.584817e-04  1.570262e-04  3.832011e-04  1.359595e-04  1.370408e-04
-1.737192  9.069202e-04  1.584820e-04  1.570265e-04  3.832272e-04  1.359572e-04  1.370385e-04
-1.734590  9.070063e-04  1.584823e-04  1.570268e-04  3.832532e-04  1.359548e-04  1.370361e-04
-1.731988  9.070919e-04  1.584826e-04  1.570270e-04  3.832790e-04  1.359525e-04  1.370338e-04
-1.729386  9.071770e-04  1.584828e-04  1.570273e-04  3.833047e-04  1.359502e-04  1.370315e-04
-1.726784  9.072615e-04  1.584831e-04  1.570276e-04  3.833301e-04  1.359479e-04  1.370291e-04
-1.724182  9.073454e-04  1.584834e-04  1.570278e-04  3.833554e-04  1.359455e-04  1.370268e-04
-1.721580  9.074288e-04  1.584836e-04  1.570281e-04  3.833806e-04  1.359432e-04  1.370245e-04
-1.718978  9.075117e-04  1.584838e-04  1.570283e-04  3.834056e-04  1.359409e-04  1.370221e-04
-1.716375  9.075941e-04  1.584840e-04  1.570285e-04  3.834304e-04  1.359386e-04  1.370198e-04
-1.713773  9.076759e-04  1.584843e-04  1.570287e-04  3.834550e-04  1.359363e-04  1.370175e-04
-1.711171  9.077572e-04  1.584844e-04  1.570289e-04  3.834795e-04  1.359340e-04  1.370152e-04
-1.708569  9.078380e-04  1.584846e-04  1.570291e-04  3.835038e-04  1.359318e-04  1.370129e-04
-1.705967  9.079183e-04  1.584848e-04  1.570293e-04  3.835280e-04  1.359295e-04  1.370106e-04
-1.703365  9.079981e-04  1.584850e-04  1.570294e-04  3.835520e-04  1.359272e-04  1.370083e-04
-1.700763  9.080773e-04  1.584851e-04  1.570296e-04  3.835759e-04  1.359249e-04  1.370060e-04
-1.698161  9.081560e-04  1.584853e-04  1.570297e-04  3.835995e-04  1.359227e-04  1.370037e-04
-1.695559  9.082343e-04  1.584854e-04  1.570298e-04  3.836231e-04  1.359204e-04  1.370014e-04
-1.692957  9.083120e-04  1.584855e-04  1.570300e-04  3.836465e-04  1.359181e-04  1.369992e-04
-1.690355  9.083892e-04  1.584856e-04  1.570301e-04  3.836697e-04  1.359159e-04  1.369969e-04
-1.687753  9.084659e-04  1.584857e-04  1.570302e-04  3.836928e-04  1.359136e-04  1.369946e-04
-1.685151  9.085422e-04  1.584858e-04  1.570303e-04  3.837157e-04  1.359114e-04  1.369924e-04
-1.682549  9.086179e-04  1.584859e-04  1.570303e-04  3.837385e-04  1.359091e-04  1.369901e-04
-1.679947  9.086931e-04  1.584860e-04  1.570304e-04  3.837611e-04  1.359069e-04  1.369878e-04
-1.677345  9.087679e-04  1.584860e-04  1.570305e-04  3.837835e-04  1.359047e-04  1.369856e-04
-1.674743  9.088422e-04  1.584861e-04  1.570305e-04  3.838059e-04  1.359025e-04  1.369833e-04
-1.672140  9.089160e-04  1.584861e-04  1.570305e-04  3.838280e-04  1.359002e-04  1.369811e-04
-1.669538  9.089893e-04  1.584861e-04  1.570306e-04  3.838500e-04  1.358980e-04  1.369789e-04
-1.666936  9.090621e-04  1.584861e-04  1.570306e-04  3.838719e-04  1.358958e-04  1.369766e-04
-1.664334  9.091345e-04  1.584862e-04  1.570306e-04  3.838936e-04  1.358936e-04  1.369744e-04
-1.661732  9.092064e-04  1.584861e-04  1.570306e-04  3.839152e-04  1.358914e-04  1.369722e-04
-1.659130  9.092778e-04  1.584861e-04  1.570306e-04  3.839367e-04  1.358892e-04  1.369700e-04
-1.656528  9.093488e-04  1.584861e-04  1.570306e-04  3.839580e-04  1.358870e-04  1.369678e-04
-1.653926  9.094193e-04  1.584861e-04  1.570305e-04  3.839791e-04  1.358848e-04  1.369656e-04
-1.651324  9.094893e-04  1.584860e-04  1.570305e-04  3.840001e-04  1.358826e-04  1.369634e-04
-1.648722  9.095589e-04  1.584860e-04  1.570304e-04  3.840210e-04  1.358804e-04  1.369612e-04
-1.646120  9.096280e-04  1.584859e-04  1.570304e-04  3.840417e-04  1.358783e-04  1.369590e-04
-1.643518  9.096967e-04  1.584859e-04  1.570303e-04  3.840623e-04  1.358761e-04  1.369568e-04
-1.640916  9.097649e-04  1.584858e-04  1.570302e-04  3.840827e-04  1.358739e-04  1.369546e-04
-1.638314  9.098327e-04  1.584857e-04  1.570302e-04  3.841030e-04  1.358717e-04  1.369524e-04
-1.635712  9.099000e-04  1.584856e-04  1.570301e-04  3.841232e-04  1.358696e-04  1.369502e-04
-1.633110  9.099669e-04  1.584855e-04  1.570300e-04  3.841432e-04  1.358674e-04  1.369480e-04
-1.630507  9.100334e-04  1.584854e-04  1.570298e-04  3.841631e-04  1.358653e-04  1.369459e-04
-1.627905  9.100994e-04  1.584853e-04  1.570297e-04  3.841829e-04  1.358631e-04  1.369437e-04
-1.625303  9.101650e-04  1.584851e-04  1.570296e-04  3.842025e-04  1.358610e-04  1.369415e-04
-1.622701  9.102301e-04  1.584850e-04  1.570295e-04  3.842220e-04  1.358588e-04  1.369394e-04
-1.620099  9.102948e-04  1.584848e-04  1.570293e-04  3.842414e-04  1.358567e-04  1.369372e-04
-1.617497  9.103591e-04  1.584847e-04  1.570291e-04  3.842606e-04  1.358546e-04  1.369351e-04
-1.614895  9.104230e-04  1.584845e-04  1.570290e-04  3.842797e-04  1.358524e-04  1.369329e-04
-1.612293  9.104864e-04  1.584843e-04  1.570288e-04  3.842986e-04  1.358503e-04  1.369308e-04
-1.609691  9.105494e-04  1.584842e-04  1.570286e-04  3.843175e-04  1.358482e-04  1.369287e-04
-1.607089  9.106121e-04  1.584840e-04  1.570284e-04  3.843362e-04  1.358461e-04  1.369265e-04
-1.604487  9.106742e-04  1.584838e-04  1.570282e-04  3.843547e-04  1.358440e-04  1.369244e-04
-1.601885  9.107360e-04  1.584836e-04  1.570280e-04  3.843732e-04  1.358419e-04  1.369223e-04
-1.599283  9.107974e-04  1.584833e-04  1.570278e-04  3.843915e-04  1.358398e-04  1.369202e-04
-1.596681  9.108583e-04  1.584831e-04  1.570276e-04  3.844097e-04  1.358377e-04  1.369181e-04
-1.594079  9.109189e-04  1.584829e-04  1.570274e-04  3.844278e-04  1.358356e-04  1.369159e-04
-1.591477  9.109790e-04  1.584826e-04  1.570271e-04  3.844457e-04  1.358335e-04  1.369138e-04
-1.588875  9.110388e-04  1.584824e-04  1.570269e-04  3.844635e-04  1.358314e-04  1.369117e-04
-1.586272  9.110981e-04  1.584821e-04  1.570266e-04  3.844812e-04  1.358293e-04  1.369096e-04
-1.583670  9.111571e-04  1.584819e-04  1.570264e-04  3.844988e-04  1.358272e-04  1.369075e-04
-1.581068  9.112156e-04  1.584816e-04  1.570261e-04  3.845162e-04  1.358252e-04  1.369055e-04
-1.578466  9.112738e-04  1.584813e-04  1.570258e-04  3.845335e-04  1.358231e-04  1.369034e-04
-1.575864  9.113315e-04  1.584810e-04  1.570255e-04  3.845508e-04  1.358210e-04  1.369013e-04
-1.573262  9.113889e-04  1.584807e-04  1.570252e-04  3.845678e-04  1.358190e-04  1.368992e-04
-1.570660  9.114459e-04  1.584804e-04  1.570249e-04  3.845848e-04  1.358169e-04  1.368971e-04
-1.568058  9.115025e-04  1.584801e-04  1.570246e-04  3.846016e-04  1.358149e-04  1.368951e-04
-1.565456  9.115588e-04  1.584798e-04  1.570243e-04  3.846184e-04  1.358128e-04  1.368930e-04
-1.562854  9.116146e-04  1.584795e-04  1.570240e-04  3.846350e-04  1.358108e-04  1.368909e-04
-1.560252  9.116701e-04  1.584791e-04  1.570236e-04  3.846515e-04  1.358087e-04  1.368889e-04
-1.557650  9.117252e-04  1.584788e-04  1.570233e-04  3.846678e-04  1.358067e-04  1.368868e-04
-1.555048  9.117799e-04  1.584784e-04  1.570230e-04  3.846841e-04  1.358047e-04  1.368848e-04
-1.552446  9.118343e-04  1.584781e-04  1.570226e-04  3.847002e-04  1.358026e-04  1.368827e-04
-1.549844  9.118883e-04  1.584777e-04  1.570222e-04  3.847163e-04  1.358006e-04  1.368807e-04
-1.547242  9.119419e-04  1.584773e-04  1.570219e-04  3.847322e-04  1.357986e-04  1.368786e-04
-1.544640  9.119951e-04  1.584770e-04  1.570215e-04  3.847480e-04  1.357966e-04  1.368766e-04
-1.542037  9.120480e-04  1.584766e-04  1.570211e-04  3.847637e-04  1.357945e-04  1.368746e-04
-1.539435  9.121006e-04  1.584762e-04  1.570207e-04  3.847792e-04  1.357925e-04  1.368726e-04
-1.536833  9.121527e-04  1.584758e-04  1.570203e-04  3.847947e-04  1.357905e-04  1.368705e-04
-1.534231  9.122046e-04  1.584754e-04  1.570199e-04  3.848101e-04  1.357885e-04  1.368685e-04
-1.531629  9.122560e-04  1.584750e-04  1.570195e-04  3.848253e-04  1.357865e-04  1.368665e-04
-1.529027  9.123071e-04  1.584745e-04  1.570191e-04  3.848404e-04  1.357845e-04  1.368645e-04
-1.526425  9.123579e-04  1.584741e-04  1.570187e-04  3.848555e-04  1.357825e-04  1.368625e-04
-1.523823  9.124083e-04  1.584737e-04  1.570183e-04  3.848704e-04  1.357805e-04  1.368605e-04
-1.521221  9.124584e-04  1.584732e-04  1.570178e-04  3.848852e-04  1.357786e-04  1.368585e-04
-1.518619  9.125081e-04  1.584728e-04  1.570174e-04  3.848999e-04  1.357766e-04  1.368565e-04
-1.516017  9.125575e-04  1.584723e-04  1.570169e-04  3.849145e-04  1.357746e-04  1.368545e-04
-1.513415  9.126065e-04  1.584719e-04  1.570165e-04  3.849290e-04  1.357726e-04  1.368525e-04
-1.510813  9.126553e-04  1.584714e-04  1.570160e-04  3.849433e-04  1.357707e-04  1.368505e-04
-1.508211  9.127036e-04  1.584709e-04  1.570155e-04  3.849576e-04  1.357687e-04  1.368485e-04
-1.505609  9.127517e-04  1.584705e-04  1.570151e-04  3.849718e-04  1.357667e-04  1.368465e-04
-1.503007  9.127994e-04  1.584700e-04  1.570146e-04  3.849859e-04  1.357648e-04  1.368446e-04
-1.500404  9.128467e-04  1.584695e-04  1.570141e-04  3.849998e-04  1.357628e-04  1.368426e-04
-1.497802  9.128938e-04  1.584690e-04  1.570136e-04  3.850137e-04  1.357608e-04  1.368406e-04
-1.495200  9.129405e-04  1.584685e-04  1.570131e-04  3.850275e-04  1.357589e-04  1.368387e-04
-1.492598  9.129869e-04  1.584680e-04  1.570126e-04  3.850411e-04  1.357570e-04  1.368367e-04
-1.489996  9.130330e-04  1.584674e-04  1.570121e-04  3.850547e-04  1.357550e-04  1.368347e-04
-1.487394  9.130787e-04  1.584669e-04  1.570116e-04  3.850682e-04  1.357531e-04  1.368328e-04
-1.484792  9.131241e-04  1.584664e-04  1.570110e-04  3.850815e-04  1.357511e-04  1.368308e-04
-1.482190  9.131693e-04  1.584659e-04  1.570105e-04  3.850948e-04  1.357492e-04  1.368289e-04
-1.479588  9.132141e-04  1.584653e-04  1.570100e-04  3.851080e-04  1.357473e-04  1.368269e-04
-1.476986  9.132585e-04  1.584648e-04  1.570094e-04  3.851210e-04  1.357454e-04  1.368250e-04
-1.474384  9.133027e-04  1.584642e-04  1.570089e-04  3.851340e-04  1.357434e-04  1.368231e-04
-1.471782  9.133466e-04  1.584637e-04  1.570083e-04  3.851469e-04  1.357415e-04  1.368211e-04
-1.469180  9.133901e-04  1.584631e-04  1.570077e-04  3.851596e-04  1.357396e-04  1.368192e-04
-1.466578  9.134334e-04  1.584625e-04  1.570072e-04  3.851723e-04  1.357377e-04  1.368173e-04
-1.463976  9.134763e-04  1.584619e-04  1.570066e-04  3.851849e-04  1.357358e-04  1.368153e-04
-1.461374  9.135190e-04  1.584614e-04  1.570060e-04  3.851974e-04  1.357339e-04  1.368134e-04
-1.458772  9.135613e-04  1.584608e-04  1.570054e-04  3.852098e-04  1.357320e-04  1.368115e-04
-1.456169  9.136033e-04  1.584602e-04  1.570049e-04  3.852221e-04  1.357301e-04  1.368096e-04
-1.453567  9.136451e-04  1.584596e-04  1.570043e-04  3.852343e-04  1.357282e-04  1.368077e-04
-1.450965  9.136865e-04  1.584590e-04  1.570037e-04  3.852464e-04  1.357263e-04  1.368058e-04
-1.448363  9.137277e-04  1.584583e-04  1.570031e-04  3.852585e-04  1.357244e-04  1.368039e-04
-1.445761  9.137685e-04  1.584577e-04  1.570024e-04  3.852704e-04  1.357225e-04  1.368020e-04
-1.443159  9.138091e-04  1.584571e-04  1.570018e-04  3.852823e-04  1.357206e-04  1.368001e-04
-1.440557  9.138494e-04  1.584565e-04  1.570012e-04  3.852940e-04  1.357188e-04  1.367982e-04
-1.437955  9.138894e-04  1.584558e-04  1.570006e-04  3.853057e-04  1.357169e-04  1.367963e-04
-1.435353  9.139291e-04  1.584552e-04  1.569999e-04  3.853172e-04  1.357150e-04  1.367944e-04
-1.432751  9.139685e-04  1.584546e-04  1.569993e-04  3.853287e-04  1.357131e-04  1.367925e-04
-1.430149  9.140076e-04  1.584539e-04  1.569987e-04  3.853401e-04  1.357113e-04  1.367906e-04
-1.427547  9.140465e-04  1.584533e-04  1.569980e-04  3.853514e-04  1.357094e-04  1.367888e-04
-1.424945  9.140851e-04  1.584526e-04  1.569974e-04  3.853627e-04  1.357075e-04  1.367869e-04
-1.422343  9.141234e-04  1.584519e-04  1.569967e-04  3.853738e-04  1.357057e-04  1.367850e-04
-1.419741  9.141614e-04  1.584513e-04  1.569960e-04  3.853849e-04  1.357038e-04  1.367832e-04
-1.417139  9.141991e-04  1.584506e-04  1.569954e-04  3.853958e-04  1.357020e-04  1.367813e-04
-1.414537  9.142366e-04  1.584499e-04  1.569947e-04  3.854067e-04  1.357001e-04  1.367794e-04
-1.411934  9.142738e-04  1.584492e-04  1.569940e-04  3.854175e-04  1.356983e-04  1.367776e-04
-1.409332  9.143107e-04  1.584485e-04  1.569933e-04  3.854282e-04  1.356965e-04  1.367757e-04
-1.406730  9.143474e-04  1.584478e-04  1.569926e-04  3.854388e-04  1.356946e-04  1.367739e-04
-1.404128  9.143838e-04  1.584471e-04  1.569919e-04  3.854494e-04  1.356928e-04  1.367720e-04
-1.401526  9.144199e-04  1.584464e-04  1.569912e-04  3.854598e-04  1.356909e-04  1.367702e-04
-1.398924  9.144558e-04  1.584457e-04  1.569905e-04  3.854702e-04  1.356891e-04  1.367683e-04
-1.396322  9.144914e-04  1.584450e-04  1.569898e-04  3.854805e-04  1.356873e-04  1.367665e-04
-1.393720  9.145268e-04  1.584443e-04  1.569891e-04  3.854907e-04  1.356855e-04  1.367646e-04
-1.391118  9.145618e-04  1.584435e-04  1.569884e-04  3.855009e-04  1.356836e-04  1.367628e-04
-1.388516  9.145967e-04  1.584428e-04  1.569877e-04  3.855109e-04  1.356818e-04  1.367610e-04
-1.385914  9.146313e-04  1.584421e-04  1.569869e-04  3.855209e-04  1.356800e-04  1.367591e-04
-1.383312  9.146656e-04  1.584413e-04  1.569862e-04  3.855308e-04  1.356782e-04  1.367573e-04
-1.380710  9.146996e-04  1.584406e-04  1.569855e-04  3.855406e-04  1.356764e-04  1.367555e-04
-1.378108  9.147335e-04  1.584398e-04  1.569847e-04  3.855503e-04  1.356746e-04  1.367537e-04
-1.375506  9.147670e-04  1.584391e-04  1.569840e-04  3.855600e-04  1.356728e-04  1.367519e-04
-1.372904  9.148003e-04  1.584383e-04  1.569832e-04  3.855696e-04  1.356710e-04  1.367500e-04
-1.370301  9.148334e-04  1.584376e-04  1.569825e-04  3.855791e-04  1.356692e-04  1.367482e-04
-1.367699  9.148662e-04  1.584368e-04  1.569817e-04  3.855885e-04  1.356674e-04  1.367464e-04
-1.365097  9.148988e-04  1.584360e-04  1.569809e-04  3.855979e-04  1.356656e-04  1.367446e-04
-1.362495  9.149311e-04  1.584353e-04  1.569802e-04  3.856071e-04  1.356638e-04  1.367428e-04
-1.359893  9.149632e-04  1.584345e-04  1.569794e-04  3.856163e-04  1.356620e-04  1.367410e-04
-1.357291  9.149951e-04  1.584337e-04  1.569786e-04  3.856254e-04  1.356603e-04  1.367392e-04
-1.354689  9.150267e-04  1.584329e-04  1.569778e-04  3.856345e-04  1.356585e-04  1.367374e-04
-1.352087  9.150581e-04  1.584321e-04  1.569770e-04  3.856435e-04  1.356567e-04  1.367356e-04
-1.349485  9.150892e-04  1.584313e-04  1.569763e-04  3.856524e-04  1.356549e-04  1.367338e-04
-1.346883  9.151201e-04  1.584305e-04  1.569755e-04  3.856612e-04  1.356531e-04  1.367321e-04
-1.344281  9.151508e-04  1.584297e-04  1.569747e-04  3.856699e-04  1.356514e-04  1.367303e-04
-1.341679  9.151812e-04  1.584289e-04  1.569739e-04  3.856786e-04  1.356496e-04  1.367285e-04
-1.339077  9.152115e-04  1.584281e-04  1.569730e-04  3.856872e-04  1.356478e-04  1.367267e-04
-1.336475  9.152414e-04  1.584272e-04  1.569722e-04  3.856958e-04  1.356461e-04  1.367249e-04
-1.333873  9.152712e-04  1.584264e-04  1.569714e-04  3.857042e-04  1.356443e-04  1.367232e-04
-1.331271  9.153007e-04  1.584256e-04  1.569706e-04  3.857126e-04  1.356426e-04  1.367214e-04
-1.328669  9.153300e-04  1.584248e-04  1.569698e-04  3.857210e-04  1.356408e-04  1.367196e-04
-1.326066  9.153591e-04  1.584239e-04  1.569689e-04  3.857292e-04  1.356391e-04  1.367179e-04
-1.323464  9.153879e-04  1.584231e-04  1.569681e-04  3.857374e-04  1.356373e-04  1.367161e-04
-1.320862  9.154166e-04  1.584222e-04  1.569673e-04  3.857455e-04  1.356356e-04  1.367143e-04
-1.318260  9.154450e-04  1.584214e-04  1.569664e-04  3.857535e-04  1.356338e-04  1.367126e-04
-1.315658  9.154732e-04  1.584205e-04  1.569656e-04  3.857615e-04  1.356321e-04  1.367108e-04
-1.313056  9.155012e-04  1.584197e-04  1.569647e-04  3.857694e-04  1.356304e-04  1.367091e-04
-1.310454  9.155289e-04  1.584188e-04  1.569639e-04  3.857773e-04  1.356286e-04  1.367073e-04
-1.307852  9.155565e-04  1.584180e-04  1.569630e-04  3.857850e-04  1.356269e-04  1.367056e-04
-1.305250  9.155838e-04  1.584171e-04  1.569622e-04  3.857928e-04  1.356252e-04  1.367038e-04
-1.302648  9.156109e-04  1.584162e-04  1.569613e-04  3.858004e-04  1.356234e-04  1.367021e-04
-1.300046  9.156378e-04  1.584153e-04  1.569604e-04  3.858080e-04  1.356217e-04  1.367004e-04
-1.297444  9.156645e-04  1.584145e-04  1.569596e-04  3.858155e-04  1.356200e-04  1.366986e-04
-1.294842  9.156910e-04  1.584136e-04  1.569587e-04  3.858229e-04  1.356183e-04  1.366969e-04
-1.292240  9.157173e-04  1.584127e-04  1.569578e-04  3.858303e-04  1.356165e-04  1.366952e-04
-1.289638  9.157434e-04  1.584118e-04  1.569569e-04  3.858376e-04  1.356148e-04  1.366934e-04
-1.287036  9.157693e-04  1.584109e-04  1.569560e-04  3.858449e-04  1.356131e-04  1.366917e-04
-1.284434  9.157949e-04  1.584100e-04  1.569551e-04  3.858520e-04  1.356114e-04  1.366900e-04
-1.281831  9.158204e-04  1.584091e-04  1.569543e-04  3.858592e-04  1.356097e-04  1.366883e-04
-1.279229  9.158456e-04  1.584082e-04  1.569534e-04  3.858662e-04  1.356080e-04  1.366866e-04
-1.276627  9.158707e-04  1.584073e-04  1.569525e-04  3.858732e-04  1.356063e-04  1.366848e-04
-1.274025  9.158956e-04  1.584064e-04  1.569516e-04  3.858801e-04  1.356046e-04  1.366831e-04
-1.271423  9.159202e-04  1.584055e-04  1.569506e-04  3.858870e-04  1.356029e-04  1.366814e-04
-1.268821  9.159447e-04  1.584045e-04  1.569497e-04  3.858938e-04  1.356012e-04  1.366797e-04
-1.266219  9.159690e-04  1.584036e-04  1.569488e-04  3.859006e-04  1.355995e-04  1.366780e-04
-1.263617  9.159931e-04  1.584027e-04  1.569479e-04  3.859072e-04  1.355978e-04  1.366763e-04
-1.261015  9.160169e-04  1.584017e-04  1.569470e-04  3.859139e-04  1.355961e-04  1.366746e-04
-1.258413  9.160406e-04  1.584008e-04  1.569460e-04  3.859204e-04  1.355944e-04  1.366729e-04
-1.255811  9.160641e-04  1.583999e-04  1.569451e-04  3.859269e-04  1.355928e-04  1.366712e-04
-1.253209  9.160874e-04  1.583989e-04  1.569442e-04  3.859334e-04  1.355911e-04  1.366695e-04
-1.250607  9.161106e-04  1.583980e-04  1.569433e-04  3.859398e-04  1.355894e-04  1.366678e-04
-1.248005  9.161335e-04  1.583970e-04  1.569423e-04  3.859461e-04  1.355877e-04  1.366661e-04
-1.245403  9.161562e-04  1.583961e-04  1.569414e-04  3.859524e-04  1.355860e-04  1.366644e-04
-1.242801  9.161788e-04  1.583951e-04  1.569404e-04  3.859586e-04  1.355844e-04  1.366627e-04
-1.240198  9.162012e-04  1.583942e-04  1.569395e-04  3.859647e-04  1.355827e-04  1.366611e-04
-1.237596  9.162234e-04  1.583932e-04  1.569385e-04  3.859708e-04  1.355810e-04  1.366594e-04
-1.234994  9.162454e-04  1.583923e-04  1.569376e-04  3.859769e-04  1.355794e-04  1.366577e-04
-1.232392  9.162672e-04  1.583913e-04  1.569366e-04  3.859828e-04  1.355777e-04  1.366560e-04
-1.229790  9.162889e-04  1.583903e-04  1.569356e-04  3.859888e-04  1.355760e-04  1.366543e-04
-1.227188  9.163103e-04  1.583893e-04  1.569347e-04  3.859946e-04  1.355744e-04  1.366527e-04
-1.224586  9.163316e-04  1.583884e-04  1.569337e-04  3.860004e-04  1.355727e-04  1.366510e-04
-1.221984  9.163527e-04  1.583874e-04  1.569327e-04  3.860062e-04  1.355711e-04  1.366493e-04
-1.219382  9.163737e-04  1.583864e-04  1.569318e-04  3.860119e-04  1.355694e-04  1.366477e-04
-1.216780  9.163944e-04  1.583854e-04  1.569308e-04  3.860175e-04  1.355678e-04  1.366460e-04
-1.214178  9.164150e-04  1.583844e-04  1.569298e-04  3.860231e-04  1.355661e-04  1.366443e-04
-1.211576  9.164354e-04  1.583834e-04  1.569288e-04  3.860287e-04  1.355645e-04  1.366427e-04
-1.208974  9.164557e-04  1.583824e-04  1.569278e-04  3.860341e-04  1.355628e-04  1.366410e-04
-1.206372  9.164757e-04  1.583814e-04  1.569269e-04  3.860396e-04  1.355612e-04  1.366394e-04
-1.203770  9.164956e-04  1.583804e-04  1.569259e-04  3.860450e-04  1.355595e-04  1.366377e-04
-1.201168  9.165154e-04  1.583794e-04  1.569249e-04  3.860503e-04  1.355579e-04  1.366361e-04
-1.198566  9.165349e-04  1.583784e-04  1.569239e-04  3.860555e-04  1.355563e-04  1.366344e-04
-1.195963  9.165543e-04  1.583774e-04  1.569229e-04  3.860608e-04  1.355546e-04  1.366328e-04
-1.193361  9.165736e-04  1.583764e-04  1.569219e-04  3.860659e-04  1.355530e-04  1.366311e-04
-1.190759  9.165926e-04  1.583754e-04  1.569209e-04  3.860710e-04  1.355514e-04  1.366295e-04
-1.188157  9.166115e-04  1.583744e-04  1.569198e-04  3.860761e-04  1.355497e-04  1.366278e-04
-1.185555  9.166303e-04  1.583733e-04  1.569188e-04  3.860811e-04  1.355481e-04  1.366262e-04
-1.182953  9.166489e-04  1.583723e-04  1.569178e-04  3.860861e-04  1.355465e-04  1.366246e-04
-1.180351  9.166673e-04  1.583713e-04  1.569168e-04  3.860910e-04  1.355449e-04  1.366229e-04
-1.177749  9.166855e-04  1.583703e-04  1.569158e-04  3.860958e-04  1.355433e-04  1.366213e-04
-1.175147  9.167036e-04  1.583692e-04  1.569147e-04  3.861006e-04  1.355416e-04  1.366197e-04
-1.172545  9.167216e-04  1.583682e-04  1.569137e-04  3.861054e-04  1.355400e-04  1.366180e-04
-1.169943  9.167393e-04  1.583671e-04  1.569127e-04  3.861101e-04  1.355384e-04  1.366164e-04
-1.167341  9.167570e-04  1.583661e-04  1.569117e-04  3.861148e-04  1.355368e-04  1.366148e-04
-1.164739  9.167744e-04  1.583651e-04  1.569106e-04  3.861194e-04  1.355352e-04  1.366132e-04
-1.162137  9.167917e-04  1.583640e-04  1.569096e-04  3.861239e-04  1.355336e-04  1.366115e-04
-1.159535  9.168089e-04  1.583630e-04  1.569085e-04  3.861284e-04  1.355320e-04  1.366099e-04
-1.156933  9.168259e-04  1.583619e-04  1.569075e-04  3.861329e-04  1.355304e-04  1.366083e-04
-1.154331  9.168428e-04  1.583609e-04  1.569065e-04  3.861373e-04  1.355288e-04  1.366067e-04
-1.151728  9.168595e-04  1.583598e-04  1.569054e-04  3.861417e-04  1.355272e-04  1.366051e-04
-1.149126  9.168760e-04  1.583587e-04  1.569044e-04  3.861460e-04  1.355256e-04  1.366035e-04
-1.146524  9.168924e-04  1.583577e-04  1.569033e-04  3.861503e-04  1.355240e-04  1.366018e-04
-1.143922  9.169087e-04  1.583566e-04  1.569022e-04  3.861545e-04  1.355224e-04  1.366002e-04
-1.141320  9.169248e-04  1.583555e-04  1.569012e-04  3.861587e-04  1.355208e-04  1.365986e-04
-1.138718  9.169407e-04  1.583545e-04  1.569001e-04  3.861628e-04  1.355192e-04  1.365970e-04
-1.136116  9.169566e-04  1.583534e-04  1.568991e-04  3.861669e-04  1.355176e-04  1.365954e-04
-1.133514  9.169722e-04  1.583523e-04  1.568980e-04  3.861710e-04  1.355160e-04  1.365938e-04
-1.130912  9.169878e-04  1.583512e-04  1.568969e-04  3.861750e-04  1.355144e-04  1.365922e-04
-1.128310  9.170031e-04  1.583502e-04  1.568959e-04  3.861789e-04  1.355128e-04  1.365906e-04
-1.125708  9.170184e-04  1.583491e-04  1.568948e-04  3.861828e-04  1.355113e-04  1.365890e-04
-1.123106  9.170335e-04  1.583480e-04  1.568937e-04  3.861867e-04  1.355097e-04  1.365874e-04
-1.120504  9.170484e-04  1.583469e-04  1.568926e-04  3.861905e-04  1.355081e-04  1.365858e-04
-1.117902  9.170632e-04  1.583458e-04  1.568915e-04  3.861943e-04  1.355065e-04  1.365843e-04
-1.115300  9.170779e-04  1.583447e-04  1.568905e-04  3.861980e-04  1.355049e-04  1.365827e-04
-1.112698  9.170925e-04  1.583436e-04  1.568894e-04  3.862017e-04  1.355034e-04  1.365811e-04
-1.110095  9.171069e-04  1.583425e-04  1.568883e-04  3.862054e-04  1.355018e-04  1.365795e-04
-1.107493  9.171211e-04  1.583414e-04  1.568872e-04  3.862090e-04  1.355002e-04  1.365779e-04
-1.104891  9.171353e-04  1.583403e-04  1.568861e-04  3.862125e-04  1.354987e-04  1.365763e-04
-1.102289  9.171493e-04  1.583392e-04  1.568850e-04  3.862160e-04  1.354971e-04  1.365748e-04
-1.099687  9.171631e-04  1.583381e-04  1.568839e-04  3.862195e-04  1.354955e-04  1.365732e-04
-1.097085  9.171768e-04  1.583370e-04  1.568828e-04  3.862230e-04  1.354940e-04  1.365716e-04
-1.094483  9.171904e-04  1.583359e-04  1.568817e-04  3.862263e-04  1.354924e-04  1.365700e-04
-1.091881  9.172039e-04  1.583348e-04  1.568806e-04  3.862297e-04  1.354908e-04  1.365685e-04
-1.089279  9.172172e-04  1.583336e-04  1.568795e-04  3.862330e-04  1.354893e-04  1.365669e-04
-1.086677  9.172304e-04  1.583325e-04  1.568784e-04  3.862363e-04  1.354877e-04  1.365653e-04
-1.084075  9.172435e-04  1.583314e-04  1.568773e-04  3.862395e-04  1.354862e-04  1.365637e-04
-1.081473  9.172564e-04  1.583303e-04  1.568762e-04  3.862427e-04  1.354846e-04  1.365622e-04
-1.078871  9.172692e-04  1.583291e-04  1.568750e-04  3.862458e-04  1.354831e-04  1.365606e-04
-1.076269  9.172819e-04  1.583280e-04  1.568739e-04  3.862489e-04  1.354815e-04  1.365591e-04
-1.073667  9.172945e-04  1.583269e-04  1.568728e-04  3.862520e-04  1.354800e-04  1.365575e-04
-1.071065  9.173069e-04  1.583258e-04  1.568717e-04  3.862550e-04  1.354784e-04  1.365559e-04
-1.068463  9.173192e-04  1.583246e-04  1.568706e-04  3.862580e-04  1.354769e-04  1.365544e-04
-1.065860  9.173314e-04  1.583235e-04  1.568694e-04  3.862610e-04  1.354753e-04  1.365528e-04
-1.063258  9.173435e-04  1.583223e-04  1.568683e-04  3.862639e-04  1.354738e-04  1.365513e-04
-1.060656  9.173554e-04  1.583212e-04  1.568672e-04  3.862667e-04  1.354722e-04  1.365497e-04
-1.058054  9.173672e-04  1.583201e-04  1.568660e-04  3.862696e-04  1.354707e-04  1.365482e-04
-1.055452  9.173789e-04  1.583189e-04  1.568649e-04  3.862724e-04  1.354692e-04  1.365466e-04
-1.052850  9.173905e-04  1.583178e-04  1.568638e-04  3.862751e-04  1.354676e-04  1.365451e-04
-1.050248  9.174019e-04  1.583166e-04  1.568626e-04  3.862778e-04  1.354661e-04  1.365435e-04
-1.047646  9.174133e-04  1.583155e-04  1.568615e-04  3.862805e-04  1.354646e-04  1.365420e-04
-1.045044  9.174245e-04  1.583143e-04  1.568603e-04  3.862832e-04  1.354630e-04  1.365404e-04
-1.042442  9.174356e-04  1.583132e-04  1.568592e-04  3.862858e-04  1.354615e-04  1.365389e-04
-1.039840  9.174466e-04  1.583120e-04  1.568581e-04  3.862883e-04  1.354600e-04  1.365373e-04
-1.037238  9.174574e-04  1.583108e-04  1.568569e-04  3.862909e-04  1.354584e-04  1.365358e-04
-1.034636  9.174682e-04  1.583097e-04  1.568558e-04  3.862934e-04  1.354569e-04  1.365343e-04
-1.032034  9.174788e-04  1.583085e-04  1.568546e-04  3.862958e-04  1.354554e-04  1.365327e-04
-1.029432  9.174893e-04  1.583073e-04  1.568534e-04  3.862982e-04  1.354539e-04  1.365312e-04
-1.026830  9.174997e-04  1.583062e-04  1.568523e-04  3.863006e-04  1.354523e-04  1.365297e-04
-1.024228  9.175100e-04  1.583050e-04  1.568511e-04  3.863030e-04  1.354508e-04  1.365281e-04
-1.021625  9.175202e-04  1.583038e-04  1.568500e-04  3.863053e-04  1.354493e-04  1.365266e-04
-1.019023  9.175303e-04  1.583027e-04  1.568488e-04  3.863076e-04  1.354478e-04  1.365251e-04
-1.016421  9.175402e-04  1.583015e-04  1.568476e-04  3.863098e-04  1.354463e-04  1.365235e-04
-1.013819  9.175501e-04  1.583003e-04  1.568465e-04  3.863120e-04  1.354448e-04  1.365220e-04
-1.011217  9.175598e-04  1.582991e-04  1.568453e-04  3.863142e-04  1.354432e-04  1.365205e-04
-1.008615  9.175694e-04  1.582980e-04  1.568441e-04  3.863164e-04  1.354417e-04  1.365190e-04
-1.006013  9.175789e-04  1.582968e-04  1.568430e-04  3.863185e-04  1.354402e-04  1.365174e-04
-1.003411  9.175883e-04  1.582956e-04  1.568418e-04  3.863205e-04  1.354387e-04  1.365159e-04
-1.000809  9.175976e-04  1.582944e-04  1.568406e-04  3.863226e-04  1.354372e-04  1.365144e-04
-0.998207  9.176068e-04  1.582932e-04  1.568394e-04  3.863246e-04  1.354357e-04  1.365129e-04
-0.995605  9.176159e-04  1.582920e-04  1.568383e-04  3.863266e-04  1.354342e-04  1.365114e-04
-0.993003  9.176249e-04  1.582908e-04  1.568371e-04  3.863285e-04  1.354327e-04  1.365098e-04
-0.990401  9.176338e-04  1.582896e-04  1.568359e-04  3.863304e-04  1.354312e-04  1.365083e-04
-0.987799  9.176426e-04  1.582884e-04  1.568347e-04  3.863323e-04  1.354297e-04  1.365068e-04
-0.985197  9.176512e-04  1.582872e-04  1.568335e-04  3.863341e-04  1.354282e-04  1.365053e-04
-0.982595  9.176598e-04  1.582860e-04  1.568323e-04  3.863359e-04  1.354267e-04  1.365038e-04
-0.979992  9.176683e-04  1.582848e-04  1.568311e-04  3.863377e-04  1.354252e-04  1.365023e-04
-0.977390  9.176766e-04  1.582836e-04  1.568299e-04  3.863394e-04  1.354237e-04  1.365008e-04
-0.974788  9.176849e-04  1.582824e-04  1.568288e-04  3.863412e-04  1.354222e-04  1.364993e-04
-0.972186  9.176931e-04  1.582812e-04  1.568276e-04  3.863428e-04  1.354207e-04  1.364978e-04
-0.969584  9.177011e-04  1.582800e-04  1.568264e-04  3.863445e-04  1.354192e-04  1.364963e-04
-0.966982  9.177091e-04  1.582788e-04  1.568252e-04  3.863461e-04  1.354177e-04  1.364948e-04
-0.964380  9.177169e-04  1.582776e-04  1.568240e-04  3.863477e-04  1.354162e-04  1.364933e-04
-0.961778  9.177247e-04  1.582764e-04  1.568228e-04  3.863492e-04  1.354147e-04  1.364918e-04
-0.959176  9.177324e-04  1.582752e-04  1.568216e-04  3.863508e-04  1.354133e-04  1.364903e-04
-0.956574  9.177399e-04  1.582740e-04  1.568204e-04  3.863523e-04  1.354118e-04  1.364888e-04
-0.953972  9.177474e-04  1.582727e-04  1.568191e-04  3.863537e-04  1.354103e-04  1.364873e-04
-0.951370  9.177548e-04  1.582715e-04  1.568179e-04  3.863552e-04  1.354088e-04  1.364858e-04
-0.948768  9.177621e-04  1.582703e-04  1.568167e-04  3.863566e-04  1.354073e-04  1.364843e-04
-0.946166  9.177693e-04  1.582691e-04  1.568155e-04  3.863579e-04  1.354058e-04  1.364828e-04
-0.943564  9.177764e-04  1.582678e-04  1.568143e-04  3.863593e-04  1.354044e-04  1.364813e-04
-0.940962  9.177834e-04  1.582666e-04  1.568131e-04  3.863606e-04  1.354029e-04  1.364798e-04
-0.938360  9.177903e-04  1.582654e-04  1.568119e-04  3.863619e-04  1.354014e-04  1.364783e-04
-0.935757  9.177971e-04  1.582642e-04  1.568107e-04  3.863631e-04  1.353999e-04  1.364768e-04
-0.933155  9.178038e-04  1.582629e-04  1.568094e-04  3.863644e-04  1.353985e-04  1.364753e-04
-0.930553  9.178104e-04  1.582617e-04  1.568082e-04  3.863656e-04  1.353970e-04  1.364739e-04
-0.927951  9.178170e-04  1.582605e-04  1.568070e-04  3.863667e-04  1.353955e-04  1.364724e-04
-0.925349  9.178234e-04  1.582592e-04  1.568058e-04  3.863679e-04  1.353940e-04  1.364709e-04
-0.922747  9.178298e-04  1.582580e-04  1.568045e-04  3.863690e-04  1.353926e-04  1.364694e-04
-0.920145  9.178361e-04  1.582568e-04  1.568033e-04  3.863701e-04  1.353911e-04  1.364679e-04
-0.917543  9.178423e-04  1.582555e-04  1.568021e-04  3.863711e-04  1.353896e-04  1.364664e-04
-0.914941  9.178483e-04  1.582543e-04  1.568009e-04  3.863722e-04  1.353882e-04  1.364650e-04
-0.912339  9.178544e-04  1.582530e-04  1.567996e-04  3.863732e-04  1.353867e-04  1.364635e-04
-0.909737  9.178603e-04  1.582518e-04  1.567984e-04  3.863741e-04  1.353852e-04  1.364620e-04
-0.907135  9.178661e-04  1.582505e-04  1.567972e-04  3.863751e-04  1.353838e-04  1.364605e-04
-0.904533  9.178719e-04  1.582493e-04  1.567959e-04  3.863760e-04  1.353823e-04  1.364591e-04
-0.901931  9.178775e-04  1.582480e-04  1.567947e-04  3.863769e-04  1.353809e-04  1.364576e-04
-0.899329  9.178831e-04  1.582468e-04  1.567934e-04  3.863778e-04  1.353794e-04  1.364561e-04
-0.896727  9.178886e-04  1.582455e-04  1.567922e-04  3.863786e-04  1.353779e-04  1.364547e-04
-0.894125  9.178940e-04  1.582443e-04  1.567910e-04  3.863794e-04  1.353765e-04  1.364532e-04
-0.891522  9.178993e-04  1.582430e-04  1.567897e-04  3.863802e-04  1.353750e-04  1.364517e-04
-0.888920  9.179046e-04  1.582418e-04  1.567885e-04  3.863810e-04  1.353736e-04  1.364503e-04
-0.886318  9.179097e-04  1.582405e-04  1.567872e-04  3.863817e-04  1.353721e-04  1.364488e-04
-0.883716  9.179148e-04  1.582393e-04  1.567860e-04  3.863824e-04  1.353707e-04  1.364473e-04
-0.881114  9.179198e-04  1.582380e-04  1.567847e-04  3.863831e-04  1.353692e-04  1.364459e-04
-0.878512  9.179247e-04  1.582367e-04  1.567835e-04  3.863837e-04  1.353678e-04  1.364444e-04
-0.875910  9.179295e-04  1.582355e-04  1.567822e-04  3.863844e-04  1.353663e-04  1.364429e-04
-0.873308  9.179343e-04  1.582342e-04  1.567810e-04  3.863850e-04  1.353649e-04  1.364415e-04
-0.870706  9.179389e-04  1.582329e-04  1.567797e-04  3.863856e-04  1.353634e-04  1.364400e-04
-0.868104  9.179435e-04  1.582317e-04  1.567785e-04  3.863861e-04  1.353620e-04  1.364386e-04
-0.865502  9.179481e-04  1.582304e-04  1.567772e-04  3.863866e-04  1.353605e-04  1.364371e-04
-0.862900  9.179525e-04  1.582291e-04  1.567760e-04  3.863871e-04  1.353591e-04  1.364356e-04
-0.860298  9.179569e-04  1.582279e-04  1.567747e-04  3.863876e-04  1.353576e-04  1.364342e-04
-0.857696  9.179611e-04  1.582266e-04  1.567734e-04  3.863881e-04  1.353562e-04  1.364327e-04
-0.855094  9.179653e-04  1.582253e-04  1.567722e-04  3.863885e-04  1.353547e-04  1.364313e-04
-0.852492  9.179695e-04  1.582241e-04  1.567709e-04  3.863889e-04  1.353533e-04  1.364298e-04
-0.849889  9.179735e-04  1.582228e-04  1.567696e-04  3.863893e-04  1.353519e-04  1.364284e-04
-0.847287  9.179775e-04  1.582215e-04  1.567684e-04  3.863897e-04  1.353504e-04  1.364269e-04
-0.844685  9.179814e-04  1.582202e-04  1.567671e-04  3.863900e-04  1.353490e-04  1.364255e-04
-0.842083  9.179852e-04  1.582189e-04  1.567658e-04  3.863903e-04  1.353476e-04  1.364240e-04
-0.839481  9.179890e-04  1.582177e-04  1.567646e-04  3.863906e-04  1.353461e-04  1.364226e-04
-0.836879  9.179926e-04  1.582164e-04  1.567633e-04  3.863909e-04  1.353447e-04  1.364211e-04
-0.834277  9.179962e-04  1.582151e-04  1.567620e-04  3.863911e-04  1.353432e-04  1.364197e-04
-0.831675  9.179998e-04  1.582138e-04  1.567608e-04  3.863913e-04  1.353418e-04  1.364182e-04
-0.829073  9.180032e-04  1.582125e-04  1.567595e-04  3.863915e-04  1.353404e-04  1.364168e-04
-0.826471  9.180066e-04  1.582112e-04  1.567582e-04  3.863917e-04  1.353390e-04  1.364154e-04
-0.823869  9.180099e-04  1.582099e-04  1.567569e-04  3.863919e-04  1.353375e-04  1.364139e-04
-0.821267  9.180132e-04  1.582087e-04  1.567557e-04  3.863920e-04  1.353361e-04  1.364125e-04
-0.818665  9.180164e-04  1.582074e-04  1.567544e-04  3.863921e-04  1.353347e-04  1.364110e-04
-0.816063  9.180195e-04  1.582061e-04  1.567531e-04  3.863922e-04  1.353332e-04  1.364096e-04
-0.813461  9.180225e-04  1.582048e-04  1.567518e-04  3.863922e-04  1.353318e-04  1.364082e-04
-0.810859  9.180255e-04  1.582035e-04  1.567505e-04  3.863923e-04  1.353304e-04  1.364067e-04
-0.808257  9.180283e-04  1.582022e-04  1.567493e-04  3.863923e-04  1.353290e-04  1.364053e-04
-0.805654  9.180312e-04  1.582009e-04  1.567480e-04  3.863923e-04  1.353275e-04  1.364039e-04
-0.803052  9.180339e-04  1.581996e-04  1.567467e-04  3.863923e-04  1.353261e-04  1.364024e-04
-0.800450  9.180366e-04  1.581983e-04  1.567454e-04  3.863922e-04  1.353247e-04  1.364010e-04
-0.797848  9.180392e-04  1.581970e-04  1.567441e-04  3.863922e-04  1.353233e-04  1.363996e-04
-0.795246  9.180418e-04  1.581957e-04  1.567428e-04  3.863921e-04  1.353218e-04  1.363981e-04
-0.792644  9.180443e-04  1.581944e-04  1.567415e-04  3.863920e-04  1.353204e-04  1.363967e-04
-0.790042  9.180467e-04  1.581931e-04  1.567402e-04  3.863918e-04  1.353190e-04  1.363953e-04
-0.787440  9.180491e-04  1.581918e-04  1.567389e-04  3.863917e-04  1.353176e-04  1.363938e-04
-0.784838  9.180514e-04  1.581905e-04  1.567376e-04  3.863915e-04  1.353162e-04  1.363924e-04
-0.782236  9.180536e-04  1.581892e-04  1.567364e-04  3.863913e-04  1.353148e-04  1.363910e-04
-0.779634  9.180557e-04  1.581879e-04  1.567351e-04  3.863911e-04  1.353133e-04  1.363895e-04
-0.777032  9.180578e-04  1.581866e-04  1.567338e-04  3.863909e-04  1.353119e-04  1.363881e-04
-0.774430  9.180599e-04  1.581852e-04  1.567325e-04  3.863906e-04  1.353105e-04  1.363867e-04
-0.771828  9.180618e-04  1.581839e-04  1.567312e-04  3.863904e-04  1.353091e-04  1.363853e-04
-0.769226  9.180637e-04  1.581826e-04  1.567299e-04  3.863901e-04  1.353077e-04  1.363839e-04
-0.766624  9.180656e-04  1.581813e-04  1.567286e-04  3.863897e-04  1.353063e-04  1.363824e-04
-0.764022  9.180674e-04  1.581800e-04  1.567273e-04  3.863894e-04  1.353049e-04  1.363810e-04
-0.761419  9.180691e-04  1.581787e-04  1.567260e-04  3.863891e-04  1.353035e-04  1.363796e-04
-0.758817  9.180707e-04  1.581774e-04  1.567247e-04  3.863887e-04  1.353021e-04  1.363782e-04
-0.756215  9.180723e-04  1.581760e-04  1.567234e-04  3.863883e-04  1.353006e-04  1.363768e-04
-0.753613  9.180739e-04  1.581747e-04  1.567220e-04  3.863879e-04  1.352992e-04  1.363753e-04
-0.751011  9.180753e-04  1.581734e-04  1.567207e-04  3.863875e-04  1.352978e-04  1.363739e-04
-0.748409  9.180767e-04  1.581721e-04  1.567194e-04  3.863870e-04  1.352964e-04  1.363725e-04
-0.745807  9.180781e-04  1.581708e-04  1.567181e-04  3.863865e-04  1.352950e-04  1.363711e-04
-0.743205  9.180794e-04  1.581694e-04  1.567168e-04  3.863861e-04  1.352936e-04  1.363697e-04
-0.740603  9.180806e-04  1.581681e-04  1.567155e-04  3.863855e-04  1.352922e-04  1.363683e-04
-0.738001  9.180818e-04  1.581668e-04  1.567142e-04  3.863850e-04  1.352908e-04  1.363668e-04
-0.735399  9.180829e-04  1.581655e-04  1.567129e-04  3.863845e-04  1.352894e-04  1.363654e-04
-0.732797  9.180840e-04  1.581641e-04  1.567116e-04  3.863839e-04  1.352880e-04  1.363640e-04
-0.730195  9.180850e-04  1.581628e-04  1.567102e-04  3.863833e-04  1.352866e-04  1.363626e-04
-0.727593  9.180859e-04  1.581615e-04  1.567089e-04  3.863827e-04  1.352852e-04  1.363612e-04
-0.724991  9.180868e-04  1.581602e-04  1.567076e-04  3.863821e-04  1.352838e-04  1.363598e-04
-0.722389  9.180876e-04  1.581588e-04  1.567063e-04  3.863815e-04  1.352824e-04  1.363584e-04
-0.719786  9.180884e-04  1.581575e-04  1.567050e-04  3.863808e-04  1.352810e-04  1.363570e-04
-0.717184  9.180891e-04  1.581562e-04  1.567037e-04  3.863802e-04  1.352796e-04  1.363556e-04
-0.714582  9.180898e-04  1.581548e-04  1.567023e-04  3.863795e-04  1.352782e-04  1.363542e-04
-0.711980  9.180904e-04  1.581535e-04  1.567010e-04  3.863788e-04  1.352768e-04  1.363528e-04
-0.709378  9.180909e-04  1.581522e-04  1.566997e-04  3.863781e-04  1.352754e-04  1.363513e-04
-0.706776  9.180914e-04  1.581508e-04  1.566984e-04  3.863773e-04  1.352741e-04  1.363499e-04
-0.704174  9.180919e-04  1.581495e-04  1.566970e-04  3.863766e-04  1.352727e-04  1.363485e-04
-0.701572  9.180923e-04  1.581482e-04  1.566957e-04  3.863758e-04  1.352713e-04  1.363471e-04
-0.698970  9.180926e-04  1.581468e-04  1.566944e-04  3.863750e-04  1.352699e-04  1.363457e-04
