-2.30103  0 0 0 0 0 0
-2.29973  0 0 0 0 0 0
-2.29843  0 0 0 0 0 0
-2.29713  0 0 0 0 0 0
-2.29583  0 0 0 0 0 0
-2.29452  0 0 0 0 0 0
-2.29322  0 0 0 0 0 0
-2.29192  0 0 0 0 0 0
-2.29062  0 0 0 0 0 0
-2.28932  0 0 0 0 0 0
-2.28802  0 0 0 0 0 0
-2.28672  0 0 0 0 0 0
-2.28542  0 0 0 0 0 0
-2.28412  0 0 0 0 0 0
-2.28282  0 0 0 0 0 0
-2.28151  0 0 0 0 0 0
-2.28021  0 0 0 0 0 0
-2.27891  0 0 0 0 0 0
-2.27761  0 0 0 0 0 0
-2.27631  0 0 0 0 0 0
-2.27501  0 0 0 0 0 0
-2.27371  0 0 0 0 0 0
-2.27241  0 0 0 0 0 0
-2.27111  0 0 0 0 0 0
-2.26981  0 0 0 0 0 0
-2.2685  0 0 0 0 0 0
-2.2672  0 0 0 0 0 0
-2.2659  0 0 0 0 0 0
-2.2646  0 0 0 0 0 0
-2.2633  0 0 0 0 0 0
-2.262  0 0 0 0 0 0
-2.2607  0 0 0 0 0 0
-2.2594  0 0 0 0 0 0
-2.2581  0 0 0 0 0 0
-2.25679  0 0 0 0 0 0
-2.25549  0 0 0 0 0 0
-2.25419  0 0 0 0 0 0
-2.25289  0 0 0 0 0 0
-2.25159  0 0 0 0 0 0
-2.25029  0 0 0 0 0 0
-2.24899  0 0 0 0 0 0
-2.24769  0 0 0 0 0 0
-2.24639  0 0 0 0 0 0
-2.24509  0 0 0 0 0 0
-2.24378  0 0 0 0 0 0
-2.24248  0 0 0 0 0 0
-2.24118  0 0 0 0 0 0
-2.23988  0 0 0 0 0 0
-2.23858  0 0 0 0 0 0
-2.23728  0 0 0 0 0 0
-2.23598  0 0 0 0 0 0
-2.23468  0 0 0 0 0 0
-2.23338  0 0 0 0 0 0
-2.23208  0 0 0 0 0 0
-2.23077  0 0 0 0 0 0
-2.22947  0 0 0 0 0 0
-2.22817  0 0 0 0 0 0
-2.22687  0 0 0 0 0 0
-2.22557  0 0 0 0 0 0
-2.22427  0 0 0 0 0 0
-2.22297  0 0 0 0 0 0
-2.22167  0 0 0 0 0 0
-2.22037  0 0 0 0 0 0
-2.21907  0 0 0 0 0 0
-2.21776  0 0 0 0 0 0
-2.21646  0 0 0 0 0 0
-2.21516  0 0 0 0 0 0
-2.21386  0 0 0 0 0 0
-2.21256  0 0 0 0 0 0
-2.21126  0 0 0 0 0 0
-2.20996  0 0 0 0 0 0
-2.20866  0 0 0 0 0 0
-2.20736  0 0 0 0 0 0
-2.20605  0 0 0 0 0 0
-2.20475  0 0 0 0 0 0
-2.20345  0 0 0 0 0 0
-2.20215  0 0 0 0 0 0
-2.20085  0 0 0 0 0 0
-2.19955  0 0 0 0 0 0
-2.19825  0 0 0 0 0 0
-2.19695  0 0 0 0 0 0
-2.19565  0 0 0 0 0 0
-2.19435  0 0 0 0 0 0
-2.19304  0 0 0 0 0 0
-2.19174  0 0 0 0 0 0
-2.19044  0 0 0 0 0 0
-2.18914  0 0 0 0 0 0
-2.18784  0 0 0 0 0 0
-2.18654  0 0 0 0 0 0
-2.18524  0 0 0 0 0 0
-2.18394  0 0 0 0 0 0
-2.18264  0 0 0 0 0 0
-2.18134  0 0 0 0 0 0
-2.18003  0 0 0 0 0 0
-2.17873  0 0 0 0 0 0
-2.17743  0 0 0 0 0 0
-2.17613  0 0 0 0 0 0
-2.17483  0 0 0 0 0 0
-2.17353  0 0 0 0 0 0
-2.17223  0 0 0 0 0 0
-2.17093  0 0 0 0 0 0
-2.16963  0 0 0 0 0 0
-2.16832  0 0 0 0 0 0
-2.16702  0 0 0 0 0 0
-2.16572  0 0 0 0 0 0
-2.16442  0 0 0 0 0 0
-2.16312  0 0 0 0 0 0
-2.16182  0 0 0 0 0 0
-2.16052  0 0 0 0 0 0
-2.15922  0 0 0 0 0 0
-2.15792  0 0 0 0 0 0
-2.15662  0 0 0 0 0 0
-2.15531  0 0 0 0 0 0
-2.15401  0 0 0 0 0 0
-2.15271  0 0 0 0 0 0
-2.15141  0 0 0 0 0 0
-2.15011  0 0 0 0 0 0
-2.14881  0 0 0 0 0 0
-2.14751  0 0 0 0 0 0
-2.14621  0 0 0 0 0 0
-2.14491  0 0 0 0 0 0
-2.14361  0 0 0 0 0 0
-2.1423  0 0 0 0 0 0
-2.141  0 0 0 0 0 0
-2.1397  0 0 0 0 0 0
-2.1384  0 0 0 0 0 0
-2.1371  0 0 0 0 0 0
-2.1358  0 0 0 0 0 0
-2.1345  0 0 0 0 0 0
-2.1332  0 0 0 0 0 0
-2.1319  0 0 0 0 0 0
-2.1306  0 0 0 0 0 0
-2.12929  0 0 0 0 0 0
-2.12799  0 0 0 0 0 0
-2.12669  0 0 0 0 0 0
-2.12539  0 0 0 0 0 0
-2.12409  0 0 0 0 0 0
-2.12279  0 0 0 0 0 0
-2.12149  0 0 0 0 0 0
-2.12019  0 0 0 0 0 0
-2.11889  0 0 0 0 0 0
-2.11758  0 0 0 0 0 0
-2.11628  0 0 0 0 0 0
-2.11498  0 0 0 0 0 0
-2.11368  0 0 0 0 0 0
-2.11238  0 0 0 0 0 0
-2.11108  0 0 0 0 0 0
-2.10978  0 0 0 0 0 0
-2.10848  0 0 0 0 0 0
-2.10718  0 0 0 0 0 0
-2.10588  0 0 0 0 0 0
-2.10457  0 0 0 0 0 0
-2.10327  0 0 0 0 0 0
-2.10197  0 0 0 0 0 0
-2.10067  0 0 0 0 0 0
-2.09937  0 0 0 0 0 0
-2.09807  0 0 0 0 0 0
-2.09677  0 0 0 0 0 0
-2.09547  0 0 0 0 0 0
-2.09417  0 0 0 0 0 0
-2.09287  0 0 0 0 0 0
-2.09156  0 0 0 0 0 0
-2.09026  0 0 0 0 0 0
-2.08896  0 0 0 0 0 0
-2.08766  0 0 0 0 0 0
-2.08636  0 0 0 0 0 0
-2.08506  0 0 0 0 0 0
-2.08376  0 0 0 0 0 0
-2.08246  0 0 0 0 0 0
-2.08116  0 0 0 0 0 0
-2.07985  0 0 0 0 0 0
-2.07855  0 0 0 0 0 0
-2.07725  0 0 0 0 0 0
-2.07595  0 0 0 0 0 0
-2.07465  0 0 0 0 0 0
-2.07335  0 0 0 0 0 0
-2.07205  0 0 0 0 0 0
-2.07075  0 0 0 0 0 0
-2.06945  0 0 0 0 0 0
-2.06815  0 0 0 0 0 0
-2.06684  0 0 0 0 0 0
-2.06554  0 0 0 0 0 0
-2.06424  0 0 0 0 0 0
-2.06294  0 0 0 0 0 0
-2.06164  0 0 0 0 0 0
-2.06034  0 0 0 0 0 0
-2.05904  0 0 0 0 0 0
-2.05774  0 0 0 0 0 0
-2.05644  0 0 0 0 0 0
-2.05514  0 0 0 0 0 0
-2.05383  0 0 0 0 0 0
-2.05253  0 0 0 0 0 0
-2.05123  0 0 0 0 0 0
-2.04993  0 0 0 0 0 0
-2.04863  0 0 0 0 0 0
-2.04733  0 0 0 0 0 0
-2.04603  0 0 0 0 0 0
-2.04473  0 0 0 0 0 0
-2.04343  0 0 0 0 0 0
-2.04213  0 0 0 0 0 0
-2.04082  0 0 0 0 0 0
-2.03952  0 0 0 0 0 0
-2.03822  0 0 0 0 0 0
-2.03692  0 0 0 0 0 0
-2.03562  0 0 0 0 0 0
-2.03432  0 0 0 0 0 0
-2.03302  0 0 0 0 0 0
-2.03172  0 0 0 0 0 0
-2.03042  0 0 0 0 0 0
-2.02911  0 0 0 0 0 0
-2.02781  0 0 0 0 0 0
-2.02651  0 0 0 0 0 0
-2.02521  0 0 0 0 0 0
-2.02391  0 0 0 0 0 0
-2.02261  0 0 0 0 0 0
-2.02131  0 0 0 0 0 0
-2.02001  0 0 0 0 0 0
-2.01871  0 0 0 0 0 0
-2.01741  0 0 0 0 0 0
-2.0161  0 0 0 0 0 0
-2.0148  0 0 0 0 0 0
-2.0135  0 0 0 0 0 0
-2.0122  0 0 0 0 0 0
-2.0109  0 0 0 0 0 0
-2.0096  0 0 0 0 0 0
-2.0083  0 0 0 0 0 0
-2.007  0 0 0 0 0 0
-2.0057  0 0 0 0 0 0
-2.0044  0 0 0 0 0 0
-2.00309  0 0 0 0 0 0
-2.00179  0 0 0 0 0 0
-2.00049  0 0 0 0 0 0
-1.99919  0 0 0 0 0 0
-1.99789  0 0 0 0 0 0
-1.99659  0 0 0 0 0 0
-1.99529  0 0 0 0 0 0
-1.99399  0 0 0 0 0 0
-1.99269  0 0 0 0 0 0
-1.99138  0 0 0 0 0 0
-1.99008  0 0 0 0 0 0
-1.98878  0 0 0 0 0 0
-1.98748  0 0 0 0 0 0
-1.98618  0 0 0 0 0 0
-1.98488  0 0 0 0 0 0
-1.98358  0 0 0 0 0 0
-1.98228  0 0 0 0 0 0
-1.98098  0 0 0 0 0 0
-1.97968  0 0 0 0 0 0
-1.97837  0 0 0 0 0 0
-1.97707  0 0 0 0 0 0
-1.97577  0 0 0 0 0 0
-1.97447  0 0 0 0 0 0
-1.97317  0 0 0 0 0 0
-1.97187  0 0 0 0 0 0
-1.97057  0 0 0 0 0 0
-1.96927  0 0 0 0 0 0
-1.96797  0 0 0 0 0 0
-1.96667  0 0 0 0 0 0
-1.96536  0 0 0 0 0 0
-1.96406  0 0 0 0 0 0
-1.96276  0 0 0 0 0 0
-1.96146  0 0 0 0 0 0
-1.96016  0 0 0 0 0 0
-1.95886  0 0 0 0 0 0
-1.95756  0 0 0 0 0 0
-1.95626  0 0 0 0 0 0
-1.95496  0 0 0 0 0 0
-1.95365  0 0 0 0 0 0
-1.95235  0 0 0 0 0 0
-1.95105  0 0 0 0 0 0
-1.94975  0 0 0 0 0 0
-1.94845  0 0 0 0 0 0
-1.94715  0.00890594 0.00890594 0.00890594 0 0 0
-1.94585  0.00912161 0.00912161 0.00912161 0 0 0
-1.94455  0.00933937 0.00933937 0.00933937 0 0 0
-1.94325  0.00955923 0.00955923 0.00955923 0 0 0
-1.94195  0.0097812 0.0097812 0.0097812 0 0 0
-1.94064  0.0100053 0.0100053 0.0100053 0 0 0
-1.93934  0.0102315 0.0102315 0.0102315 0 0 0
-1.93804  0.0104598 0.0104598 0.0104598 0 0 0
-1.93674  0.0106902 0.0106902 0.0106902 0 0 0
-1.93544  0.0109227 0.0109227 0.0109227 0 0 0
-1.93414  0.0111574 0.0111574 0.0111574 0.0087875 0.0087875 0.0087875
-1.93284  0.0113943 0.0113943 0.0113943 0.00896889 0.00896889 0.00896889
-1.93154  0.0116332 0.0116332 0.0116332 0.00915227 0.00915227 0.00915227
-1.93024  0.0118744 0.0118744 0.0118744 0.00933765 0.00933765 0.00933765
-1.92894  0.0121177 0.0121177 0.0121177 0.00952504 0.00952504 0.00952504
-1.92763  0.0123631 0.0123631 0.0123631 0.00971447 0.00971447 0.00971447
-1.92633  0.0126107 0.0126107 0.0126107 0.00990593 0.00990593 0.00990593
-1.92503  0.0128605 0.0128605 0.0128605 0.0100995 0.0100995 0.0100995
-1.92373  0.0131125 0.0131125 0.0131125 0.0102951 0.0102951 0.0102951
-1.92243  0.0133666 0.0133666 0.0133666 0.0104928 0.0104928 0.0104928
-1.92113  0.0136229 0.0136229 0.0136229 0.0106925 0.0106925 0.0106925
-1.91983  0.0138815 0.0138815 0.0138815 0.0108945 0.0108945 0.0108945
-1.91853  0.0141422 0.0141422 0.0141422 0.0110985 0.0110985 0.0110985
-1.91723  0.0144051 0.0144051 0.0144051 0.0113047 0.0113047 0.0113047
-1.91593  0.0146703 0.0146703 0.0146703 0.0115131 0.0115131 0.0115131
-1.91462  0.0149376 0.0149376 0.0149376 0.0117236 0.0117236 0.0117236
-1.91332  0.0152072 0.0152072 0.0152072 0.0119364 0.0119364 0.0119364
-1.91202  0.015479 0.015479 0.015479 0.0121513 0.0121513 0.0121513
-1.91072  0.0157531 0.0157531 0.0157531 0.0123685 0.0123685 0.0123685
-1.90942  0.0160294 0.0160294 0.0160294 0.0125879 0.0125879 0.0125879
-1.90812  0.0163079 0.0163079 0.0163079 0.0128096 0.0128096 0.0128096
-1.90682  0.0165887 0.0165887 0.0165887 0.0130336 0.0130336 0.0130336
-1.90552  0.0168718 0.0168718 0.0168718 0.0132598 0.0132598 0.0132598
-1.90422  0.0171571 0.0171571 0.0171571 0.0134884 0.0134884 0.0134884
-1.90291  0.0174447 0.0174447 0.0174447 0.0137193 0.0137193 0.0137193
-1.90161  0.0177345 0.0177345 0.0177345 0.0139525 0.0139525 0.0139525
-1.90031  0.0180267 0.0180267 0.0180267 0.0141881 0.0141881 0.0141881
-1.89901  0.0183211 0.0183211 0.0183211 0.0144261 0.0144261 0.0144261
-1.89771  0.0186179 0.0186179 0.0186179 0.0146665 0.0146665 0.0146665
-1.89641  0.0189169 0.0189169 0.0189169 0.0149093 0.0149093 0.0149093
-1.89511  0.0192183 0.0192183 0.0192183 0.0151545 0.0151545 0.0151545
-1.89381  0.019522 0.019522 0.019522 0.0154021 0.0154021 0.0154021
-1.89251  0.019828 0.019828 0.019828 0.0156522 0.0156522 0.0156522
-1.89121  0.0201363 0.0201363 0.0201363 0.0159048 0.0159048 0.0159048
-1.8899  0.020447 0.020447 0.020447 0.0161599 0.0161599 0.0161599
-1.8886  0.02076 0.02076 0.02076 0.0164175 0.0164175 0.0164175
-1.8873  0.0210753 0.0210753 0.0210753 0.0166777 0.0166777 0.0166777
-1.886  0.021393 0.021393 0.021393 0.0169404 0.0169404 0.0169404
-1.8847  0.0217131 0.0217131 0.0217131 0.0172056 0.0172056 0.0172056
-1.8834  0.0220356 0.0220356 0.0220356 0.0174735 0.0174735 0.0174735
-1.8821  0.0223604 0.0223604 0.0223604 0.017744 0.017744 0.017744
-1.8808  0.0226876 0.0226876 0.0226876 0.018017 0.018017 0.018017
-1.8795  0.0230172 0.0230172 0.0230172 0.0182928 0.0182928 0.0182928
-1.8782  0.0233492 0.0233492 0.0233492 0.0185712 0.0185712 0.0185712
-1.87689  0.0236836 0.0236836 0.0236836 0.0188522 0.0188522 0.0188522
-1.87559  0.0240204 0.0240204 0.0240204 0.019136 0.019136 0.019136
-1.87429  0.0243597 0.0243597 0.0243597 0.0194225 0.0194225 0.0194225
-1.87299  0.0247013 0.0247013 0.0247013 0.0197117 0.0197117 0.0197117
-1.87169  0.0250454 0.0250454 0.0250454 0.0200037 0.0200037 0.0200037
-1.87039  0.025392 0.025392 0.025392 0.0202985 0.0202985 0.0202985
-1.86909  0.025741 0.025741 0.025741 0.020596 0.020596 0.020596
-1.86779  0.0260924 0.0260924 0.0260924 0.0208964 0.0208964 0.0208964
-1.86649  0.0264463 0.0264463 0.0264463 0.0211996 0.0211996 0.0211996
-1.86518  0.0268027 0.0268027 0.0268027 0.0215057 0.0215057 0.0215057
-1.86388  0.0271616 0.0271616 0.0271616 0.0218146 0.0218146 0.0218146
-1.86258  0.0275229 0.0275229 0.0275229 0.0221265 0.0221265 0.0221265
-1.86128  0.0278868 0.0278868 0.0278868 0.0224412 0.0224412 0.0224412
-1.85998  0.0282531 0.0282531 0.0282531 0.0227589 0.0227589 0.0227589
-1.85868  0.028622 0.028622 0.028622 0.0230796 0.0230796 0.0230796
-1.85738  0.0289933 0.0289933 0.0289933 0.0234032 0.0234032 0.0234032
-1.85608  0.0293672 0.0293672 0.0293672 0.0237299 0.0237299 0.0237299
-1.85478  0.0297437 0.0297437 0.0297437 0.0240595 0.0240595 0.0240595
-1.85348  0.0301226 0.0301226 0.0301226 0.0243922 0.0243922 0.0243922
-1.85217  0.0305041 0.0305041 0.0305041 0.024728 0.024728 0.024728
-1.85087  0.0308882 0.0308882 0.0308882 0.0250668 0.0250668 0.0250668
-1.84957  0.0312749 0.0312749 0.0312749 0.0254088 0.0254088 0.0254088
-1.84827  0.0316641 0.0316641 0.0316641 0.0257538 0.0257538 0.0257538
-1.84697  0.0320559 0.0320559 0.0320559 0.0261021 0.0261021 0.0261021
-1.84567  0.0324503 0.0324503 0.0324503 0.0264535 0.0264535 0.0264535
-1.84437  0.0328473 0.0328473 0.0328473 0.0268081 0.0268081 0.0268081
-1.84307  0.0332469 0.0332469 0.0332469 0.0271659 0.0271659 0.0271659
-1.84177  0.0336491 0.0336491 0.0336491 0.0275269 0.0275269 0.0275269
-1.84047  0.0340539 0.0340539 0.0340539 0.0278912 0.0278912 0.0278912
-1.83916  0.0344614 0.0344614 0.0344614 0.0282588 0.0282588 0.0282588
-1.83786  0.0348715 0.0348715 0.0348715 0.0286297 0.0286297 0.0286297
-1.83656  0.0352842 0.0352842 0.0352842 0.029004 0.029004 0.029004
-1.83526  0.0356997 0.0356997 0.0356997 0.0293816 0.0293816 0.0293816
-1.83396  0.0361177 0.0361177 0.0361177 0.0297625 0.0297625 0.0297625
-1.83266  0.0365385 0.0365385 0.0365385 0.0301469 0.0301469 0.0301469
-1.83136  0.0369619 0.0369619 0.0369619 0.0305347 0.0305347 0.0305347
-1.83006  0.0373881 0.0373881 0.0373881 0.0309259 0.0309259 0.0309259
-1.82876  0.0378169 0.0378169 0.0378169 0.0313206 0.0313206 0.0313206
-1.82746  0.0382485 0.0382485 0.0382485 0.0317188 0.0317188 0.0317188
-1.82615  0.0386827 0.0386827 0.0386827 0.0321205 0.0321205 0.0321205
-1.82485  0.0391197 0.0391197 0.0391197 0.0325258 0.0325258 0.0325258
-1.82355  0.0395595 0.0395595 0.0395595 0.0329346 0.0329346 0.0329346
-1.82225  0.040002 0.040002 0.040002 0.0333471 0.0333471 0.0333471
-1.82095  0.0404472 0.0404472 0.0404472 0.0337631 0.0337631 0.0337631
-1.81965  0.0408952 0.0408952 0.0408952 0.0341828 0.0341828 0.0341828
-1.81835  0.0413461 0.0413461 0.0413461 0.034606 0.034606 0.034606
-1.81705  0.0417998 0.0417998 0.0417998 0.0350329 0.0350329 0.0350329
-1.81575  0.0422564 0.0422564 0.0422564 0.0354634 0.0354634 0.0354634
-1.81444  0.0427158 0.0427158 0.0427158 0.0358975 0.0358975 0.0358975
-1.81314  0.0431782 0.0431782 0.0431782 0.0363352 0.0363352 0.0363352
-1.81184  0.0436436 0.0436436 0.0436436 0.0367766 0.0367766 0.0367766
-1.81054  0.0441119 0.0441119 0.0441119 0.0372215 0.0372215 0.0372215
-1.80924  0.0445832 0.0445832 0.0445832 0.0376701 0.0376701 0.0376701
-1.80794  0.0450576 0.0450576 0.0450576 0.0381223 0.0381223 0.0381223
-1.80664  0.045535 0.045535 0.045535 0.0385781 0.0385781 0.0385781
-1.80534  0.0460155 0.0460155 0.0460155 0.0390376 0.0390376 0.0390376
-1.80404  0.0464992 0.0464992 0.0464992 0.0395006 0.0395006 0.0395006
-1.80274  0.046986 0.046986 0.046986 0.0399673 0.0399673 0.0399673
-1.80143  0.047476 0.047476 0.047476 0.0404376 0.0404376 0.0404376
-1.80013  0.0479691 0.0479691 0.0479691 0.0409116 0.0409116 0.0409116
-1.79883  0.0484656 0.0484656 0.0484656 0.0413891 0.0413891 0.0413891
-1.79753  0.0489653 0.0489653 0.0489653 0.0418703 0.0418703 0.0418703
-1.79623  0.0494683 0.0494683 0.0494683 0.0423551 0.0423551 0.0423551
-1.79493  0.0499746 0.0499746 0.0499746 0.0428436 0.0428436 0.0428436
-1.79363  0.0504843 0.0504843 0.0504843 0.0433357 0.0433357 0.0433357
-1.79233  0.0509973 0.0509973 0.0509973 0.0438314 0.0438314 0.0438314
-1.79103  0.0515138 0.0515138 0.0515138 0.0443307 0.0443307 0.0443307
-1.78973  0.0520337 0.0520337 0.0520337 0.0448337 0.0448337 0.0448337
-1.78842  0.0525571 0.0525571 0.0525571 0.0453403 0.0453403 0.0453403
-1.78712  0.0530841 0.0530841 0.0530841 0.0458506 0.0458506 0.0458506
-1.78582  0.0536145 0.0536145 0.0536145 0.0463645 0.0463645 0.0463645
-1.78452  0.0541486 0.0541486 0.0541486 0.046882 0.046882 0.046882
-1.78322  0.0546862 0.0546862 0.0546862 0.0474032 0.0474032 0.0474032
-1.78192  0.0552275 0.0552275 0.0552275 0.047928 0.047928 0.047928
-1.78062  0.0557725 0.0557725 0.0557725 0.0484565 0.0484565 0.0484565
-1.77932  0.0563211 0.0563211 0.0563211 0.0489886 0.0489886 0.0489886
-1.77802  0.0568735 0.0568735 0.0568735 0.0495243 0.0495243 0.0495243
-1.77671  0.0574297 0.0574297 0.0574297 0.0500637 0.0500637 0.0500637
-1.77541  0.0579896 0.0579896 0.0579896 0.0506068 0.0506068 0.0506068
-1.77411  0.0585534 0.0585534 0.0585534 0.0511535 0.0511535 0.0511535
-1.77281  0.059121 0.059121 0.059121 0.0517038 0.0517038 0.0517038
-1.77151  0.0596926 0.0596926 0.0596926 0.0522578 0.0522578 0.0522578
-1.77021  0.0602681 0.0602681 0.0602681 0.0528154 0.0528154 0.0528154
-1.76891  0.0608475 0.0608475 0.0608475 0.0533767 0.0533767 0.0533767
-1.76761  0.061431 0.061431 0.061431 0.0539417 0.0539417 0.0539417
-1.76631  0.0620185 0.0620185 0.0620185 0.0545103 0.0545103 0.0545103
-1.76501  0.06261 0.06261 0.06261 0.0550826 0.0550826 0.0550826
-1.7637  0.0632057 0.0632057 0.0632057 0.0556585 0.0556585 0.0556585
-1.7624  0.0638055 0.0638055 0.0638055 0.0562381 0.0562381 0.0562381
-1.7611  0.0644094 0.0644094 0.0644094 0.0568214 0.0568214 0.0568214
-1.7598  0.0650176 0.0650176 0.0650176 0.0574083 0.0574083 0.0574083
-1.7585  0.0656301 0.0656301 0.0656301 0.0579988 0.0579988 0.0579988
-1.7572  0.0662468 0.0662468 0.0662468 0.0585931 0.0585931 0.0585931
-1.7559  0.0668678 0.0668678 0.0668678 0.059191 0.059191 0.059191
-1.7546  0.0674932 0.0674932 0.0674932 0.0597926 0.0597926 0.0597926
-1.7533  0.0681229 0.0681229 0.0681229 0.0603978 0.0603978 0.0603978
-1.752  0.0687571 0.0687571 0.0687571 0.0610068 0.0610068 0.0610068
-1.75069  0.0693958 0.0693958 0.0693958 0.0616194 0.0616194 0.0616194
-1.74939  0.0700389 0.0700389 0.0700389 0.0622356 0.0622356 0.0622356
-1.74809  0.0706866 0.0706866 0.0706866 0.0628556 0.0628556 0.0628556
-1.74679  0.0713389 0.0713389 0.0713389 0.0634792 0.0634792 0.0634792
-1.74549  0.0719957 0.0719957 0.0719957 0.0641065 0.0641065 0.0641065
-1.74419  0.0726573 0.0726573 0.0726573 0.0647375 0.0647375 0.0647375
-1.74289  0.0733235 0.0733235 0.0733235 0.0653722 0.0653722 0.0653722
-1.74159  0.0739944 0.0739944 0.0739944 0.0660105 0.0660105 0.0660105
-1.74029  0.0746701 0.0746701 0.0746701 0.0666526 0.0666526 0.0666526
-1.73899  0.0753506 0.0753506 0.0753506 0.0672983 0.0672983 0.0672983
-1.73768  0.076036 0.076036 0.076036 0.0679477 0.0679477 0.0679477
-1.73638  0.0767262 0.0767262 0.0767262 0.0686008 0.0686008 0.0686008
-1.73508  0.0774214 0.0774214 0.0774214 0.0692576 0.0692576 0.0692576
-1.73378  0.0781215 0.0781215 0.0781215 0.0699181 0.0699181 0.0699181
-1.73248  0.0788266 0.0788266 0.0788266 0.0705823 0.0705823 0.0705823
-1.73118  0.0795368 0.0795368 0.0795368 0.0712501 0.0712501 0.0712501
-1.72988  0.080252 0.080252 0.080252 0.0719217 0.0719217 0.0719217
-1.72858  0.0809724 0.0809724 0.0809724 0.072597 0.072597 0.072597
-1.72728  0.081698 0.081698 0.081698 0.0732759 0.0732759 0.0732759
-1.72597  0.0824287 0.0824287 0.0824287 0.0739586 0.0739586 0.0739586
-1.72467  0.0831647 0.0831647 0.0831647 0.074645 0.074645 0.074645
-1.72337  0.083906 0.083906 0.083906 0.0753351 0.0753351 0.0753351
-1.72207  0.0846526 0.0846526 0.0846526 0.0760289 0.0760289 0.0760289
-1.72077  0.0854046 0.0854046 0.0854046 0.0767264 0.0767264 0.0767264
-1.71947  0.0861621 0.0861621 0.0861621 0.0774276 0.0774276 0.0774276
-1.71817  0.086925 0.086925 0.086925 0.0781325 0.0781325 0.0781325
-1.71687  0.0876933 0.0876933 0.0876933 0.0788411 0.0788411 0.0788411
-1.71557  0.0884673 0.0884673 0.0884673 0.0795535 0.0795535 0.0795535
-1.71427  0.0892468 0.0892468 0.0892468 0.0802695 0.0802695 0.0802695
-1.71296  0.090032 0.090032 0.090032 0.0809893 0.0809893 0.0809893
-1.71166  0.0908228 0.0908228 0.0908228 0.0817128 0.0817128 0.0817128
-1.71036  0.0916194 0.0916194 0.0916194 0.0824401 0.0824401 0.0824401
-1.70906  0.0924217 0.0924217 0.0924217 0.083171 0.083171 0.083171
-1.70776  0.0932299 0.0932299 0.0932299 0.0839057 0.0839057 0.0839057
-1.70646  0.0940439 0.0940439 0.0940439 0.0846441 0.0846441 0.0846441
-1.70516  0.0948638 0.0948638 0.0948638 0.0853862 0.0853862 0.0853862
-1.70386  0.0956897 0.0956897 0.0956897 0.0861321 0.0861321 0.0861321
-1.70256  0.0965216 0.0965216 0.0965216 0.0868817 0.0868817 0.0868817
-1.70126  0.0973595 0.0973595 0.0973595 0.087635 0.087635 0.087635
-1.69995  0.0982035 0.0982035 0.0982035 0.088392 0.088392 0.088392
-1.69865  0.0990537 0.0990537 0.0990537 0.0891528 0.0891528 0.0891528
-1.69735  0.09991 0.09991 0.09991 0.0899174 0.0899174 0.0899174
-1.69605  0.100773 0.100773 0.100773 0.0906856 0.0906856 0.0906856
-1.69475  0.101641 0.101641 0.101641 0.0914577 0.0914577 0.0914577
-1.69345  0.102517 0.102517 0.102517 0.0922336 0.0922336 0.0922336
-1.69215  0.103398 0.103398 0.103398 0.0930133 0.0930133 0.0930133
-1.69085  0.104286 0.104286 0.104286 0.0937968 0.0937968 0.0937968
-1.68955  0.10518 0.10518 0.10518 0.0945843 0.0945843 0.0945843
-1.68824  0.106081 0.106081 0.106081 0.0953758 0.0953758 0.0953758
-1.68694  0.106988 0.106988 0.106988 0.0961712 0.0961712 0.0961712
-1.68564  0.107902 0.107902 0.107902 0.0969705 0.0969705 0.0969705
-1.68434  0.108822 0.108822 0.108822 0.097774 0.097774 0.097774
-1.68304  0.109749 0.109749 0.109749 0.0985815 0.0985815 0.0985815
-1.68174  0.110682 0.110682 0.110682 0.0993931 0.0993931 0.0993931
-1.68044  0.111622 0.111622 0.111622 0.100209 0.100209 0.100209
-1.67914  0.112569 0.112569 0.112569 0.101029 0.101029 0.101029
-1.67784  0.113522 0.113522 0.113522 0.101853 0.101853 0.101853
-1.67654  0.114482 0.114482 0.114482 0.102681 0.102681 0.102681
-1.67523  0.115449 0.115449 0.115449 0.103514 0.103514 0.103514
-1.67393  0.116423 0.116423 0.116423 0.104351 0.104351 0.104351
-1.67263  0.117404 0.117404 0.117404 0.105192 0.105192 0.105192
-1.67133  0.118391 0.118391 0.118391 0.106038 0.106038 0.106038
-1.67003  0.119386 0.119386 0.119386 0.106888 0.106888 0.106888
-1.66873  0.120387 0.120387 0.120387 0.107742 0.107742 0.107742
-1.66743  0.121396 0.121396 0.121396 0.108601 0.108601 0.108601
-1.66613  0.122411 0.122411 0.122411 0.109464 0.109464 0.109464
-1.66483  0.123434 0.123434 0.123434 0.110333 0.110333 0.110333
-1.66353  0.124463 0.124463 0.124463 0.111205 0.111205 0.111205
-1.66222  0.1255 0.1255 0.1255 0.112082 0.112082 0.112082
-1.66092  0.126545 0.126545 0.126545 0.112964 0.112964 0.112964
-1.65962  0.127596 0.127596 0.127596 0.113851 0.113851 0.113851
-1.65832  0.128655 0.128655 0.128655 0.114742 0.114742 0.114742
-1.65702  0.129721 0.129721 0.129721 0.115638 0.115638 0.115638
-1.65572  0.130794 0.130794 0.130794 0.116539 0.116539 0.116539
-1.65442  0.131875 0.131875 0.131875 0.117445 0.117445 0.117445
-1.65312  0.132963 0.132963 0.132963 0.118355 0.118355 0.118355
-1.65182  0.134059 0.134059 0.134059 0.119271 0.119271 0.119271
-1.65051  0.135162 0.135162 0.135162 0.120191 0.120191 0.120191
-1.64921  0.136273 0.136273 0.136273 0.121117 0.121117 0.121117
-1.64791  0.137391 0.137391 0.137391 0.122047 0.122047 0.122047
-1.64661  0.138517 0.138517 0.138517 0.122983 0.122983 0.122983
-1.64531  0.139651 0.139651 0.139651 0.123924 0.123924 0.123924
-1.64401  0.140793 0.140793 0.140793 0.12487 0.12487 0.12487
-1.64271  0.141942 0.141942 0.141942 0.125821 0.125821 0.125821
-1.64141  0.143099 0.143099 0.143099 0.126777 0.126777 0.126777
-1.64011  0.144264 0.144264 0.144264 0.127738 0.127738 0.127738
-1.63881  0.145437 0.145437 0.145437 0.128705 0.128705 0.128705
-1.6375  0.146618 0.146618 0.146618 0.129677 0.129677 0.129677
-1.6362  0.147807 0.147807 0.147807 0.130655 0.130655 0.130655
-1.6349  0.149004 0.149004 0.149004 0.131638 0.131638 0.131638
-1.6336  0.150209 0.150209 0.150209 0.132626 0.132626 0.132626
-1.6323  0.151422 0.151422 0.151422 0.13362 0.13362 0.13362
-1.631  0.152644 0.152644 0.152644 0.13462 0.13462 0.13462
-1.6297  0.153873 0.153873 0.153873 0.135625 0.135625 0.135625
-1.6284  0.155111 0.155111 0.155111 0.136636 0.136636 0.136636
-1.6271  0.156357 0.156357 0.156357 0.137652 0.137652 0.137652
-1.6258  0.157612 0.157612 0.157612 0.138675 0.138675 0.138675
-1.62449  0.158875 0.158875 0.158875 0.139703 0.139703 0.139703
-1.62319  0.160146 0.160146 0.160146 0.140736 0.140736 0.140736
-1.62189  0.161426 0.161426 0.161426 0.141776 0.141776 0.141776
-1.62059  0.162715 0.162715 0.162715 0.142822 0.142822 0.142822
-1.61929  0.164012 0.164012 0.164012 0.143873 0.143873 0.143873
-1.61799  0.165317 0.165317 0.165317 0.144931 0.144931 0.144931
-1.61669  0.166632 0.166632 0.166632 0.145994 0.145994 0.145994
-1.61539  0.167955 0.167955 0.167955 0.147064 0.147064 0.147064
-1.61409  0.169287 0.169287 0.169287 0.148139 0.148139 0.148139
-1.61279  0.170628 0.170628 0.170628 0.149221 0.149221 0.149221
-1.61148  0.171978 0.171978 0.171978 0.150309 0.150309 0.150309
-1.61018  0.173336 0.173336 0.173336 0.151404 0.151404 0.151404
-1.60888  0.174704 0.174704 0.174704 0.152504 0.152504 0.152504
-1.60758  0.176081 0.176081 0.176081 0.153611 0.153611 0.153611
-1.60628  0.177466 0.177466 0.177466 0.154725 0.154725 0.154725
-1.60498  0.178861 0.178861 0.178861 0.155844 0.155844 0.155844
-1.60368  0.180266 0.180266 0.180266 0.156971 0.156971 0.156971
-1.60238  0.181679 0.181679 0.181679 0.158103 0.158103 0.158103
-1.60108  0.183102 0.183102 0.183102 0.159243 0.159243 0.159243
-1.59977  0.184534 0.184534 0.184534 0.160389 0.160389 0.160389
-1.59847  0.185975 0.185975 0.185975 0.161542 0.161542 0.161542
-1.59717  0.187426 0.187426 0.187426 0.162701 0.162701 0.162701
-1.59587  0.188886 0.188886 0.188886 0.163867 0.163867 0.163867
-1.59457  0.190356 0.190356 0.190356 0.16504 0.16504 0.16504
-1.59327  0.191836 0.191836 0.191836 0.16622 0.16622 0.16622
-1.59197  0.193324 0.193324 0.193324 0.167406 0.167406 0.167406
-1.59067  0.194823 0.194823 0.194823 0.168599 0.168599 0.168599
-1.58937  0.196331 0.196331 0.196331 0.1698 0.1698 0.1698
-1.58807  0.197849 0.197849 0.197849 0.171007 0.171007 0.171007
-1.58676  0.199376 0.199376 0.199376 0.172221 0.172221 0.172221
-1.58546  0.200914 0.200914 0.200914 0.173442 0.173442 0.173442
-1.58416  0.20246 0.20246 0.20246 0.174669 0.174669 0.174669
-1.58286  0.204017 0.204017 0.204017 0.175904 0.175904 0.175904
-1.58156  0.205584 0.205584 0.205584 0.177146 0.177146 0.177146
-1.58026  0.20716 0.20716 0.20716 0.178395 0.178395 0.178395
-1.57896  0.208747 0.208747 0.208747 0.179651 0.179651 0.179651
-1.57766  0.210343 0.210343 0.210343 0.180915 0.180915 0.180915
-1.57636  0.211949 0.211949 0.211949 0.182185 0.182185 0.182185
-1.57506  0.213565 0.213565 0.213565 0.183463 0.183463 0.183463
-1.57375  0.215192 0.215192 0.215192 0.184747 0.184747 0.184747
-1.57245  0.216828 0.216828 0.216828 0.186039 0.186039 0.186039
-1.57115  0.218474 0.218474 0.218474 0.187339 0.187339 0.187339
-1.56985  0.220131 0.220131 0.220131 0.188645 0.188645 0.188645
-1.56855  0.221798 0.221798 0.221798 0.189959 0.189959 0.189959
-1.56725  0.223475 0.223475 0.223475 0.191281 0.191281 0.191281
-1.56595  0.225162 0.225162 0.225162 0.19261 0.19261 0.19261
-1.56465  0.22686 0.22686 0.22686 0.193946 0.193946 0.193946
-1.56335  0.228568 0.228568 0.228568 0.19529 0.19529 0.19529
-1.56204  0.230286 0.230286 0.230286 0.196641 0.196641 0.196641
-1.56074  0.232015 0.232015 0.232015 0.198 0.198 0.198
-1.55944  0.233754 0.233754 0.233754 0.199366 0.199366 0.199366
-1.55814  0.235503 0.235503 0.235503 0.20074 0.20074 0.20074
-1.55684  0.237264 0.237264 0.237264 0.202121 0.202121 0.202121
-1.55554  0.239034 0.239034 0.239034 0.203511 0.203511 0.203511
-1.55424  0.240816 0.240816 0.240816 0.204908 0.204908 0.204908
-1.55294  0.242608 0.242608 0.242608 0.206312 0.206312 0.206312
-1.55164  0.24441 0.24441 0.24441 0.207725 0.207725 0.207725
-1.55034  0.246224 0.246224 0.246224 0.209145 0.209145 0.209145
-1.54903  0.248048 0.248048 0.248048 0.210573 0.210573 0.210573
-1.54773  0.249883 0.249883 0.249883 0.212009 0.212009 0.212009
-1.54643  0.251729 0.251729 0.251729 0.213453 0.213453 0.213453
-1.54513  0.253586 0.253586 0.253586 0.214905 0.214905 0.214905
-1.54383  0.255453 0.255453 0.255453 0.216365 0.216365 0.216365
-1.54253  0.257332 0.257332 0.257332 0.217833 0.217833 0.217833
-1.54123  0.259222 0.259222 0.259222 0.219308 0.219308 0.219308
-1.53993  0.261122 0.261122 0.261122 0.220792 0.220792 0.220792
-1.53863  0.263034 0.263034 0.263034 0.222285 0.222285 0.222285
-1.53733  0.264957 0.264957 0.264957 0.223785 0.223785 0.223785
-1.53602  0.266891 0.266891 0.266891 0.225293 0.225293 0.225293
-1.53472  0.268837 0.268837 0.268837 0.22681 0.22681 0.22681
-1.53342  0.270793 0.270793 0.270793 0.228335 0.228335 0.228335
-1.53212  0.272761 0.272761 0.272761 0.229868 0.229868 0.229868
-1.53082  0.274741 0.274741 0.274741 0.23141 0.23141 0.23141
-1.52952  0.276731 0.276731 0.276731 0.23296 0.23296 0.23296
-1.52822  0.278733 0.278733 0.278733 0.234518 0.234518 0.234518
-1.52692  0.280747 0.280747 0.280747 0.236085 0.236085 0.236085
-1.52562  0.282772 0.282772 0.282772 0.237661 0.237661 0.237661
-1.52432  0.284809 0.284809 0.284809 0.239245 0.239245 0.239245
-1.52301  0.286858 0.286858 0.286858 0.240837 0.240837 0.240837
-1.52171  0.288918 0.288918 0.288918 0.242438 0.242438 0.242438
-1.52041  0.290989 0.290989 0.290989 0.244048 0.244048 0.244048
-1.51911  0.293073 0.293073 0.293073 0.245667 0.245667 0.245667
-1.51781  0.295168 0.295168 0.295168 0.247294 0.247294 0.247294
-1.51651  0.297275 0.297275 0.297275 0.248929 0.248929 0.248929
-1.51521  0.299393 0.299393 0.299393 0.250574 0.250574 0.250574
-1.51391  0.301523 0.301523 0.301523 0.252226 0.252226 0.252226
-1.51261  0.303665 0.303665 0.303665 0.253887 0.253887 0.253887
-1.5113  0.305817 0.305817 0.305817 0.255557 0.255557 0.255557
-1.51  0.307982 0.307982 0.307982 0.257235 0.257235 0.257235
-1.5087  0.310158 0.310158 0.310158 0.258922 0.258922 0.258922
-1.5074  0.312345 0.312345 0.312345 0.260617 0.260617 0.260617
-1.5061  0.314543 0.314543 0.314543 0.262321 0.262321 0.262321
-1.5048  0.316753 0.316753 0.316753 0.264032 0.264032 0.264032
-1.5035  0.318974 0.318974 0.318974 0.265752 0.265752 0.265752
-1.5022  0.321207 0.321207 0.321207 0.267481 0.267481 0.267481
-1.5009  0.32345 0.32345 0.32345 0.269218 0.269218 0.269218
-1.4996  0.325705 0.325705 0.325705 0.270963 0.270963 0.270963
-1.49829  0.327971 0.327971 0.327971 0.272716 0.272716 0.272716
-1.49699  0.330248 0.330248 0.330248 0.274477 0.274477 0.274477
-1.49569  0.332536 0.332536 0.332536 0.276247 0.276247 0.276247
-1.49439  0.334835 0.334835 0.334835 0.278025 0.278025 0.278025
-1.49309  0.337145 0.337145 0.337145 0.279811 0.279811 0.279811
-1.49179  0.339466 0.339466 0.339466 0.281605 0.281605 0.281605
-1.49049  0.341798 0.341798 0.341798 0.283407 0.283407 0.283407
-1.48919  0.34414 0.34414 0.34414 0.285217 0.285217 0.285217
-1.48789  0.346494 0.346494 0.346494 0.287035 0.287035 0.287035
-1.48659  0.348858 0.348858 0.348858 0.288861 0.288861 0.288861
-1.48528  0.351233 0.351233 0.351233 0.290695 0.290695 0.290695
-1.48398  0.353619 0.353619 0.353619 0.292537 0.292537 0.292537
-1.48268  0.356016 0.356016 0.356016 0.294387 0.294387 0.294387
-1.48138  0.358423 0.358423 0.358423 0.296244 0.296244 0.296244
-1.48008  0.36084 0.36084 0.36084 0.29811 0.29811 0.29811
-1.47878  0.363268 0.363268 0.363268 0.299983 0.299983 0.299983
-1.47748  0.365707 0.365707 0.365707 0.301865 0.301865 0.301865
-1.47618  0.368156 0.368156 0.368156 0.303753 0.303753 0.303753
-1.47488  0.370616 0.370616 0.370616 0.30565 0.30565 0.30565
-1.47357  0.373086 0.373086 0.373086 0.307554 0.307554 0.307554
-1.47227  0.375566 0.375566 0.375566 0.309466 0.309466 0.309466
-1.47097  0.378057 0.378057 0.378057 0.311386 0.311386 0.311386
-1.46967  0.380557 0.380557 0.380557 0.313313 0.313313 0.313313
-1.46837  0.383068 0.383068 0.383068 0.315248 0.315248 0.315248
-1.46707  0.385589 0.385589 0.385589 0.31719 0.31719 0.31719
-1.46577  0.388121 0.388121 0.388121 0.31914 0.31914 0.31914
-1.46447  0.390662 0.390662 0.390662 0.321097 0.321097 0.321097
-1.46317  0.393213 0.393213 0.393213 0.323062 0.323062 0.323062
-1.46187  0.395775 0.395775 0.395775 0.325034 0.325034 0.325034
-1.46056  0.398346 0.398346 0.398346 0.327014 0.327014 0.327014
-1.45926  0.400927 0.400927 0.400927 0.329001 0.329001 0.329001
-1.45796  0.403518 0.403518 0.403518 0.330995 0.330995 0.330995
-1.45666  0.406119 0.406119 0.406119 0.332996 0.332996 0.332996
-1.45536  0.40873 0.40873 0.40873 0.335005 0.335005 0.335005
-1.45406  0.41135 0.41135 0.41135 0.337021 0.337021 0.337021
-1.45276  0.41398 0.41398 0.41398 0.339044 0.339044 0.339044
-1.45146  0.416619 0.416619 0.416619 0.341074 0.341074 0.341074
-1.45016  0.419269 0.419269 0.419269 0.343111 0.343111 0.343111
-1.44886  0.421927 0.421927 0.421927 0.345154 0.345154 0.345154
-1.44755  0.424595 0.424595 0.424595 0.347205 0.347205 0.347205
-1.44625  0.427273 0.427273 0.427273 0.349261 0.349261 0.349261
-1.44495  0.42996 0.42996 0.42996 0.351325 0.351325 0.351325
-1.44365  0.432656 0.432656 0.432656 0.353394 0.353394 0.353394
-1.44235  0.435362 0.435362 0.435362 0.35547 0.35547 0.35547
-1.44105  0.438076 0.438076 0.438076 0.357551 0.357551 0.357551
-1.43975  0.4408 0.4408 0.4408 0.359639 0.359639 0.359639
-1.43845  0.443533 0.443533 0.443533 0.361732 0.361732 0.361732
-1.43715  0.446275 0.446275 0.446275 0.363831 0.363831 0.363831
-1.43585  0.449026 0.449026 0.449026 0.365935 0.365935 0.365935
-1.43454  0.451787 0.451787 0.451787 0.368045 0.368045 0.368045
-1.43324  0.454556 0.454556 0.454556 0.370159 0.370159 0.370159
-1.43194  0.457333 0.457333 0.457333 0.372279 0.372279 0.372279
-1.43064  0.46012 0.46012 0.46012 0.374404 0.374404 0.374404
-1.42934  0.462916 0.462916 0.462916 0.376534 0.376534 0.376534
-1.42804  0.46572 0.46572 0.46572 0.378668 0.378668 0.378668
-1.42674  0.468533 0.468533 0.468533 0.380807 0.380807 0.380807
-1.42544  0.471354 0.471354 0.471354 0.38295 0.38295 0.38295
-1.42414  0.474184 0.474184 0.474184 0.385097 0.385097 0.385097
-1.42283  0.477023 0.477023 0.477023 0.387249 0.387249 0.387249
-1.42153  0.47987 0.47987 0.47987 0.389404 0.389404 0.389404
-1.42023  0.482725 0.482725 0.482725 0.391563 0.391563 0.391563
-1.41893  0.485589 0.485589 0.485589 0.393726 0.393726 0.393726
-1.41763  0.48846 0.48846 0.48846 0.395893 0.395893 0.395893
-1.41633  0.491341 0.491341 0.491341 0.398062 0.398062 0.398062
-1.41503  0.494229 0.494229 0.494229 0.400235 0.400235 0.400235
-1.41373  0.497125 0.497125 0.497125 0.402411 0.402411 0.402411
-1.41243  0.50003 0.50003 0.50003 0.40459 0.40459 0.40459
-1.41113  0.502942 0.502942 0.502942 0.406772 0.406772 0.406772
-1.40982  0.505862 0.505862 0.505862 0.408956 0.408956 0.408956
-1.40852  0.508791 0.508791 0.508791 0.411143 0.411143 0.411143
-1.40722  0.511727 0.511727 0.511727 0.413332 0.413332 0.413332
-1.40592  0.51467 0.51467 0.51467 0.415524 0.415524 0.415524
-1.40462  0.517622 0.517622 0.517622 0.417717 0.417717 0.417717
-1.40332  0.520581 0.520581 0.520581 0.419912 0.419912 0.419912
-1.40202  0.523547 0.523547 0.523547 0.422109 0.422109 0.422109
-1.40072  0.526522 0.526522 0.526522 0.424307 0.424307 0.424307
-1.39942  0.529503 0.529503 0.529503 0.426507 0.426507 0.426507
-1.39812  0.532492 0.532492 0.532492 0.428708 0.428708 0.428708
-1.39681  0.535488 0.535488 0.535488 0.43091 0.43091 0.43091
-1.39551  0.538492 0.538492 0.538492 0.433113 0.433113 0.433113
-1.39421  0.541502 0.541502 0.541502 0.435316 0.435316 0.435316
-1.39291  0.54452 0.54452 0.54452 0.437521 0.437521 0.437521
-1.39161  0.547544 0.547544 0.547544 0.439726 0.439726 0.439726
-1.39031  0.550575 0.550575 0.550575 0.441933 0.441933 0.441933
-1.38901  0.553613 0.553613 0.553613 0.44414 0.44414 0.44414
-1.38771  0.556657 0.556657 0.556657 0.446348 0.446348 0.446348
-1.38641  0.559708 0.559708 0.559708 0.448557 0.448557 0.448557
-1.3851  0.562764 0.562764 0.562764 0.450766 0.450766 0.450766
-1.3838  0.565827 0.565827 0.565827 0.452977 0.452977 0.452977
-1.3825  0.568895 0.568895 0.568895 0.455188 0.455188 0.455188
-1.3812  0.57197 0.57197 0.57197 0.457401 0.457401 0.457401
-1.3799  0.575049 0.575049 0.575049 0.459614 0.459614 0.459614
-1.3786  0.578135 0.578135 0.578135 0.461827 0.461827 0.461827
-1.3773  0.581225 0.581225 0.581225 0.464042 0.464042 0.464042
-1.376  0.584321 0.584321 0.584321 0.466258 0.466258 0.466258
-1.3747  0.587422 0.587422 0.587422 0.468474 0.468474 0.468474
-1.3734  0.590527 0.590527 0.590527 0.470691 0.470691 0.470691
-1.37209  0.593638 0.593638 0.593638 0.472909 0.472909 0.472909
-1.37079  0.596753 0.596753 0.596753 0.475128 0.475128 0.475128
-1.36949  0.599872 0.599872 0.599872 0.477348 0.477348 0.477348
-1.36819  0.602995 0.602995 0.602995 0.479568 0.479568 0.479568
-1.36689  0.606123 0.606123 0.606123 0.48179 0.48179 0.48179
-1.36559  0.609255 0.609255 0.609255 0.484012 0.484012 0.484012
-1.36429  0.61239 0.61239 0.61239 0.486235 0.486235 0.486235
-1.36299  0.615529 0.615529 0.615529 0.488458 0.488458 0.488458
-1.36169  0.618671 0.618671 0.618671 0.490683 0.490683 0.490683
-1.36039  0.621817 0.621817 0.621817 0.492908 0.492908 0.492908
-1.35908  0.624966 0.624966 0.624966 0.495134 0.495134 0.495134
-1.35778  0.628118 0.628118 0.628118 0.497361 0.497361 0.497361
-1.35648  0.631273 0.631273 0.631273 0.499588 0.499588 0.499588
-1.35518  0.63443 0.63443 0.63443 0.501817 0.501817 0.501817
-1.35388  0.63759 0.63759 0.63759 0.504046 0.504046 0.504046
-1.35258  0.640753 0.640753 0.640753 0.506275 0.506275 0.506275
-1.35128  0.643917 0.643917 0.643917 0.508506 0.508506 0.508506
-1.34998  0.647083 0.647083 0.647083 0.510737 0.510737 0.510737
-1.34868  0.650252 0.650252 0.650252 0.512969 0.512969 0.512969
-1.34738  0.653422 0.653422 0.653422 0.515202 0.515202 0.515202
-1.34607  0.656593 0.656593 0.656593 0.517436 0.517436 0.517436
-1.34477  0.659766 0.659766 0.659766 0.51967 0.51967 0.51967
-1.34347  0.66294 0.66294 0.66294 0.521905 0.521905 0.521905
-1.34217  0.666115 0.666115 0.666115 0.52414 0.52414 0.52414
-1.34087  0.669291 0.669291 0.669291 0.526376 0.526376 0.526376
-1.33957  0.672468 0.672468 0.672468 0.528611 0.528611 0.528611
-1.33827  0.675646 0.675646 0.675646 0.530847 0.530847 0.530847
-1.33697  0.678824 0.678824 0.678824 0.533083 0.533083 0.533083
-1.33567  0.682004 0.682004 0.682004 0.535318 0.535318 0.535318
-1.33436  0.685183 0.685183 0.685183 0.537552 0.537552 0.537552
-1.33306  0.688364 0.688364 0.688364 0.539786 0.539786 0.539786
-1.33176  0.691544 0.691544 0.691544 0.542019 0.542019 0.542019
-1.33046  0.694725 0.694725 0.694725 0.544251 0.544251 0.544251
-1.32916  0.697906 0.697906 0.697906 0.546482 0.546482 0.546482
-1.32786  0.701087 0.701087 0.701087 0.548711 0.548711 0.548711
-1.32656  0.704268 0.704268 0.704268 0.550939 0.550939 0.550939
-1.32526  0.707449 0.707449 0.707449 0.553164 0.553164 0.553164
-1.32396  0.71063 0.71063 0.71063 0.555388 0.555388 0.555388
-1.32266  0.713811 0.713811 0.713811 0.55761 0.55761 0.55761
-1.32135  0.716991 0.716991 0.716991 0.55983 0.55983 0.55983
-1.32005  0.72017 0.72017 0.72017 0.562047 0.562047 0.562047
-1.31875  0.723349 0.723349 0.723349 0.564261 0.564261 0.564261
-1.31745  0.726527 0.726527 0.726527 0.566472 0.566472 0.566472
-1.31615  0.729704 0.729704 0.729704 0.568681 0.568681 0.568681
-1.31485  0.732881 0.732881 0.732881 0.570886 0.570886 0.570886
-1.31355  0.736056 0.736056 0.736056 0.573088 0.573088 0.573088
-1.31225  0.73923 0.73923 0.73923 0.575286 0.575286 0.575286
-1.31095  0.742403 0.742403 0.742403 0.57748 0.57748 0.57748
-1.30965  0.745575 0.745575 0.745575 0.57967 0.57967 0.57967
-1.30834  0.748745 0.748745 0.748745 0.581856 0.581856 0.581856
-1.30704  0.751913 0.751913 0.751913 0.584038 0.584038 0.584038
-1.30574  0.75508 0.75508 0.75508 0.586215 0.586215 0.586215
-1.30444  0.758245 0.758245 0.758245 0.588387 0.588387 0.588387
-1.30314  0.761408 0.761408 0.761408 0.590554 0.590554 0.590554
-1.30184  0.764569 0.764569 0.764569 0.592716 0.592716 0.592716
-1.30054  0.767728 0.767728 0.767728 0.594873 0.594873 0.594873
-1.29924  0.770884 0.770884 0.770884 0.597024 0.597024 0.597024
-1.29794  0.774039 0.774039 0.774039 0.599169 0.599169 0.599169
-1.29663  0.77719 0.77719 0.77719 0.601309 0.601309 0.601309
-1.29533  0.780339 0.780339 0.780339 0.603443 0.603443 0.603443
-1.29403  0.783486 0.783486 0.783486 0.605571 0.605571 0.605571
-1.29273  0.786629 0.786629 0.786629 0.607693 0.607693 0.607693
-1.29143  0.78977 0.78977 0.78977 0.609809 0.609809 0.609809
-1.29013  0.792908 0.792908 0.792908 0.61192 0.61192 0.61192
-1.28883  0.796042 0.796042 0.796042 0.614025 0.614025 0.614025
-1.28753  0.799173 0.799173 0.799173 0.616124 0.616124 0.616124
-1.28623  0.802301 0.802301 0.802301 0.618217 0.618217 0.618217
-1.28493  0.805425 0.805425 0.805425 0.620304 0.620304 0.620304
-1.28362  0.808546 0.808546 0.808546 0.622385 0.622385 0.622385
-1.28232  0.811663 0.811663 0.811663 0.624461 0.624461 0.624461
-1.28102  0.814776 0.814776 0.814776 0.62653 0.62653 0.62653
-1.27972  0.817885 0.817885 0.817885 0.628594 0.628594 0.628594
-1.27842  0.82099 0.82099 0.82099 0.630651 0.630651 0.630651
-1.27712  0.82409 0.82409 0.82409 0.632703 0.632703 0.632703
-1.27582  0.827187 0.827187 0.827187 0.634749 0.634749 0.634749
-1.27452  0.830279 0.830279 0.830279 0.636789 0.636789 0.636789
-1.27322  0.833366 0.833366 0.833366 0.638822 0.638822 0.638822
-1.27192  0.836448 0.836448 0.836448 0.64085 0.64085 0.64085
-1.27061  0.839526 0.839526 0.839526 0.642872 0.642872 0.642872
-1.26931  0.842598 0.842598 0.842598 0.644888 0.644888 0.644888
-1.26801  0.845666 0.845666 0.845666 0.646897 0.646897 0.646897
-1.26671  0.848728 0.848728 0.848728 0.648901 0.648901 0.648901
-1.26541  0.851784 0.851784 0.851784 0.650898 0.650898 0.650898
-1.26411  0.854836 0.854836 0.854836 0.65289 0.65289 0.65289
-1.26281  0.857881 0.857881 0.857881 0.654875 0.654875 0.654875
-1.26151  0.860921 0.860921 0.860921 0.656854 0.656854 0.656854
-1.26021  0.863955 0.863955 0.863955 0.658827 0.658827 0.658827
-1.2589  0.866982 0.866982 0.866982 0.660794 0.660794 0.660794
-1.2576  0.870004 0.870004 0.870004 0.662754 0.662754 0.662754
-1.2563  0.873019 0.873019 0.873019 0.664708 0.664708 0.664708
-1.255  0.876028 0.876028 0.876028 0.666657 0.666657 0.666657
-1.2537  0.879032 0.879032 0.879032 0.668599 0.668599 0.668599
-1.2524  0.882029 0.882029 0.882029 0.670535 0.670535 0.670535
-1.2511  0.88502 0.88502 0.88502 0.672465 0.672465 0.672465
-1.2498  0.888006 0.888006 0.888006 0.674389 0.674389 0.674389
-1.2485  0.890986 0.890986 0.890986 0.676307 0.676307 0.676307
-1.2472  0.89396 0.89396 0.89396 0.67822 0.67822 0.67822
-1.24589  0.896929 0.896929 0.896929 0.680126 0.680126 0.680126
-1.24459  0.899892 0.899892 0.899892 0.682027 0.682027 0.682027
-1.24329  0.90285 0.90285 0.90285 0.683922 0.683922 0.683922
-1.24199  0.905803 0.905803 0.905803 0.685812 0.685812 0.685812
-1.24069  0.908751 0.908751 0.908751 0.687696 0.687696 0.687696
-1.23939  0.911693 0.911693 0.911693 0.689574 0.689574 0.689574
-1.23809  0.914631 0.914631 0.914631 0.691447 0.691447 0.691447
-1.23679  0.917564 0.917564 0.917564 0.693314 0.693314 0.693314
-1.23549  0.920492 0.920492 0.920492 0.695176 0.695176 0.695176
-1.23419  0.923416 0.923416 0.923416 0.697033 0.697033 0.697033
-1.23288  0.926335 0.926335 0.926335 0.698884 0.698884 0.698884
-1.23158  0.929249 0.929249 0.929249 0.70073 0.70073 0.70073
-1.23028  0.932159 0.932159 0.932159 0.702571 0.702571 0.702571
-1.22898  0.935065 0.935065 0.935065 0.704407 0.704407 0.704407
-1.22768  0.937967 0.937967 0.937967 0.706237 0.706237 0.706237
-1.22638  0.940865 0.940865 0.940865 0.708063 0.708063 0.708063
-1.22508  0.943758 0.943758 0.943758 0.709883 0.709883 0.709883
-1.22378  0.946648 0.946648 0.946648 0.711699 0.711699 0.711699
-1.22248  0.949534 0.949534 0.949534 0.71351 0.71351 0.71351
-1.22118  0.952416 0.952416 0.952416 0.715316 0.715316 0.715316
-1.21987  0.955295 0.955295 0.955295 0.717117 0.717117 0.717117
-1.21857  0.95817 0.95817 0.95817 0.718913 0.718913 0.718913
-1.21727  0.961042 0.961042 0.961042 0.720704 0.720704 0.720704
-1.21597  0.96391 0.96391 0.96391 0.72249 0.72249 0.72249
-1.21467  0.966774 0.966774 0.966774 0.724272 0.724272 0.724272
-1.21337  0.969634 0.969634 0.969634 0.726048 0.726048 0.726048
-1.21207  0.97249 0.97249 0.97249 0.727819 0.727819 0.727819
-1.21077  0.975343 0.975343 0.975343 0.729584 0.729584 0.729584
-1.20947  0.978191 0.978191 0.978191 0.731345 0.731345 0.731345
-1.20816  0.981035 0.981035 0.981035 0.733099 0.733099 0.733099
-1.20686  0.983874 0.983874 0.983874 0.734848 0.734848 0.734848
-1.20556  0.98671 0.98671 0.98671 0.736592 0.736592 0.736592
-1.20426  0.989541 0.989541 0.989541 0.738329 0.738329 0.738329
-1.20296  0.992367 0.992367 0.992367 0.740061 0.740061 0.740061
-1.20166  0.995189 0.995189 0.995189 0.741787 0.741787 0.741787
-1.20036  0.998006 0.998006 0.998006 0.743507 0.743507 0.743507
-1.19906  1.00082 1.00082 1.00082 0.74522 0.74522 0.74522
-1.19776  1.00363 1.00363 1.00363 0.746928 0.746928 0.746928
-1.19646  1.00643 1.00643 1.00643 0.748629 0.748629 0.748629
-1.19515  1.00923 1.00923 1.00923 0.750323 0.750323 0.750323
-1.19385  1.01202 1.01202 1.01202 0.752011 0.752011 0.752011
-1.19255  1.01481 1.01481 1.01481 0.753693 0.753693 0.753693
-1.19125  1.01759 1.01759 1.01759 0.755368 0.755368 0.755368
-1.18995  1.02037 1.02037 1.02037 0.757036 0.757036 0.757036
-1.18865  1.02314 1.02314 1.02314 0.758697 0.758697 0.758697
-1.18735  1.0259 1.0259 1.0259 0.760351 0.760351 0.760351
-1.18605  1.02867 1.02867 1.02867 0.761998 0.761998 0.761998
-1.18475  1.03142 1.03142 1.03142 0.763638 0.763638 0.763638
-1.18345  1.03417 1.03417 1.03417 0.76527 0.76527 0.76527
-1.18214  1.03691 1.03691 1.03691 0.766895 0.766895 0.766895
-1.18084  1.03965 1.03965 1.03965 0.768513 0.768513 0.768513
-1.17954  1.04238 1.04238 1.04238 0.770122 0.770122 0.770122
-1.17824  1.0451 1.0451 1.0451 0.771725 0.771725 0.771725
-1.17694  1.04782 1.04782 1.04782 0.773319 0.773319 0.773319
-1.17564  1.05053 1.05053 1.05053 0.774905 0.774905 0.774905
-1.17434  1.05324 1.05324 1.05324 0.776483 0.776483 0.776483
-1.17304  1.05593 1.05593 1.05593 0.778053 0.778053 0.778053
-1.17174  1.05862 1.05862 1.05862 0.779615 0.779615 0.779615
-1.17043  1.06131 1.06131 1.06131 0.781168 0.781168 0.781168
-1.16913  1.06398 1.06398 1.06398 0.782713 0.782713 0.782713
-1.16783  1.06665 1.06665 1.06665 0.784249 0.784249 0.784249
-1.16653  1.06931 1.06931 1.06931 0.785777 0.785777 0.785777
-1.16523  1.07196 1.07196 1.07196 0.787295 0.787295 0.787295
-1.16393  1.0746 1.0746 1.0746 0.788805 0.788805 0.788805
-1.16263  1.07724 1.07724 1.07724 0.790305 0.790305 0.790305
-1.16133  1.07987 1.07987 1.07987 0.791796 0.791796 0.791796
-1.16003  1.08248 1.08248 1.08248 0.793278 0.793278 0.793278
-1.15873  1.08509 1.08509 1.08509 0.794751 0.794751 0.794751
-1.15742  1.0877 1.0877 1.0877 0.796213 0.796213 0.796213
-1.15612  1.09029 1.09029 1.09029 0.797666 0.797666 0.797666
-1.15482  1.09287 1.09287 1.09287 0.79911 0.79911 0.79911
-1.15352  1.09544 1.09544 1.09544 0.800543 0.800543 0.800543
-1.15222  1.09801 1.09801 1.09801 0.801966 0.801966 0.801966
-1.15092  1.10056 1.10056 1.10056 0.803379 0.803379 0.803379
-1.14962  1.1031 1.1031 1.1031 0.804782 0.804782 0.804782
-1.14832  1.10564 1.10564 1.10564 0.806176 0.806176 0.806176
-1.14702  1.10817 1.10817 1.10817 0.807559 0.807559 0.807559
-1.14572  1.11069 1.11069 1.11069 0.808933 0.808933 0.808933
-1.14441  1.1132 1.1132 1.1132 0.810297 0.810297 0.810297
-1.14311  1.11571 1.11571 1.11571 0.811652 0.811652 0.811652
-1.14181  1.11821 1.11821 1.11821 0.812997 0.812997 0.812997
-1.14051  1.1207 1.1207 1.1207 0.814333 0.814333 0.814333
-1.13921  1.12318 1.12318 1.12318 0.815659 0.815659 0.815659
-1.13791  1.12566 1.12566 1.12566 0.816977 0.816977 0.816977
-1.13661  1.12813 1.12813 1.12813 0.818285 0.818285 0.818285
-1.13531  1.1306 1.1306 1.1306 0.819584 0.819584 0.819584
-1.13401  1.13306 1.13306 1.13306 0.820873 0.820873 0.820873
-1.13271  1.13552 1.13552 1.13552 0.822154 0.822154 0.822154
-1.1314  1.13797 1.13797 1.13797 0.823427 0.823427 0.823427
-1.1301  1.14042 1.14042 1.14042 0.82469 0.82469 0.82469
-1.1288  1.14287 1.14287 1.14287 0.825945 0.825945 0.825945
-1.1275  1.14531 1.14531 1.14531 0.827191 0.827191 0.827191
-1.1262  1.14775 1.14775 1.14775 0.828428 0.828428 0.828428
-1.1249  1.15018 1.15018 1.15018 0.829657 0.829657 0.829657
-1.1236  1.15262 1.15262 1.15262 0.830878 0.830878 0.830878
-1.1223  1.15505 1.15505 1.15505 0.83209 0.83209 0.83209
-1.121  1.15748 1.15748 1.15748 0.833294 0.833294 0.833294
-1.11969  1.1599 1.1599 1.1599 0.83449 0.83449 0.83449
-1.11839  1.16232 1.16232 1.16232 0.835676 0.835676 0.835676
-1.11709  1.16473 1.16473 1.16473 0.836854 0.836854 0.836854
-1.11579  1.16713 1.16713 1.16713 0.838024 0.838024 0.838024
-1.11449  1.16953 1.16953 1.16953 0.839184 0.839184 0.839184
-1.11319  1.17191 1.17191 1.17191 0.840335 0.840335 0.840335
-1.11189  1.17429 1.17429 1.17429 0.841477 0.841477 0.841477
-1.11059  1.17665 1.17665 1.17665 0.842609 0.842609 0.842609
-1.10929  1.179 1.179 1.179 0.843732 0.843732 0.843732
-1.10799  1.18134 1.18134 1.18134 0.844846 0.844846 0.844846
-1.10668  1.18366 1.18366 1.18366 0.845949 0.845949 0.845949
-1.10538  1.18597 1.18597 1.18597 0.847043 0.847043 0.847043
-1.10408  1.18825 1.18825 1.18825 0.848127 0.848127 0.848127
-1.10278  1.19052 1.19052 1.19052 0.849201 0.849201 0.849201
-1.10148  1.19277 1.19277 1.19277 0.850265 0.850265 0.850265
-1.10018  1.195 1.195 1.195 0.851318 0.851318 0.851318
-1.09888  1.1972 1.1972 1.1972 0.852361 0.852361 0.852361
-1.09758  1.19939 1.19939 1.19939 0.853394 0.853394 0.853394
-1.09628  1.20154 1.20154 1.20154 0.854415 0.854415 0.854415
-1.09498  1.20368 1.20368 1.20368 0.855426 0.855426 0.855426
-1.09367  1.20578 1.20578 1.20578 0.856426 0.856426 0.856426
-1.09237  1.20786 1.20786 1.20786 0.857414 0.857414 0.857414
-1.09107  1.20992 1.20992 1.20992 0.858391 0.858391 0.858391
-1.08977  1.21195 1.21195 1.21195 0.859355 0.859355 0.859355
-1.08847  1.21396 1.21396 1.21396 0.860307 0.860307 0.860307
-1.08717  1.21594 1.21594 1.21594 0.861247 0.861247 0.861247
-1.08587  1.2179 1.2179 1.2179 0.862173 0.862173 0.862173
-1.08457  1.21983 1.21983 1.21983 0.863086 0.863086 0.863086
-1.08327  1.22175 1.22175 1.22175 0.863984 0.863984 0.863984
-1.08196  1.22364 1.22364 1.22364 0.864869 0.864869 0.864869
-1.08066  1.2255 1.2255 1.2255 0.865739 0.865739 0.865739
-1.07936  1.22735 1.22735 1.22735 0.866594 0.866594 0.866594
-1.07806  1.22918 1.22918 1.22918 0.867434 0.867434 0.867434
-1.07676  1.23098 1.23098 1.23098 0.868259 0.868259 0.868259
-1.07546  1.23277 1.23277 1.23277 0.869067 0.869067 0.869067
-1.07416  1.23453 1.23453 1.23453 0.869859 0.869859 0.869859
-1.07286  1.23628 1.23628 1.23628 0.870634 0.870634 0.870634
-1.07156  1.238 1.238 1.238 0.871392 0.871392 0.871392
-1.07026  1.23971 1.23971 1.23971 0.872132 0.872132 0.872132
-1.06895  1.2414 1.2414 1.2414 0.872855 0.872855 0.872855
-1.06765  1.24308 1.24308 1.24308 0.873559 0.873559 0.873559
-1.06635  1.24473 1.24473 1.24473 0.874245 0.874245 0.874245
-1.06505  1.24636 1.24636 1.24636 0.874913 0.874913 0.874913
-1.06375  1.24797 1.24797 1.24797 0.875562 0.875562 0.875562
-1.06245  1.24956 1.24956 1.24956 0.876192 0.876192 0.876192
-1.06115  1.25112 1.25112 1.25112 0.876804 0.876804 0.876804
-1.05985  1.25266 1.25266 1.25266 0.877396 0.877396 0.877396
-1.05855  1.25417 1.25417 1.25417 0.877969 0.877969 0.877969
-1.05725  1.25565 1.25565 1.25565 0.878523 0.878523 0.878523
-1.05594  1.2571 1.2571 1.2571 0.879057 0.879057 0.879057
-1.05464  1.25852 1.25852 1.25852 0.879572 0.879572 0.879572
-1.05334  1.25991 1.25991 1.25991 0.880067 0.880067 0.880067
-1.05204  1.26127 1.26127 1.26127 0.880542 0.880542 0.880542
-1.05074  1.26259 1.26259 1.26259 0.880997 0.880997 0.880997
-1.04944  1.26387 1.26387 1.26387 0.881431 0.881431 0.881431
-1.04814  1.26511 1.26511 1.26511 0.881846 0.881846 0.881846
-1.04684  1.26632 1.26632 1.26632 0.88224 0.88224 0.88224
-1.04554  1.26748 1.26748 1.26748 0.882613 0.882613 0.882613
-1.04424  1.2686 1.2686 1.2686 0.882965 0.882965 0.882965
-1.04293  1.26968 1.26968 1.26968 0.883297 0.883297 0.883297
-1.04163  1.27072 1.27072 1.27072 0.883609 0.883609 0.883609
-1.04033  1.27172 1.27172 1.27172 0.883902 0.883902 0.883902
-1.03903  1.27268 1.27268 1.27268 0.884178 0.884178 0.884178
-1.03773  1.27361 1.27361 1.27361 0.884438 0.884438 0.884438
-1.03643  1.27451 1.27451 1.27451 0.884682 0.884682 0.884682
-1.03513  1.27538 1.27538 1.27538 0.884912 0.884912 0.884912
-1.03383  1.27622 1.27622 1.27622 0.885129 0.885129 0.885129
-1.03253  1.27703 1.27703 1.27703 0.885334 0.885334 0.885334
-1.03122  1.27782 1.27782 1.27782 0.885528 0.885528 0.885528
-1.02992  1.27859 1.27859 1.27859 0.885713 0.885713 0.885713
-1.02862  1.27934 1.27934 1.27934 0.885889 0.885889 0.885889
-1.02732  1.28008 1.28008 1.28008 0.886058 0.886058 0.886058
-1.02602  1.2808 1.2808 1.2808 0.88622 0.88622 0.88622
-1.02472  1.28151 1.28151 1.28151 0.886377 0.886377 0.886377
-1.02342  1.28222 1.28222 1.28222 0.886531 0.886531 0.886531
-1.02212  1.28291 1.28291 1.28291 0.886682 0.886682 0.886682
-1.02082  1.28305 1.28305 1.28305 0.886489 0.886489 0.886489
-1.01952  1.27921 1.27921 1.27921 0.883837 0.883837 0.883837
-1.01821  1.27538 1.27538 1.27538 0.881193 0.881193 0.881193
-1.01691  1.27157 1.27157 1.27157 0.878557 0.878557 0.878557
-1.01561  1.26777 1.26777 1.26777 0.875929 0.875929 0.875929
-1.01431  1.26397 1.26397 1.26397 0.873309 0.873309 0.873309
-1.01301  1.26019 1.26019 1.26019 0.870697 0.870697 0.870697
-1.01171  1.25642 1.25642 1.25642 0.868092 0.868092 0.868092
-1.01041  1.25266 1.25266 1.25266 0.865496 0.865496 0.865496
-1.00911  1.24892 1.24892 1.24892 0.862907 0.862907 0.862907
-1.00781  1.24518 1.24518 1.24518 0.860326 0.860326 0.860326
-1.00651  1.24146 1.24146 1.24146 0.857752 0.857752 0.857752
-1.0052  1.23774 1.23774 1.23774 0.855186 0.855186 0.855186
-1.0039  1.23404 1.23404 1.23404 0.852628 0.852628 0.852628
-1.0026  1.23035 1.23035 1.23035 0.850078 0.850078 0.850078
-1.0013  1.22667 1.22667 1.22667 0.847535 0.847535 0.847535
-1  1.223 1.223 1.223 0.845 0.845 0.845
