-2.30103 0.01021 0.01021 0.01021 0.01021 0.01021 0.01021
-2.29973 0.0102409 0.0102409 0.0102409 0.0102409 0.0102409 0.0102409
-2.29843 0.0102719 0.0102719 0.0102719 0.0102719 0.0102719 0.0102719
-2.29712 0.010303 0.010303 0.010303 0.010303 0.010303 0.010303
-2.29582 0.0103342 0.0103342 0.0103342 0.0103342 0.0103342 0.0103342
-2.29452 0.0103655 0.0103655 0.0103655 0.0103655 0.0103655 0.0103655
-2.29322 0.0103968 0.0103968 0.0103968 0.0103968 0.0103968 0.0103968
-2.29191 0.0104281 0.0104281 0.0104281 0.0104281 0.0104281 0.0104281
-2.29061 0.0104593 0.0104593 0.0104593 0.0104593 0.0104593 0.0104593
-2.28931 0.0104906 0.0104906 0.0104906 0.0104906 0.0104906 0.0104906
-2.28801 0.0105219 0.0105219 0.0105219 0.0105219 0.0105219 0.0105219
-2.2867 0.0105534 0.0105534 0.0105534 0.0105534 0.0105534 0.0105534
-2.2854 0.010585 0.010585 0.010585 0.010585 0.010585 0.010585
-2.2841 0.0106167 0.0106167 0.0106167 0.0106167 0.0106167 0.0106167
-2.2828 0.0106487 0.0106487 0.0106487 0.0106487 0.0106487 0.0106487
-2.2815 0.0106808 0.0106808 0.0106808 0.0106808 0.0106808 0.0106808
-2.28019 0.0107132 0.0107132 0.0107132 0.0107132 0.0107132 0.0107132
-2.27889 0.0107456 0.0107456 0.0107456 0.0107456 0.0107456 0.0107456
-2.27759 0.010778 0.010778 0.010778 0.010778 0.010778 0.010778
-2.27629 0.0108105 0.0108105 0.0108105 0.0108105 0.0108105 0.0108105
-2.27498 0.010843 0.010843 0.010843 0.010843 0.010843 0.010843
-2.27368 0.0108754 0.0108754 0.0108754 0.0108754 0.0108754 0.0108754
-2.27238 0.0109079 0.0109079 0.0109079 0.0109079 0.0109079 0.0109079
-2.27108 0.0109404 0.0109404 0.0109404 0.0109404 0.0109404 0.0109404
-2.26977 0.0109731 0.0109731 0.0109731 0.0109731 0.0109731 0.0109731
-2.26847 0.0110059 0.0110059 0.0110059 0.0110059 0.0110059 0.0110059
-2.26717 0.0110389 0.0110389 0.0110389 0.0110389 0.0110389 0.0110389
-2.26587 0.0110721 0.0110721 0.0110721 0.0110721 0.0110721 0.0110721
-2.26456 0.0111055 0.0111055 0.0111055 0.0111055 0.0111055 0.0111055
-2.26326 0.0111391 0.0111391 0.0111391 0.0111391 0.0111391 0.0111391
-2.26196 0.0111727 0.0111727 0.0111727 0.0111727 0.0111727 0.0111727
-2.26066 0.0112064 0.0112064 0.0112064 0.0112064 0.0112064 0.0112064
-2.25936 0.01124 0.01124 0.01124 0.01124 0.01124 0.01124
-2.25805 0.0112736 0.0112736 0.0112736 0.0112736 0.0112736 0.0112736
-2.25675 0.0113073 0.0113073 0.0113073 0.0113073 0.0113073 0.0113073
-2.25545 0.011341 0.011341 0.011341 0.011341 0.011341 0.011341
-2.25415 0.0113748 0.0113748 0.0113748 0.0113748 0.0113748 0.0113748
-2.25284 0.0114087 0.0114087 0.0114087 0.0114087 0.0114087 0.0114087
-2.25154 0.0114428 0.0114428 0.0114428 0.0114428 0.0114428 0.0114428
-2.25024 0.0114771 0.0114771 0.0114771 0.0114771 0.0114771 0.0114771
-2.24894 0.0115116 0.0115116 0.0115116 0.0115116 0.0115116 0.0115116
-2.24763 0.0115463 0.0115463 0.0115463 0.0115463 0.0115463 0.0115463
-2.24633 0.0115811 0.0115811 0.0115811 0.0115811 0.0115811 0.0115811
-2.24503 0.011616 0.011616 0.011616 0.011616 0.011616 0.011616
-2.24373 0.011651 0.011651 0.011651 0.011651 0.011651 0.011651
-2.24243 0.0116861 0.0116861 0.0116861 0.0116861 0.0116861 0.0116861
-2.24112 0.0117213 0.0117213 0.0117213 0.0117213 0.0117213 0.0117213
-2.23982 0.0117565 0.0117565 0.0117565 0.0117565 0.0117565 0.0117565
-2.23852 0.0117918 0.0117918 0.0117918 0.0117918 0.0117918 0.0117918
-2.23722 0.0118273 0.0118273 0.0118273 0.0118273 0.0118273 0.0118273
-2.23591 0.0118628 0.0118628 0.0118628 0.0118628 0.0118628 0.0118628
-2.23461 0.0118985 0.0118985 0.0118985 0.0118985 0.0118985 0.0118985
-2.23331 0.0119342 0.0119342 0.0119342 0.0119342 0.0119342 0.0119342
-2.23201 0.0119701 0.0119701 0.0119701 0.0119701 0.0119701 0.0119701
-2.2307 0.012006 0.012006 0.012006 0.012006 0.012006 0.012006
-2.2294 0.0120421 0.0120421 0.0120421 0.0120421 0.0120421 0.0120421
-2.2281 0.0120783 0.0120783 0.0120783 0.0120783 0.0120783 0.0120783
-2.2268 0.0121146 0.0121146 0.0121146 0.0121146 0.0121146 0.0121146
-2.22549 0.0121509 0.0121509 0.0121509 0.0121509 0.0121509 0.0121509
-2.22419 0.0121874 0.0121874 0.0121874 0.0121874 0.0121874 0.0121874
-2.22289 0.012224 0.012224 0.012224 0.012224 0.012224 0.012224
-2.22159 0.0122607 0.0122607 0.0122607 0.0122607 0.0122607 0.0122607
-2.22029 0.0122975 0.0122975 0.0122975 0.0122975 0.0122975 0.0122975
-2.21898 0.0123344 0.0123344 0.0123344 0.0123344 0.0123344 0.0123344
-2.21768 0.0123714 0.0123714 0.0123714 0.0123714 0.0123714 0.0123714
-2.21638 0.0124085 0.0124085 0.0124085 0.0124085 0.0124085 0.0124085
-2.21508 0.0124457 0.0124457 0.0124457 0.0124457 0.0124457 0.0124457
-2.21377 0.0124831 0.0124831 0.0124831 0.0124831 0.0124831 0.0124831
-2.21247 0.0125206 0.0125206 0.0125206 0.0125206 0.0125206 0.0125206
-2.21117 0.0125581 0.0125581 0.0125581 0.0125581 0.0125581 0.0125581
-2.20987 0.0125958 0.0125958 0.0125958 0.0125958 0.0125958 0.0125958
-2.20856 0.0126335 0.0126335 0.0126335 0.0126335 0.0126335 0.0126335
-2.20726 0.0126714 0.0126714 0.0126714 0.0126714 0.0126714 0.0126714
-2.20596 0.0127093 0.0127093 0.0127093 0.0127093 0.0127093 0.0127093
-2.20466 0.0127473 0.0127473 0.0127473 0.0127473 0.0127473 0.0127473
-2.20336 0.0127855 0.0127855 0.0127855 0.0127855 0.0127855 0.0127855
-2.20205 0.0128238 0.0128238 0.0128238 0.0128238 0.0128238 0.0128238
-2.20075 0.0128624 0.0128624 0.0128624 0.0128624 0.0128624 0.0128624
-2.19945 0.0129012 0.0129012 0.0129012 0.0129012 0.0129012 0.0129012
-2.19815 0.0129402 0.0129402 0.0129402 0.0129402 0.0129402 0.0129402
-2.19684 0.0129793 0.0129793 0.0129793 0.0129793 0.0129793 0.0129793
-2.19554 0.0130185 0.0130185 0.0130185 0.0130185 0.0130185 0.0130185
-2.19424 0.0130577 0.0130577 0.0130577 0.0130577 0.0130577 0.0130577
-2.19294 0.0130969 0.0130969 0.0130969 0.0130969 0.0130969 0.0130969
-2.19163 0.0131361 0.0131361 0.0131361 0.0131361 0.0131361 0.0131361
-2.19033 0.0131754 0.0131754 0.0131754 0.0131754 0.0131754 0.0131754
-2.18903 0.0132147 0.0132147 0.0132147 0.0132147 0.0132147 0.0132147
-2.18773 0.0132543 0.0132543 0.0132543 0.0132543 0.0132543 0.0132543
-2.18642 0.0132941 0.0132941 0.0132941 0.0132941 0.0132941 0.0132941
-2.18512 0.0133342 0.0133342 0.0133342 0.0133342 0.0133342 0.0133342
-2.18382 0.0133744 0.0133744 0.0133744 0.0133744 0.0133744 0.0133744
-2.18252 0.0134148 0.0134148 0.0134148 0.0134148 0.0134148 0.0134148
-2.18122 0.0134552 0.0134552 0.0134552 0.0134552 0.0134552 0.0134552
-2.17991 0.0134956 0.0134956 0.0134956 0.0134956 0.0134956 0.0134956
-2.17861 0.013536 0.013536 0.013536 0.013536 0.013536 0.013536
-2.17731 0.0135764 0.0135764 0.0135764 0.0135764 0.0135764 0.0135764
-2.17601 0.0136169 0.0136169 0.0136169 0.0136169 0.0136169 0.0136169
-2.1747 0.0136576 0.0136576 0.0136576 0.0136576 0.0136576 0.0136576
-2.1734 0.0136986 0.0136986 0.0136986 0.0136986 0.0136986 0.0136986
-2.1721 0.0137399 0.0137399 0.0137399 0.0137399 0.0137399 0.0137399
-2.1708 0.0137813 0.0137813 0.0137813 0.0137813 0.0137813 0.0137813
-2.16949 0.0138229 0.0138229 0.0138229 0.0138229 0.0138229 0.0138229
-2.16819 0.0138644 0.0138644 0.0138644 0.0138644 0.0138644 0.0138644
-2.16689 0.0139059 0.0139059 0.0139059 0.0139059 0.0139059 0.0139059
-2.16559 0.0139474 0.0139474 0.0139474 0.0139474 0.0139474 0.0139474
-2.16429 0.013989 0.013989 0.013989 0.013989 0.013989 0.013989
-2.16298 0.0140311 0.0140311 0.0140311 0.0140311 0.0140311 0.0140311
-2.16168 0.0140737 0.0140737 0.0140737 0.0140737 0.0140737 0.0140737
-2.16038 0.0141172 0.0141172 0.0141172 0.0141172 0.0141172 0.0141172
-2.15908 0.0141613 0.0141613 0.0141613 0.0141613 0.0141613 0.0141613
-2.15777 0.0142054 0.0142054 0.0142054 0.0142054 0.0142054 0.0142054
-2.15647 0.014249 0.014249 0.014249 0.014249 0.014249 0.014249
-2.15517 0.0142915 0.0142915 0.0142915 0.0142915 0.0142915 0.0142915
-2.15387 0.0143325 0.0143325 0.0143325 0.0143325 0.0143325 0.0143325
-2.15256 0.0143725 0.0143725 0.0143725 0.0143725 0.0143725 0.0143725
-2.15126 0.0144124 0.0144124 0.0144124 0.0144124 0.0144124 0.0144124
-2.14996 0.0144532 0.0144532 0.0144532 0.0144532 0.0144532 0.0144532
-2.14866 0.0144958 0.0144958 0.0144958 0.0144958 0.0144958 0.0144958
-2.14735 0.0145407 0.0145407 0.0145407 0.0145407 0.0145407 0.0145407
-2.14605 0.0145873 0.0145873 0.0145873 0.0145873 0.0145873 0.0145873
-2.14475 0.0146344 0.0146344 0.0146344 0.0146344 0.0146344 0.0146344
-2.14345 0.014681 0.014681 0.014681 0.014681 0.014681 0.014681
-2.14215 0.0147262 0.0147262 0.0147262 0.0147262 0.0147262 0.0147262
-2.14084 0.0147695 0.0147695 0.0147695 0.0147695 0.0147695 0.0147695
-2.13954 0.0148117 0.0148117 0.0148117 0.0148117 0.0148117 0.0148117
-2.13824 0.0148535 0.0148535 0.0148535 0.0148535 0.0148535 0.0148535
-2.13694 0.0148956 0.0148956 0.0148956 0.0148956 0.0148956 0.0148956
-2.13563 0.0149387 0.0149387 0.0149387 0.0149387 0.0149387 0.0149387
-2.13433 0.0149829 0.0149829 0.0149829 0.0149829 0.0149829 0.0149829
-2.13303 0.015028 0.015028 0.015028 0.015028 0.015028 0.015028
-2.13173 0.0150739 0.0150739 0.0150739 0.0150739 0.0150739 0.0150739
-2.13042 0.0151205 0.0151205 0.0151205 0.0151205 0.0151205 0.0151205
-2.12912 0.0151676 0.0151676 0.0151676 0.0151676 0.0151676 0.0151676
-2.12782 0.015215 0.015215 0.015215 0.015215 0.015215 0.015215
-2.12652 0.0152626 0.0152626 0.0152626 0.0152626 0.0152626 0.0152626
-2.12522 0.01531 0.01531 0.01531 0.01531 0.01531 0.01531
-2.12391 0.0153571 0.0153571 0.0153571 0.0153571 0.0153571 0.0153571
-2.12261 0.0154039 0.0154039 0.0154039 0.0154039 0.0154039 0.0154039
-2.12131 0.0154505 0.0154505 0.0154505 0.0154505 0.0154505 0.0154505
-2.12001 0.015497 0.015497 0.015497 0.015497 0.015497 0.015497
-2.1187 0.0155436 0.0155436 0.0155436 0.0155436 0.0155436 0.0155436
-2.1174 0.0155902 0.0155902 0.0155902 0.0155902 0.0155902 0.0155902
-2.1161 0.0156366 0.0156366 0.0156366 0.0156366 0.0156366 0.0156366
-2.1148 0.0156825 0.0156825 0.0156825 0.0156825 0.0156825 0.0156825
-2.11349 0.0157278 0.0157278 0.0157278 0.0157278 0.0157278 0.0157278
-2.11219 0.0157724 0.0157724 0.0157724 0.0157724 0.0157724 0.0157724
-2.11089 0.0158168 0.0158168 0.0158168 0.0158168 0.0158168 0.0158168
-2.10959 0.0158621 0.0158621 0.0158621 0.0158621 0.0158621 0.0158621
-2.10828 0.015909 0.015909 0.015909 0.015909 0.015909 0.015909
-2.10698 0.0159582 0.0159582 0.0159582 0.0159582 0.0159582 0.0159582
-2.10568 0.0160093 0.0160093 0.0160093 0.0160093 0.0160093 0.0160093
-2.10438 0.016061 0.016061 0.016061 0.016061 0.016061 0.016061
-2.10308 0.0161123 0.0161123 0.0161123 0.0161123 0.0161123 0.0161123
-2.10177 0.0161618 0.0161618 0.0161618 0.0161618 0.0161618 0.0161618
-2.10047 0.0162094 0.0162094 0.0162094 0.0162094 0.0162094 0.0162094
-2.09917 0.016256 0.016256 0.016256 0.016256 0.016256 0.016256
-2.09787 0.0163027 0.0163027 0.0163027 0.0163027 0.0163027 0.0163027
-2.09656 0.0163503 0.0163503 0.0163503 0.0163503 0.0163503 0.0163503
-2.09526 0.0163994 0.0163994 0.0163994 0.0163994 0.0163994 0.0163994
-2.09396 0.0164493 0.0164493 0.0164493 0.0164493 0.0164493 0.0164493
-2.09266 0.0164995 0.0164995 0.0164995 0.0164995 0.0164995 0.0164995
-2.09135 0.0165493 0.0165493 0.0165493 0.0165493 0.0165493 0.0165493
-2.09005 0.0165984 0.0165984 0.0165984 0.0165984 0.0165984 0.0165984
-2.08875 0.016647 0.016647 0.016647 0.016647 0.016647 0.016647
-2.08745 0.0166959 0.0166959 0.0166959 0.0166959 0.0166959 0.0166959
-2.08615 0.0167455 0.0167455 0.0167455 0.0167455 0.0167455 0.0167455
-2.08484 0.0167961 0.0167961 0.0167961 0.0167961 0.0167961 0.0167961
-2.08354 0.0168476 0.0168476 0.0168476 0.0168476 0.0168476 0.0168476
-2.08224 0.0168995 0.0168995 0.0168995 0.0168995 0.0168995 0.0168995
-2.08094 0.0169513 0.0169513 0.0169513 0.0169513 0.0169513 0.0169513
-2.07963 0.0170027 0.0170027 0.0170027 0.0170027 0.0170027 0.0170027
-2.07833 0.0170536 0.0170536 0.0170536 0.0170536 0.0170536 0.0170536
-2.07703 0.0171042 0.0171042 0.0171042 0.0171042 0.0171042 0.0171042
-2.07573 0.0171545 0.0171545 0.0171545 0.0171545 0.0171545 0.0171545
-2.07442 0.0172046 0.0172046 0.0172046 0.0172046 0.0172046 0.0172046
-2.07312 0.0172546 0.0172546 0.0172546 0.0172546 0.0172546 0.0172546
-2.07182 0.0173048 0.0173048 0.0173048 0.0173048 0.0173048 0.0173048
-2.07052 0.0173554 0.0173554 0.0173554 0.0173554 0.0173554 0.0173554
-2.06921 0.0174067 0.0174067 0.0174067 0.0174067 0.0174067 0.0174067
-2.06791 0.0174588 0.0174588 0.0174588 0.0174588 0.0174588 0.0174588
-2.06661 0.0175119 0.0175119 0.0175119 0.0175119 0.0175119 0.0175119
-2.06531 0.0175663 0.0175663 0.0175663 0.0175663 0.0175663 0.0175663
-2.06401 0.0176218 0.0176218 0.0176218 0.0176218 0.0176218 0.0176218
-2.0627 0.0176775 0.0176775 0.0176775 0.0176775 0.0176775 0.0176775
-2.0614 0.0177324 0.0177324 0.0177324 0.0177324 0.0177324 0.0177324
-2.0601 0.0177854 0.0177854 0.0177854 0.0177854 0.0177854 0.0177854
-2.0588 0.0178364 0.0178364 0.0178364 0.0178364 0.0178364 0.0178364
-2.05749 0.0178869 0.0178869 0.0178869 0.0178869 0.0178869 0.0178869
-2.05619 0.0179383 0.0179383 0.0179383 0.0179383 0.0179383 0.0179383
-2.05489 0.0179924 0.0179924 0.0179924 0.0179924 0.0179924 0.0179924
-2.05359 0.018049 0.018049 0.018049 0.018049 0.018049 0.018049
-2.05228 0.0181067 0.0181067 0.0181067 0.0181067 0.0181067 0.0181067
-2.05098 0.0181638 0.0181638 0.0181638 0.0181638 0.0181638 0.0181638
-2.04968 0.0182189 0.0182189 0.0182189 0.0182189 0.0182189 0.0182189
-2.04838 0.0182721 0.0182721 0.0182721 0.0182721 0.0182721 0.0182721
-2.04708 0.0183245 0.0183245 0.0183245 0.0183245 0.0183245 0.0183245
-2.04577 0.0183772 0.0183772 0.0183772 0.0183772 0.0183772 0.0183772
-2.04447 0.018431 0.018431 0.018431 0.018431 0.018431 0.018431
-2.04317 0.0184861 0.0184861 0.0184861 0.0184861 0.0184861 0.0184861
-2.04187 0.0185424 0.0185424 0.0185424 0.0185424 0.0185424 0.0185424
-2.04056 0.0186 0.0186 0.0186 0.0186 0.0186 0.0186
-2.03926 0.0186584 0.0186584 0.0186584 0.0186584 0.0186584 0.0186584
-2.03796 0.0187168 0.0187168 0.0187168 0.0187168 0.0187168 0.0187168
-2.03666 0.0187742 0.0187742 0.0187742 0.0187742 0.0187742 0.0187742
-2.03535 0.01883 0.01883 0.01883 0.01883 0.01883 0.01883
-2.03405 0.0188843 0.0188843 0.0188843 0.0188843 0.0188843 0.0188843
-2.03275 0.018938 0.018938 0.018938 0.018938 0.018938 0.018938
-2.03145 0.0189922 0.0189922 0.0189922 0.0189922 0.0189922 0.0189922
-2.03014 0.0190475 0.0190475 0.0190475 0.0190475 0.0190475 0.0190475
-2.02884 0.019104 0.019104 0.019104 0.019104 0.019104 0.019104
-2.02754 0.0191616 0.0191616 0.0191616 0.0191616 0.0191616 0.0191616
-2.02624 0.0192201 0.0192201 0.0192201 0.0192201 0.0192201 0.0192201
-2.02494 0.0192793 0.0192793 0.0192793 0.0192793 0.0192793 0.0192793
-2.02363 0.0193387 0.0193387 0.0193387 0.0193387 0.0193387 0.0193387
-2.02233 0.0193976 0.0193976 0.0193976 0.0193976 0.0193976 0.0193976
-2.02103 0.0194557 0.0194557 0.0194557 0.0194557 0.0194557 0.0194557
-2.01973 0.0195136 0.0195136 0.0195136 0.0195136 0.0195136 0.0195136
-2.01842 0.0195723 0.0195723 0.0195723 0.0195723 0.0195723 0.0195723
-2.01712 0.0196325 0.0196325 0.0196325 0.0196325 0.0196325 0.0196325
-2.01582 0.0196939 0.0196939 0.0196939 0.0196939 0.0196939 0.0196939
-2.01452 0.0197553 0.0197553 0.0197553 0.0197553 0.0197553 0.0197553
-2.01321 0.019815 0.019815 0.019815 0.019815 0.019815 0.019815
-2.01191 0.0198724 0.0198724 0.0198724 0.0198724 0.0198724 0.0198724
-2.01061 0.0199287 0.0199287 0.0199287 0.0199287 0.0199287 0.0199287
-2.00931 0.019986 0.019986 0.019986 0.019986 0.019986 0.019986
-2.00801 0.0200462 0.0200462 0.0200462 0.0200462 0.0200462 0.0200462
-2.0067 0.020109 0.020109 0.020109 0.020109 0.020109 0.020109
-2.0054 0.0201726 0.0201726 0.0201726 0.0201726 0.0201726 0.0201726
-2.0041 0.0202347 0.0202347 0.0202347 0.0202347 0.0202347 0.0202347
-2.0028 0.0202945 0.0202945 0.0202945 0.0202945 0.0202945 0.0202945
-2.00149 0.0203529 0.0203529 0.0203529 0.0203529 0.0203529 0.0203529
-2.00019 0.0204113 0.0204113 0.0204113 0.0204113 0.0204113 0.0204113
-1.99889 0.0204711 0.0204711 0.0204711 0.0204711 0.0204711 0.0204711
-1.99759 0.0205322 0.0205322 0.0205322 0.0205322 0.0205322 0.0205322
-1.99628 0.0205945 0.0205945 0.0205945 0.0205945 0.0205945 0.0205945
-1.99498 0.0206576 0.0206576 0.0206576 0.0206576 0.0206576 0.0206576
-1.99368 0.0207214 0.0207214 0.0207214 0.0207214 0.0207214 0.0207214
-1.99238 0.0207854 0.0207854 0.0207854 0.0207854 0.0207854 0.0207854
-1.99107 0.0208492 0.0208492 0.0208492 0.0208492 0.0208492 0.0208492
-1.98977 0.0209128 0.0209128 0.0209128 0.0209128 0.0209128 0.0209128
-1.98847 0.0209759 0.0209759 0.0209759 0.0209759 0.0209759 0.0209759
-1.98717 0.0210386 0.0210386 0.0210386 0.0210386 0.0210386 0.0210386
-1.98587 0.0211008 0.0211008 0.0211008 0.0211008 0.0211008 0.0211008
-1.98456 0.0211631 0.0211631 0.0211631 0.0211631 0.0211631 0.0211631
-1.98326 0.021226 0.021226 0.021226 0.021226 0.021226 0.021226
-1.98196 0.0212901 0.0212901 0.0212901 0.0212901 0.0212901 0.0212901
-1.98066 0.0213551 0.0213551 0.0213551 0.0213551 0.0213551 0.0213551
-1.97935 0.0214204 0.0214204 0.0214204 0.0214204 0.0214204 0.0214204
-1.97805 0.0214855 0.0214855 0.0214855 0.0214855 0.0214855 0.0214855
-1.97675 0.0215501 0.0215501 0.0215501 0.0215501 0.0215501 0.0215501
-1.97545 0.0216142 0.0216142 0.0216142 0.0216142 0.0216142 0.0216142
-1.97414 0.0216777 0.0216777 0.0216777 0.0216777 0.0216777 0.0216777
-1.97284 0.021741 0.021741 0.021741 0.021741 0.021741 0.021741
-1.97154 0.0218047 0.0218047 0.0218047 0.0218047 0.0218047 0.0218047
-1.97024 0.0218694 0.0218694 0.0218694 0.0218694 0.0218694 0.0218694
-1.96894 0.0219354 0.0219354 0.0219354 0.0219354 0.0219354 0.0219354
-1.96763 0.0220019 0.0220019 0.0220019 0.0220019 0.0220019 0.0220019
-1.96633 0.0220679 0.0220679 0.0220679 0.0220679 0.0220679 0.0220679
-1.96503 0.0221332 0.0221332 0.0221332 0.0221332 0.0221332 0.0221332
-1.96373 0.0221984 0.0221984 0.0221984 0.0221984 0.0221984 0.0221984
-1.96242 0.0222646 0.0222646 0.0222646 0.0222646 0.0222646 0.0222646
-1.96112 0.0223321 0.0223321 0.0223321 0.0223321 0.0223321 0.0223321
-1.95982 0.0224004 0.0224004 0.0224004 0.0224004 0.0224004 0.0224004
-1.95852 0.0224683 0.0224683 0.0224683 0.0224683 0.0224683 0.0224683
-1.95721 0.0225355 0.0225355 0.0225355 0.0225355 0.0225355 0.0225355
-1.95591 0.0226025 0.0226025 0.0226025 0.0226025 0.0226025 0.0226025
-1.95461 0.0226702 0.0226702 0.0226702 0.0226702 0.0226702 0.0226702
-1.95331 0.0227393 0.0227393 0.0227393 0.0227393 0.0227393 0.0227393
-1.952 0.0228092 0.0228092 0.0228092 0.0228092 0.0228092 0.0228092
-1.9507 0.0228793 0.0228793 0.0228793 0.0228793 0.0228793 0.0228793
-1.9494 0.0229488 0.0229488 0.0229488 0.0229488 0.0229488 0.0229488
-1.9481 0.0230178 0.0230178 0.0230178 0.0230178 0.0230178 0.0230178
-1.9468 0.0230862 0.0230862 0.0230862 0.0230862 0.0230862 0.0230862
-1.94549 0.0231542 0.0231542 0.0231542 0.0231542 0.0231542 0.0231542
-1.94419 0.0232225 0.0232225 0.0232225 0.0232225 0.0232225 0.0232225
-1.94289 0.0232918 0.0232918 0.0232918 0.0232918 0.0232918 0.0232918
-1.94159 0.0233624 0.0233624 0.0233624 0.0233624 0.0233624 0.0233624
-1.94028 0.0234335 0.0234335 0.0234335 0.0234335 0.0234335 0.0234335
-1.93898 0.0235043 0.0235043 0.0235043 0.0235043 0.0235043 0.0235043
-1.93768 0.0235742 0.0235742 0.0235742 0.0235742 0.0235742 0.0235742
-1.93638 0.0236443 0.0236443 0.0236443 0.0236443 0.0236443 0.0236443
-1.93507 0.0237153 0.0237153 0.0237153 0.0237153 0.0237153 0.0237153
-1.93377 0.0237877 0.0237877 0.0237877 0.0237877 0.0237877 0.0237877
-1.93247 0.0238607 0.0238607 0.0238607 0.0238607 0.0238607 0.0238607
-1.93117 0.0239335 0.0239335 0.0239335 0.0239335 0.0239335 0.0239335
-1.92987 0.0240057 0.0240057 0.0240057 0.0240057 0.0240057 0.0240057
-1.92856 0.0240774 0.0240774 0.0240774 0.0240774 0.0240774 0.0240774
-1.92726 0.0241484 0.0241484 0.0241484 0.0241484 0.0241484 0.0241484
-1.92596 0.0242194 0.0242194 0.0242194 0.0242194 0.0242194 0.0242194
-1.92466 0.0242912 0.0242912 0.0242912 0.0242912 0.0242912 0.0242912
-1.92335 0.0243644 0.0243644 0.0243644 0.0243644 0.0243644 0.0243644
-1.92205 0.0244384 0.0244384 0.0244384 0.0244384 0.0244384 0.0244384
-1.92075 0.0245123 0.0245123 0.0245123 0.0245123 0.0245123 0.0245123
-1.91945 0.0245853 0.0245853 0.0245853 0.0245853 0.0245853 0.0245853
-1.91814 0.0246582 0.0246582 0.0246582 0.0246582 0.0246582 0.0246582
-1.91684 0.024732 0.024732 0.024732 0.024732 0.024732 0.024732
-1.91554 0.0248073 0.0248073 0.0248073 0.0248073 0.0248073 0.0248073
-1.91424 0.0248832 0.0248832 0.0248832 0.0248832 0.0248832 0.0248832
-1.91293 0.024959 0.024959 0.024959 0.024959 0.024959 0.024959
-1.91163 0.0250341 0.0250341 0.0250341 0.0250341 0.0250341 0.0250341
-1.91033 0.0251086 0.0251086 0.0251086 0.0251086 0.0251086 0.0251086
-1.90903 0.0251825 0.0251825 0.0251825 0.0251825 0.0251825 0.0251825
-1.90773 0.0252565 0.0252565 0.0252565 0.0252565 0.0252565 0.0252565
-1.90642 0.0253316 0.0253316 0.0253316 0.0253316 0.0253316 0.0253316
-1.90512 0.0254081 0.0254081 0.0254081 0.0254081 0.0254081 0.0254081
-1.90382 0.0254851 0.0254851 0.0254851 0.0254851 0.0254851 0.0254851
-1.90252 0.0255615 0.0255615 0.0255615 0.0255615 0.0255615 0.0255615
-1.90121 0.0256373 0.0256373 0.0256373 0.0256373 0.0256373 0.0256373
-1.89991 0.0257135 0.0257135 0.0257135 0.0257135 0.0257135 0.0257135
-1.89861 0.0257911 0.0257911 0.0257911 0.0257911 0.0257911 0.0257911
-1.89731 0.0258698 0.0258698 0.0258698 0.0258698 0.0258698 0.0258698
-1.896 0.0259486 0.0259486 0.0259486 0.0259486 0.0259486 0.0259486
-1.8947 0.0260268 0.0260268 0.0260268 0.0260268 0.0260268 0.0260268
-1.8934 0.0261044 0.0261044 0.0261044 0.0261044 0.0261044 0.0261044
-1.8921 0.0261816 0.0261816 0.0261816 0.0261816 0.0261816 0.0261816
-1.8908 0.0262587 0.0262587 0.0262587 0.0262587 0.0262587 0.0262587
-1.88949 0.0263361 0.0263361 0.0263361 0.0263361 0.0263361 0.0263361
-1.88819 0.0264146 0.0264146 0.0264146 0.0264146 0.0264146 0.0264146
-1.88689 0.0264944 0.0264944 0.0264944 0.0264944 0.0264944 0.0264944
-1.88559 0.0265758 0.0265758 0.0265758 0.0265758 0.0265758 0.0265758
-1.88428 0.0266583 0.0266583 0.0266583 0.0266583 0.0266583 0.0266583
-1.88298 0.0267401 0.0267401 0.0267401 0.0267401 0.0267401 0.0267401
-1.88168 0.0268195 0.0268195 0.0268195 0.0268195 0.0268195 0.0268195
-1.88038 0.0268975 0.0268975 0.0268975 0.0268975 0.0268975 0.0268975
-1.87907 0.0269759 0.0269759 0.0269759 0.0269759 0.0269759 0.0269759
-1.87777 0.027056 0.027056 0.027056 0.027056 0.027056 0.027056
-1.87647 0.0271376 0.0271376 0.0271376 0.0271376 0.0271376 0.0271376
-1.87517 0.0272203 0.0272203 0.0272203 0.0272203 0.0272203 0.0272203
-1.87386 0.0273036 0.0273036 0.0273036 0.0273036 0.0273036 0.0273036
-1.87256 0.0273869 0.0273869 0.0273869 0.0273869 0.0273869 0.0273869
-1.87126 0.0274698 0.0274698 0.0274698 0.0274698 0.0274698 0.0274698
-1.86996 0.027552 0.027552 0.027552 0.027552 0.027552 0.027552
-1.86866 0.0276337 0.0276337 0.0276337 0.0276337 0.0276337 0.0276337
-1.86735 0.0277154 0.0277154 0.0277154 0.0277154 0.0277154 0.0277154
-1.86605 0.0277984 0.0277984 0.0277984 0.0277984 0.0277984 0.0277984
-1.86475 0.0278828 0.0278828 0.0278828 0.0278828 0.0278828 0.0278828
-1.86345 0.0279673 0.0279673 0.0279673 0.0279673 0.0279673 0.0279673
-1.86214 0.028051 0.028051 0.028051 0.028051 0.028051 0.028051
-1.86084 0.0281345 0.0281345 0.0281345 0.0281345 0.0281345 0.0281345
-1.85954 0.0282192 0.0282192 0.0282192 0.0282192 0.0282192 0.0282192
-1.85824 0.0283053 0.0283053 0.0283053 0.0283053 0.0283053 0.0283053
-1.85693 0.0283918 0.0283918 0.0283918 0.0283918 0.0283918 0.0283918
-1.85563 0.0284778 0.0284778 0.0284778 0.0284778 0.0284778 0.0284778
-1.85433 0.028563 0.028563 0.028563 0.028563 0.028563 0.028563
-1.85303 0.0286476 0.0286476 0.0286476 0.0286476 0.0286476 0.0286476
-1.85173 0.0287323 0.0287323 0.0287323 0.0287323 0.0287323 0.0287323
-1.85042 0.0288181 0.0288181 0.0288181 0.0288181 0.0288181 0.0288181
-1.84912 0.0289054 0.0289054 0.0289054 0.0289054 0.0289054 0.0289054
-1.84782 0.0289929 0.0289929 0.0289929 0.0289929 0.0289929 0.0289929
-1.84652 0.0290794 0.0290794 0.0290794 0.0290794 0.0290794 0.0290794
-1.84521 0.0291659 0.0291659 0.0291659 0.0291659 0.0291659 0.0291659
-1.84391 0.0292538 0.0292538 0.0292538 0.0292538 0.0292538 0.0292538
-1.84261 0.029343 0.029343 0.029343 0.029343 0.029343 0.029343
-1.84131 0.0294324 0.0294324 0.0294324 0.0294324 0.0294324 0.0294324
-1.84 0.0295211 0.0295211 0.0295211 0.0295211 0.0295211 0.0295211
-1.8387 0.0296091 0.0296091 0.0296091 0.0296091 0.0296091 0.0296091
-1.8374 0.0296965 0.0296965 0.0296965 0.0296965 0.0296965 0.0296965
-1.8361 0.0297844 0.0297844 0.0297844 0.0297844 0.0297844 0.0297844
-1.8348 0.0298738 0.0298738 0.0298738 0.0298738 0.0298738 0.0298738
-1.83349 0.0299643 0.0299643 0.0299643 0.0299643 0.0299643 0.0299643
-1.83219 0.0300543 0.0300543 0.0300543 0.0300543 0.0300543 0.0300543
-1.83089 0.0301436 0.0301436 0.0301436 0.0301436 0.0301436 0.0301436
-1.82959 0.0302336 0.0302336 0.0302336 0.0302336 0.0302336 0.0302336
-1.82828 0.0303253 0.0303253 0.0303253 0.0303253 0.0303253 0.0303253
-1.82698 0.0304177 0.0304177 0.0304177 0.0304177 0.0304177 0.0304177
-1.82568 0.0305096 0.0305096 0.0305096 0.0305096 0.0305096 0.0305096
-1.82438 0.0306007 0.0306007 0.0306007 0.0306007 0.0306007 0.0306007
-1.82307 0.0306914 0.0306914 0.0306914 0.0306914 0.0306914 0.0306914
-1.82177 0.030782 0.030782 0.030782 0.030782 0.030782 0.030782
-1.82047 0.0308734 0.0308734 0.0308734 0.0308734 0.0308734 0.0308734
-1.81917 0.0309662 0.0309662 0.0309662 0.0309662 0.0309662 0.0309662
-1.81786 0.0310609 0.0310609 0.0310609 0.0310609 0.0310609 0.0310609
-1.81656 0.0311569 0.0311569 0.0311569 0.0311569 0.0311569 0.0311569
-1.81526 0.0312519 0.0312519 0.0312519 0.0312519 0.0312519 0.0312519
-1.81396 0.0313441 0.0313441 0.0313441 0.0313441 0.0313441 0.0313441
-1.81266 0.0314356 0.0314356 0.0314356 0.0314356 0.0314356 0.0314356
-1.81135 0.0315286 0.0315286 0.0315286 0.0315286 0.0315286 0.0315286
-1.81005 0.0316235 0.0316235 0.0316235 0.0316235 0.0316235 0.0316235
-1.80875 0.0317197 0.0317197 0.0317197 0.0317197 0.0317197 0.0317197
-1.80745 0.0318165 0.0318165 0.0318165 0.0318165 0.0318165 0.0318165
-1.80614 0.0319132 0.0319132 0.0319132 0.0319132 0.0319132 0.0319132
-1.80484 0.0320093 0.0320093 0.0320093 0.0320093 0.0320093 0.0320093
-1.80354 0.0321047 0.0321047 0.0321047 0.0321047 0.0321047 0.0321047
-1.80224 0.0321999 0.0321999 0.0321999 0.0321999 0.0321999 0.0321999
-1.80093 0.0322963 0.0322963 0.0322963 0.0322963 0.0322963 0.0322963
-1.79963 0.0323943 0.0323943 0.0323943 0.0323943 0.0323943 0.0323943
-1.79833 0.0324921 0.0324921 0.0324921 0.0324921 0.0324921 0.0324921
-1.79703 0.0325891 0.0325891 0.0325891 0.0325891 0.0325891 0.0325891
-1.79573 0.0326867 0.0326867 0.0326867 0.0326867 0.0326867 0.0326867
-1.79442 0.0327861 0.0327861 0.0327861 0.0327861 0.0327861 0.0327861
-1.79312 0.0328861 0.0328861 0.0328861 0.0328861 0.0328861 0.0328861
-1.79182 0.0329855 0.0329855 0.0329855 0.0329855 0.0329855 0.0329855
-1.79052 0.0330841 0.0330841 0.0330841 0.0330841 0.0330841 0.0330841
-1.78921 0.0331821 0.0331821 0.0331821 0.0331821 0.0331821 0.0331821
-1.78791 0.0332808 0.0332808 0.0332808 0.0332808 0.0332808 0.0332808
-1.78661 0.0333811 0.0333811 0.0333811 0.0333811 0.0333811 0.0333811
-1.78531 0.0334823 0.0334823 0.0334823 0.0334823 0.0334823 0.0334823
-1.784 0.0335829 0.0335829 0.0335829 0.0335829 0.0335829 0.0335829
-1.7827 0.0336828 0.0336828 0.0336828 0.0336828 0.0336828 0.0336828
-1.7814 0.0337821 0.0337821 0.0337821 0.0337821 0.0337821 0.0337821
-1.7801 0.0338818 0.0338818 0.0338818 0.0338818 0.0338818 0.0338818
-1.77879 0.0339827 0.0339827 0.0339827 0.0339827 0.0339827 0.0339827
-1.77749 0.0340852 0.0340852 0.0340852 0.0340852 0.0340852 0.0340852
-1.77619 0.0341892 0.0341892 0.0341892 0.0341892 0.0341892 0.0341892
-1.77489 0.0342937 0.0342937 0.0342937 0.0342937 0.0342937 0.0342937
-1.77359 0.0343979 0.0343979 0.0343979 0.0343979 0.0343979 0.0343979
-1.77228 0.0345014 0.0345014 0.0345014 0.0345014 0.0345014 0.0345014
-1.77098 0.0346042 0.0346042 0.0346042 0.0346042 0.0346042 0.0346042
-1.76968 0.0347075 0.0347075 0.0347075 0.0347075 0.0347075 0.0347075
-1.76838 0.0348125 0.0348125 0.0348125 0.0348125 0.0348125 0.0348125
-1.76707 0.0349183 0.0349183 0.0349183 0.0349183 0.0349183 0.0349183
-1.76577 0.0350236 0.0350236 0.0350236 0.0350236 0.0350236 0.0350236
-1.76447 0.0351281 0.0351281 0.0351281 0.0351281 0.0351281 0.0351281
-1.76317 0.035232 0.035232 0.035232 0.035232 0.035232 0.035232
-1.76186 0.0353367 0.0353367 0.0353367 0.0353367 0.0353367 0.0353367
-1.76056 0.0354433 0.0354433 0.0354433 0.0354433 0.0354433 0.0354433
-1.75926 0.0355501 0.0355501 0.0355501 0.0355501 0.0355501 0.0355501
-1.75796 0.0356558 0.0356558 0.0356558 0.0356558 0.0356558 0.0356558
-1.75666 0.0357625 0.0357625 0.0357625 0.0357625 0.0357625 0.0357625
-1.75535 0.0358709 0.0358709 0.0358709 0.0358709 0.0358709 0.0358709
-1.75405 0.0359796 0.0359796 0.0359796 0.0359796 0.0359796 0.0359796
-1.75275 0.0360874 0.0360874 0.0360874 0.0360874 0.0360874 0.0360874
-1.75145 0.0361947 0.0361947 0.0361947 0.0361947 0.0361947 0.0361947
-1.75014 0.0363018 0.0363018 0.0363018 0.0363018 0.0363018 0.0363018
-1.74884 0.0364098 0.0364098 0.0364098 0.0364098 0.0364098 0.0364098
-1.74754 0.0365196 0.0365196 0.0365196 0.0365196 0.0365196 0.0365196
-1.74624 0.0366317 0.0366317 0.0366317 0.0366317 0.0366317 0.0366317
-1.74493 0.0367437 0.0367437 0.0367437 0.0367437 0.0367437 0.0367437
-1.74363 0.036852 0.036852 0.036852 0.036852 0.036852 0.036852
-1.74233 0.0369606 0.0369606 0.0369606 0.0369606 0.0369606 0.0369606
-1.74103 0.0370741 0.0370741 0.0370741 0.0370741 0.0370741 0.0370741
-1.73972 0.0371879 0.0371879 0.0371879 0.0371879 0.0371879 0.0371879
-1.73842 0.0372979 0.0372979 0.0372979 0.0372979 0.0372979 0.0372979
-1.73712 0.0374083 0.0374083 0.0374083 0.0374083 0.0374083 0.0374083
-1.73582 0.037521 0.037521 0.037521 0.037521 0.037521 0.037521
-1.73452 0.0376334 0.0376334 0.0376334 0.0376334 0.0376334 0.0376334
-1.73321 0.0377451 0.0377451 0.0377451 0.0377451 0.0377451 0.0377451
-1.73191 0.0378586 0.0378586 0.0378586 0.0378586 0.0378586 0.0378586
-1.73061 0.0379732 0.0379732 0.0379732 0.0379732 0.0379732 0.0379732
-1.72931 0.0380868 0.0380868 0.0380868 0.0380868 0.0380868 0.0380868
-1.728 0.0382008 0.0382008 0.0382008 0.0382008 0.0382008 0.0382008
-1.7267 0.0383168 0.0383168 0.0383168 0.0383168 0.0383168 0.0383168
-1.7254 0.0384331 0.0384331 0.0384331 0.0384331 0.0384331 0.0384331
-1.7241 0.0385486 0.0385486 0.0385486 0.0385486 0.0385486 0.0385486
-1.72279 0.0386632 0.0386632 0.0386632 0.0386632 0.0386632 0.0386632
-1.72149 0.0387781 0.0387781 0.0387781 0.0387781 0.0387781 0.0387781
-1.72019 0.0388949 0.0388949 0.0388949 0.0388949 0.0388949 0.0388949
-1.71889 0.0390123 0.0390123 0.0390123 0.0390123 0.0390123 0.0390123
-1.71759 0.0391287 0.0391287 0.0391287 0.0391287 0.0391287 0.0391287
-1.71628 0.0392461 0.0392461 0.0392461 0.0392461 0.0392461 0.0392461
-1.71498 0.0393652 0.0393652 0.0393652 0.0393652 0.0393652 0.0393652
-1.71368 0.0394843 0.0394843 0.0394843 0.0394843 0.0394843 0.0394843
-1.71238 0.0396025 0.0396025 0.0396025 0.0396025 0.0396025 0.0396025
-1.71107 0.0397201 0.0397201 0.0397201 0.0397201 0.0397201 0.0397201
-1.70977 0.0398382 0.0398382 0.0398382 0.0398382 0.0398382 0.0398382
-1.70847 0.0399579 0.0399579 0.0399579 0.0399579 0.0399579 0.0399579
-1.70717 0.0400799 0.0400799 0.0400799 0.0400799 0.0400799 0.0400799
-1.70586 0.0402027 0.0402027 0.0402027 0.0402027 0.0402027 0.0402027
-1.70456 0.0403226 0.0403226 0.0403226 0.0403226 0.0403226 0.0403226
-1.70326 0.0404412 0.0404412 0.0404412 0.0404412 0.0404412 0.0404412
-1.70196 0.040562 0.040562 0.040562 0.040562 0.040562 0.040562
-1.70065 0.0406848 0.0406848 0.0406848 0.0406848 0.0406848 0.0406848
-1.69935 0.0408086 0.0408086 0.0408086 0.0408086 0.0408086 0.0408086
-1.69805 0.0409322 0.0409322 0.0409322 0.0409322 0.0409322 0.0409322
-1.69675 0.041055 0.041055 0.041055 0.041055 0.041055 0.041055
-1.69545 0.0411772 0.0411772 0.0411772 0.0411772 0.0411772 0.0411772
-1.69414 0.0413007 0.0413007 0.0413007 0.0413007 0.0413007 0.0413007
-1.69284 0.0414258 0.0414258 0.0414258 0.0414258 0.0414258 0.0414258
-1.69154 0.0415505 0.0415505 0.0415505 0.0415505 0.0415505 0.0415505
-1.69024 0.0416745 0.0416745 0.0416745 0.0416745 0.0416745 0.0416745
-1.68893 0.041798 0.041798 0.041798 0.041798 0.041798 0.041798
-1.68763 0.0419223 0.0419223 0.0419223 0.0419223 0.0419223 0.0419223
-1.68633 0.0420487 0.0420487 0.0420487 0.0420487 0.0420487 0.0420487
-1.68503 0.0421775 0.0421775 0.0421775 0.0421775 0.0421775 0.0421775
-1.68372 0.0423047 0.0423047 0.0423047 0.0423047 0.0423047 0.0423047
-1.68242 0.0424289 0.0424289 0.0424289 0.0424289 0.0424289 0.0424289
-1.68112 0.0425572 0.0425572 0.0425572 0.0425572 0.0425572 0.0425572
-1.67982 0.0426878 0.0426878 0.0426878 0.0426878 0.0426878 0.0426878
-1.67852 0.0428145 0.0428145 0.0428145 0.0428145 0.0428145 0.0428145
-1.67721 0.0429416 0.0429416 0.0429416 0.0429416 0.0429416 0.0429416
-1.67591 0.0430709 0.0430709 0.0430709 0.0430709 0.0430709 0.0430709
-1.67461 0.0431992 0.0431992 0.0431992 0.0431992 0.0431992 0.0431992
-1.67331 0.0433282 0.0433282 0.0433282 0.0433282 0.0433282 0.0433282
-1.672 0.0434592 0.0434592 0.0434592 0.0434592 0.0434592 0.0434592
-1.6707 0.0435894 0.0435894 0.0435894 0.0435894 0.0435894 0.0435894
-1.6694 0.0437198 0.0437198 0.0437198 0.0437198 0.0437198 0.0437198
-1.6681 0.0438524 0.0438524 0.0438524 0.0438524 0.0438524 0.0438524
-1.66679 0.043985 0.043985 0.043985 0.043985 0.043985 0.043985
-1.66549 0.0441166 0.0441166 0.0441166 0.0441166 0.0441166 0.0441166
-1.66419 0.0442478 0.0442478 0.0442478 0.0442478 0.0442478 0.0442478
-1.66289 0.0443798 0.0443798 0.0443798 0.0443798 0.0443798 0.0443798
-1.66158 0.044514 0.044514 0.044514 0.044514 0.044514 0.044514
-1.66028 0.0446507 0.0446507 0.0446507 0.0446507 0.0446507 0.0446507
-1.65898 0.0447844 0.0447844 0.0447844 0.0447844 0.0447844 0.0447844
-1.65768 0.0449168 0.0449168 0.0449168 0.0449168 0.0449168 0.0449168
-1.65638 0.0450547 0.0450547 0.0450547 0.0450547 0.0450547 0.0450547
-1.65507 0.0451796 0.0451796 0.0451796 0.0451796 0.0451796 0.0451796
-1.65377 0.0453018 0.0453018 0.0453018 0.0453018 0.0453018 0.0453018
-1.65247 0.0454627 0.0454627 0.0454627 0.0454627 0.0454627 0.0454627
-1.65117 0.0456197 0.0456197 0.0456197 0.0456197 0.0456197 0.0456197
-1.64986 0.0457481 0.0457481 0.0457481 0.0457481 0.0457481 0.0457481
-1.64856 0.0458786 0.0458786 0.0458786 0.0458786 0.0458786 0.0458786
-1.64726 0.0460132 0.0460132 0.0460132 0.0460132 0.0460132 0.0460132
-1.64596 0.0461441 0.0461441 0.0461441 0.0461441 0.0461441 0.0461441
-1.64465 0.0462705 0.0462705 0.0462705 0.0462705 0.0462705 0.0462705
-1.64335 0.046419 0.046419 0.046419 0.046419 0.046419 0.046419
-1.64205 0.0465807 0.0465807 0.0465807 0.0465807 0.0465807 0.0465807
-1.64075 0.0467147 0.0467147 0.0467147 0.0467147 0.0467147 0.0467147
-1.63945 0.046835 0.046835 0.046835 0.046835 0.046835 0.046835
-1.63814 0.0469717 0.0469717 0.0469717 0.0469717 0.0469717 0.0469717
-1.63684 0.0471339 0.0471339 0.0471339 0.0471339 0.0471339 0.0471339
-1.63554 0.0472699 0.0472699 0.0472699 0.0472699 0.0472699 0.0472699
-1.63424 0.0474023 0.0474023 0.0474023 0.0474023 0.0474023 0.0474023
-1.63293 0.0475636 0.0475636 0.0475636 0.0475636 0.0475636 0.0475636
-1.63163 0.0476949 0.0476949 0.0476949 0.0476949 0.0476949 0.0476949
-1.63033 0.0478303 0.0478303 0.0478303 0.0478303 0.0478303 0.0478303
-1.62903 0.0479895 0.0479895 0.0479895 0.0479895 0.0479895 0.0479895
-1.62772 0.0481164 0.0481164 0.0481164 0.0481164 0.0481164 0.0481164
-1.62642 0.0482527 0.0482527 0.0482527 0.0482527 0.0482527 0.0482527
-1.62512 0.0484127 0.0484127 0.0484127 0.0484127 0.0484127 0.0484127
-1.62382 0.0485663 0.0485663 0.0485663 0.0485663 0.0485663 0.0485663
-1.62251 0.0487247 0.0487247 0.0487247 0.0487247 0.0487247 0.0487247
-1.62121 0.0488669 0.0488669 0.0488669 0.0488669 0.0488669 0.0488669
-1.61991 0.0489877 0.0489877 0.0489877 0.0489877 0.0489877 0.0489877
-1.61861 0.0491354 0.0491354 0.0491354 0.0491354 0.0491354 0.0491354
-1.61731 0.049292 0.049292 0.049292 0.049292 0.049292 0.049292
-1.616 0.0494425 0.0494425 0.0494425 0.0494425 0.0494425 0.0494425
-1.6147 0.0495939 0.0495939 0.0495939 0.0495939 0.0495939 0.0495939
-1.6134 0.049745 0.049745 0.049745 0.049745 0.049745 0.049745
-1.6121 0.0498954 0.0498954 0.0498954 0.0498954 0.0498954 0.0498954
-1.61079 0.0500454 0.0500454 0.0500454 0.0500454 0.0500454 0.0500454
-1.60949 0.050195 0.050195 0.050195 0.050195 0.050195 0.050195
-1.60819 0.0503442 0.0503442 0.0503442 0.0503442 0.0503442 0.0503442
-1.60689 0.0504927 0.0504927 0.0504927 0.0504927 0.0504927 0.0504927
-1.60558 0.050641 0.050641 0.050641 0.050641 0.050641 0.050641
-1.60428 0.0507899 0.0507899 0.0507899 0.0507899 0.0507899 0.0507899
-1.60298 0.0509324 0.0509324 0.0509324 0.0509324 0.0509324 0.0509324
-1.60168 0.0510904 0.0510904 0.0510904 0.0510904 0.0510904 0.0510904
-1.60038 0.0512686 0.0512686 0.0512686 0.0512686 0.0512686 0.0512686
-1.59907 0.0514187 0.0514187 0.0514187 0.0514187 0.0514187 0.0514187
-1.59777 0.0515559 0.0515559 0.0515559 0.0515559 0.0515559 0.0515559
-1.59647 0.051714 0.051714 0.051714 0.051714 0.051714 0.051714
-1.59517 0.0518898 0.0518898 0.0518898 0.0518898 0.0518898 0.0518898
-1.59386 0.0520369 0.0520369 0.0520369 0.0520369 0.0520369 0.0520369
-1.59256 0.0521722 0.0521722 0.0521722 0.0521722 0.0521722 0.0521722
-1.59126 0.0523318 0.0523318 0.0523318 0.0523318 0.0523318 0.0523318
-1.58996 0.0525034 0.0525034 0.0525034 0.0525034 0.0525034 0.0525034
-1.58865 0.0526437 0.0526437 0.0526437 0.0526437 0.0526437 0.0526437
-1.58735 0.0528055 0.0528055 0.0528055 0.0528055 0.0528055 0.0528055
-1.58605 0.0529856 0.0529856 0.0529856 0.0529856 0.0529856 0.0529856
-1.58475 0.0531467 0.0531467 0.0531467 0.0531467 0.0531467 0.0531467
-1.58344 0.0532853 0.0532853 0.0532853 0.0532853 0.0532853 0.0532853
-1.58214 0.0534505 0.0534505 0.0534505 0.0534505 0.0534505 0.0534505
-1.58084 0.0536279 0.0536279 0.0536279 0.0536279 0.0536279 0.0536279
-1.57954 0.053781 0.053781 0.053781 0.053781 0.053781 0.053781
-1.57824 0.0539203 0.0539203 0.0539203 0.0539203 0.0539203 0.0539203
-1.57693 0.0540894 0.0540894 0.0540894 0.0540894 0.0540894 0.0540894
-1.57563 0.0542582 0.0542582 0.0542582 0.0542582 0.0542582 0.0542582
-1.57433 0.0544242 0.0544242 0.0544242 0.0544242 0.0544242 0.0544242
-1.57303 0.0545909 0.0545909 0.0545909 0.0545909 0.0545909 0.0545909
-1.57172 0.0547568 0.0547568 0.0547568 0.0547568 0.0547568 0.0547568
-1.57042 0.0549222 0.0549222 0.0549222 0.0549222 0.0549222 0.0549222
-1.56912 0.0550871 0.0550871 0.0550871 0.0550871 0.0550871 0.0550871
-1.56782 0.0552515 0.0552515 0.0552515 0.0552515 0.0552515 0.0552515
-1.56651 0.0554155 0.0554155 0.0554155 0.0554155 0.0554155 0.0554155
-1.56521 0.0555788 0.0555788 0.0555788 0.0555788 0.0555788 0.0555788
-1.56391 0.0557418 0.0557418 0.0557418 0.0557418 0.0557418 0.0557418
-1.56261 0.0559052 0.0559052 0.0559052 0.0559052 0.0559052 0.0559052
-1.56131 0.0560625 0.0560625 0.0560625 0.0560625 0.0560625 0.0560625
-1.56 0.0562423 0.0562423 0.0562423 0.0562423 0.0562423 0.0562423
-1.5587 0.056429 0.056429 0.056429 0.056429 0.056429 0.056429
-1.5574 0.0565844 0.0565844 0.0565844 0.0565844 0.0565844 0.0565844
-1.5561 0.0567433 0.0567433 0.0567433 0.0567433 0.0567433 0.0567433
-1.55479 0.0569339 0.0569339 0.0569339 0.0569339 0.0569339 0.0569339
-1.55349 0.0570985 0.0570985 0.0570985 0.0570985 0.0570985 0.0570985
-1.55219 0.0572724 0.0572724 0.0572724 0.0572724 0.0572724 0.0572724
-1.55089 0.057453 0.057453 0.057453 0.057453 0.057453 0.057453
-1.54958 0.0576113 0.0576113 0.0576113 0.0576113 0.0576113 0.0576113
-1.54828 0.0578001 0.0578001 0.0578001 0.0578001 0.0578001 0.0578001
-1.54698 0.0579556 0.0579556 0.0579556 0.0579556 0.0579556 0.0579556
-1.54568 0.0581372 0.0581372 0.0581372 0.0581372 0.0581372 0.0581372
-1.54437 0.0583043 0.0583043 0.0583043 0.0583043 0.0583043 0.0583043
-1.54307 0.0584673 0.0584673 0.0584673 0.0584673 0.0584673 0.0584673
-1.54177 0.0586559 0.0586559 0.0586559 0.0586559 0.0586559 0.0586559
-1.54047 0.0588396 0.0588396 0.0588396 0.0588396 0.0588396 0.0588396
-1.53917 0.0590231 0.0590231 0.0590231 0.0590231 0.0590231 0.0590231
-1.53786 0.0591752 0.0591752 0.0591752 0.0591752 0.0591752 0.0591752
-1.53656 0.0593502 0.0593502 0.0593502 0.0593502 0.0593502 0.0593502
-1.53526 0.0595349 0.0595349 0.0595349 0.0595349 0.0595349 0.0595349
-1.53396 0.0597148 0.0597148 0.0597148 0.0597148 0.0597148 0.0597148
-1.53265 0.0598957 0.0598957 0.0598957 0.0598957 0.0598957 0.0598957
-1.53135 0.0600755 0.0600755 0.0600755 0.0600755 0.0600755 0.0600755
-1.53005 0.0602552 0.0602552 0.0602552 0.0602552 0.0602552 0.0602552
-1.52875 0.060434 0.060434 0.060434 0.060434 0.060434 0.060434
-1.52744 0.06061 0.06061 0.06061 0.06061 0.06061 0.06061
-1.52614 0.0608166 0.0608166 0.0608166 0.0608166 0.0608166 0.0608166
-1.52484 0.0610031 0.0610031 0.0610031 0.0610031 0.0610031 0.0610031
-1.52354 0.0611776 0.0611776 0.0611776 0.0611776 0.0611776 0.0611776
-1.52224 0.0613508 0.0613508 0.0613508 0.0613508 0.0613508 0.0613508
-1.52093 0.0615396 0.0615396 0.0615396 0.0615396 0.0615396 0.0615396
-1.51963 0.0617411 0.0617411 0.0617411 0.0617411 0.0617411 0.0617411
-1.51833 0.06191 0.06191 0.06191 0.06191 0.06191 0.06191
-1.51703 0.0620876 0.0620876 0.0620876 0.0620876 0.0620876 0.0620876
-1.51572 0.0622917 0.0622917 0.0622917 0.0622917 0.0622917 0.0622917
-1.51442 0.0624636 0.0624636 0.0624636 0.0624636 0.0624636 0.0624636
-1.51312 0.062665 0.062665 0.062665 0.062665 0.062665 0.062665
-1.51182 0.0628409 0.0628409 0.0628409 0.0628409 0.0628409 0.0628409
-1.51051 0.0630305 0.0630305 0.0630305 0.0630305 0.0630305 0.0630305
-1.50921 0.0632387 0.0632387 0.0632387 0.0632387 0.0632387 0.0632387
-1.50791 0.0634172 0.0634172 0.0634172 0.0634172 0.0634172 0.0634172
-1.50661 0.0635985 0.0635985 0.0635985 0.0635985 0.0635985 0.0635985
-1.5053 0.0638006 0.0638006 0.0638006 0.0638006 0.0638006 0.0638006
-1.504 0.0640006 0.0640006 0.0640006 0.0640006 0.0640006 0.0640006
-1.5027 0.0641888 0.0641888 0.0641888 0.0641888 0.0641888 0.0641888
-1.5014 0.0643587 0.0643587 0.0643587 0.0643587 0.0643587 0.0643587
-1.5001 0.0645587 0.0645587 0.0645587 0.0645587 0.0645587 0.0645587
-1.49879 0.0647539 0.0647539 0.0647539 0.0647539 0.0647539 0.0647539
-1.49749 0.0649494 0.0649494 0.0649494 0.0649494 0.0649494 0.0649494
-1.49619 0.0651441 0.0651441 0.0651441 0.0651441 0.0651441 0.0651441
-1.49489 0.0653383 0.0653383 0.0653383 0.0653383 0.0653383 0.0653383
-1.49358 0.0655323 0.0655323 0.0655323 0.0655323 0.0655323 0.0655323
-1.49228 0.0657233 0.0657233 0.0657233 0.0657233 0.0657233 0.0657233
-1.49098 0.0659452 0.0659452 0.0659452 0.0659452 0.0659452 0.0659452
-1.48968 0.0661411 0.0661411 0.0661411 0.0661411 0.0661411 0.0661411
-1.48837 0.0663318 0.0663318 0.0663318 0.0663318 0.0663318 0.0663318
-1.48707 0.0665194 0.0665194 0.0665194 0.0665194 0.0665194 0.0665194
-1.48577 0.0667362 0.0667362 0.0667362 0.0667362 0.0667362 0.0667362
-1.48447 0.0669347 0.0669347 0.0669347 0.0669347 0.0669347 0.0669347
-1.48317 0.0671173 0.0671173 0.0671173 0.0671173 0.0671173 0.0671173
-1.48186 0.0673326 0.0673326 0.0673326 0.0673326 0.0673326 0.0673326
-1.48056 0.0675269 0.0675269 0.0675269 0.0675269 0.0675269 0.0675269
-1.47926 0.0677324 0.0677324 0.0677324 0.0677324 0.0677324 0.0677324
-1.47796 0.0679553 0.0679553 0.0679553 0.0679553 0.0679553 0.0679553
-1.47665 0.0681458 0.0681458 0.0681458 0.0681458 0.0681458 0.0681458
-1.47535 0.0683498 0.0683498 0.0683498 0.0683498 0.0683498 0.0683498
-1.47405 0.0685707 0.0685707 0.0685707 0.0685707 0.0685707 0.0685707
-1.47275 0.0687589 0.0687589 0.0687589 0.0687589 0.0687589 0.0687589
-1.47144 0.0689629 0.0689629 0.0689629 0.0689629 0.0689629 0.0689629
-1.47014 0.0691778 0.0691778 0.0691778 0.0691778 0.0691778 0.0691778
-1.46884 0.0693893 0.0693893 0.0693893 0.0693893 0.0693893 0.0693893
-1.46754 0.0696009 0.0696009 0.0696009 0.0696009 0.0696009 0.0696009
-1.46623 0.0698116 0.0698116 0.0698116 0.0698116 0.0698116 0.0698116
-1.46493 0.0700218 0.0700218 0.0700218 0.0700218 0.0700218 0.0700218
-1.46363 0.0702313 0.0702313 0.0702313 0.0702313 0.0702313 0.0702313
-1.46233 0.0704402 0.0704402 0.0704402 0.0704402 0.0704402 0.0704402
-1.46103 0.0706485 0.0706485 0.0706485 0.0706485 0.0706485 0.0706485
-1.45972 0.0708561 0.0708561 0.0708561 0.0708561 0.0708561 0.0708561
-1.45842 0.0710632 0.0710632 0.0710632 0.0710632 0.0710632 0.0710632
-1.45712 0.0712705 0.0712705 0.0712705 0.0712705 0.0712705 0.0712705
-1.45582 0.0715055 0.0715055 0.0715055 0.0715055 0.0715055 0.0715055
-1.45451 0.0717076 0.0717076 0.0717076 0.0717076 0.0717076 0.0717076
-1.45321 0.0719187 0.0719187 0.0719187 0.0719187 0.0719187 0.0719187
-1.45191 0.0721468 0.0721468 0.0721468 0.0721468 0.0721468 0.0721468
-1.45061 0.0723568 0.0723568 0.0723568 0.0723568 0.0723568 0.0723568
-1.4493 0.0725804 0.0725804 0.0725804 0.0725804 0.0725804 0.0725804
-1.448 0.0727935 0.0727935 0.0727935 0.0727935 0.0727935 0.0727935
-1.4467 0.0730116 0.0730116 0.0730116 0.0730116 0.0730116 0.0730116
-1.4454 0.0732244 0.0732244 0.0732244 0.0732244 0.0732244 0.0732244
-1.4441 0.0734612 0.0734612 0.0734612 0.0734612 0.0734612 0.0734612
-1.44279 0.073665 0.073665 0.073665 0.073665 0.073665 0.073665
-1.44149 0.0738868 0.0738868 0.0738868 0.0738868 0.0738868 0.0738868
-1.44019 0.0741158 0.0741158 0.0741158 0.0741158 0.0741158 0.0741158
-1.43889 0.0743429 0.0743429 0.0743429 0.0743429 0.0743429 0.0743429
-1.43758 0.0745694 0.0745694 0.0745694 0.0745694 0.0745694 0.0745694
-1.43628 0.0747953 0.0747953 0.0747953 0.0747953 0.0747953 0.0747953
-1.43498 0.0750204 0.0750204 0.0750204 0.0750204 0.0750204 0.0750204
-1.43368 0.0752449 0.0752449 0.0752449 0.0752449 0.0752449 0.0752449
-1.43237 0.0754688 0.0754688 0.0754688 0.0754688 0.0754688 0.0754688
-1.43107 0.0756917 0.0756917 0.0756917 0.0756917 0.0756917 0.0756917
-1.42977 0.0759151 0.0759151 0.0759151 0.0759151 0.0759151 0.0759151
-1.42847 0.0761344 0.0761344 0.0761344 0.0761344 0.0761344 0.0761344
-1.42717 0.0763836 0.0763836 0.0763836 0.0763836 0.0763836 0.0763836
-1.42586 0.0766038 0.0766038 0.0766038 0.0766038 0.0766038 0.0766038
-1.42456 0.0768293 0.0768293 0.0768293 0.0768293 0.0768293 0.0768293
-1.42326 0.0770733 0.0770733 0.0770733 0.0770733 0.0770733 0.0770733
-1.42196 0.0772849 0.0772849 0.0772849 0.0772849 0.0772849 0.0772849
-1.42065 0.0775236 0.0775236 0.0775236 0.0775236 0.0775236 0.0775236
-1.41935 0.0777489 0.0777489 0.0777489 0.0777489 0.0777489 0.0777489
-1.41805 0.0779884 0.0779884 0.0779884 0.0779884 0.0779884 0.0779884
-1.41675 0.078234 0.078234 0.078234 0.078234 0.078234 0.078234
-1.41544 0.0784516 0.0784516 0.0784516 0.0784516 0.0784516 0.0784516
-1.41414 0.078698 0.078698 0.078698 0.078698 0.078698 0.078698
-1.41284 0.0789437 0.0789437 0.0789437 0.0789437 0.0789437 0.0789437
-1.41154 0.079166 0.079166 0.079166 0.079166 0.079166 0.079166
-1.41023 0.0793994 0.0793994 0.0793994 0.0793994 0.0793994 0.0793994
-1.40893 0.0796416 0.0796416 0.0796416 0.0796416 0.0796416 0.0796416
-1.40763 0.0798822 0.0798822 0.0798822 0.0798822 0.0798822 0.0798822
-1.40633 0.0801221 0.0801221 0.0801221 0.0801221 0.0801221 0.0801221
-1.40503 0.0803611 0.0803611 0.0803611 0.0803611 0.0803611 0.0803611
-1.40372 0.0806004 0.0806004 0.0806004 0.0806004 0.0806004 0.0806004
-1.40242 0.0808361 0.0808361 0.0808361 0.0808361 0.0808361 0.0808361
-1.40112 0.0811009 0.0811009 0.0811009 0.0811009 0.0811009 0.0811009
-1.39982 0.0813338 0.0813338 0.0813338 0.0813338 0.0813338 0.0813338
-1.39851 0.0815832 0.0815832 0.0815832 0.0815832 0.0815832 0.0815832
-1.39721 0.0818338 0.0818338 0.0818338 0.0818338 0.0818338 0.0818338
-1.39591 0.0820635 0.0820635 0.0820635 0.0820635 0.0820635 0.0820635
-1.39461 0.0823242 0.0823242 0.0823242 0.0823242 0.0823242 0.0823242
-1.3933 0.0825621 0.0825621 0.0825621 0.0825621 0.0825621 0.0825621
-1.392 0.0828135 0.0828135 0.0828135 0.0828135 0.0828135 0.0828135
-1.3907 0.0830593 0.0830593 0.0830593 0.0830593 0.0830593 0.0830593
-1.3894 0.0833227 0.0833227 0.0833227 0.0833227 0.0833227 0.0833227
-1.3881 0.0835551 0.0835551 0.0835551 0.0835551 0.0835551 0.0835551
-1.38679 0.0838159 0.0838159 0.0838159 0.0838159 0.0838159 0.0838159
-1.38549 0.0840763 0.0840763 0.0840763 0.0840763 0.0840763 0.0840763
-1.38419 0.0843093 0.0843093 0.0843093 0.0843093 0.0843093 0.0843093
-1.38289 0.0845639 0.0845639 0.0845639 0.0845639 0.0845639 0.0845639
-1.38158 0.0848191 0.0848191 0.0848191 0.0848191 0.0848191 0.0848191
-1.38028 0.0850744 0.0850744 0.0850744 0.0850744 0.0850744 0.0850744
-1.37898 0.0853285 0.0853285 0.0853285 0.0853285 0.0853285 0.0853285
-1.37768 0.0855817 0.0855817 0.0855817 0.0855817 0.0855817 0.0855817
-1.37637 0.0858431 0.0858431 0.0858431 0.0858431 0.0858431 0.0858431
-1.37507 0.0861124 0.0861124 0.0861124 0.0861124 0.0861124 0.0861124
-1.37377 0.0863621 0.0863621 0.0863621 0.0863621 0.0863621 0.0863621
-1.37247 0.0866155 0.0866155 0.0866155 0.0866155 0.0866155 0.0866155
-1.37116 0.0868858 0.0868858 0.0868858 0.0868858 0.0868858 0.0868858
-1.36986 0.0871513 0.0871513 0.0871513 0.0871513 0.0871513 0.0871513
-1.36856 0.0874058 0.0874058 0.0874058 0.0874058 0.0874058 0.0874058
-1.36726 0.0876576 0.0876576 0.0876576 0.0876576 0.0876576 0.0876576
-1.36596 0.087939 0.087939 0.087939 0.087939 0.087939 0.087939
-1.36465 0.0881912 0.0881912 0.0881912 0.0881912 0.0881912 0.0881912
-1.36335 0.0884648 0.0884648 0.0884648 0.0884648 0.0884648 0.0884648
-1.36205 0.088727 0.088727 0.088727 0.088727 0.088727 0.088727
-1.36075 0.0889869 0.0889869 0.0889869 0.0889869 0.0889869 0.0889869
-1.35944 0.0892604 0.0892604 0.0892604 0.0892604 0.0892604 0.0892604
-1.35814 0.0895322 0.0895322 0.0895322 0.0895322 0.0895322 0.0895322
-1.35684 0.0898031 0.0898031 0.0898031 0.0898031 0.0898031 0.0898031
-1.35554 0.0900731 0.0900731 0.0900731 0.0900731 0.0900731 0.0900731
-1.35423 0.0903424 0.0903424 0.0903424 0.0903424 0.0903424 0.0903424
-1.35293 0.0906109 0.0906109 0.0906109 0.0906109 0.0906109 0.0906109
-1.35163 0.0908785 0.0908785 0.0908785 0.0908785 0.0908785 0.0908785
-1.35033 0.0911437 0.0911437 0.0911437 0.0911437 0.0911437 0.0911437
-1.34903 0.0914272 0.0914272 0.0914272 0.0914272 0.0914272 0.0914272
-1.34772 0.0916987 0.0916987 0.0916987 0.0916987 0.0916987 0.0916987
-1.34642 0.091972 0.091972 0.091972 0.091972 0.091972 0.091972
-1.34512 0.0922479 0.0922479 0.0922479 0.0922479 0.0922479 0.0922479
-1.34382 0.0925346 0.0925346 0.0925346 0.0925346 0.0925346 0.0925346
-1.34251 0.0928053 0.0928053 0.0928053 0.0928053 0.0928053 0.0928053
-1.34121 0.0930783 0.0930783 0.0930783 0.0930783 0.0930783 0.0930783
-1.33991 0.0933653 0.0933653 0.0933653 0.0933653 0.0933653 0.0933653
-1.33861 0.0936565 0.0936565 0.0936565 0.0936565 0.0936565 0.0936565
-1.3373 0.0939221 0.0939221 0.0939221 0.0939221 0.0939221 0.0939221
-1.336 0.0942094 0.0942094 0.0942094 0.0942094 0.0942094 0.0942094
-1.3347 0.0944955 0.0944955 0.0944955 0.0944955 0.0944955 0.0944955
-1.3334 0.0947816 0.0947816 0.0947816 0.0947816 0.0947816 0.0947816
-1.33209 0.0950667 0.0950667 0.0950667 0.0950667 0.0950667 0.0950667
-1.33079 0.0953509 0.0953509 0.0953509 0.0953509 0.0953509 0.0953509
-1.32949 0.0956342 0.0956342 0.0956342 0.0956342 0.0956342 0.0956342
-1.32819 0.0959175 0.0959175 0.0959175 0.0959175 0.0959175 0.0959175
-1.32689 0.0962001 0.0962001 0.0962001 0.0962001 0.0962001 0.0962001
-1.32558 0.0965033 0.0965033 0.0965033 0.0965033 0.0965033 0.0965033
-1.32428 0.0967797 0.0967797 0.0967797 0.0967797 0.0967797 0.0967797
-1.32298 0.0970812 0.0970812 0.0970812 0.0970812 0.0970812 0.0970812
-1.32168 0.0973765 0.0973765 0.0973765 0.0973765 0.0973765 0.0973765
-1.32037 0.0976607 0.0976607 0.0976607 0.0976607 0.0976607 0.0976607
-1.31907 0.0979547 0.0979547 0.0979547 0.0979547 0.0979547 0.0979547
-1.31777 0.0982536 0.0982536 0.0982536 0.0982536 0.0982536 0.0982536
-1.31647 0.0985461 0.0985461 0.0985461 0.0985461 0.0985461 0.0985461
-1.31516 0.0988407 0.0988407 0.0988407 0.0988407 0.0988407 0.0988407
-1.31386 0.0991453 0.0991453 0.0991453 0.0991453 0.0991453 0.0991453
-1.31256 0.0994266 0.0994266 0.0994266 0.0994266 0.0994266 0.0994266
-1.31126 0.0997268 0.0997268 0.0997268 0.0997268 0.0997268 0.0997268
-1.30996 0.100026 0.100026 0.100026 0.100026 0.100026 0.100026
-1.30865 0.100324 0.100324 0.100324 0.100324 0.100324 0.100324
-1.30735 0.100641 0.100641 0.100641 0.100641 0.100641 0.100641
-1.30605 0.100941 0.100941 0.100941 0.100941 0.100941 0.100941
-1.30475 0.101239 0.101239 0.101239 0.101239 0.101239 0.101239
-1.30344 0.101538 0.101538 0.101538 0.101538 0.101538 0.101538
-1.30214 0.101851 0.101851 0.101851 0.101851 0.101851 0.101851
-1.30084 0.102147 0.102147 0.102147 0.102147 0.102147 0.102147
-1.29954 0.102456 0.102456 0.102456 0.102456 0.102456 0.102456
-1.29823 0.102774 0.102774 0.102774 0.102774 0.102774 0.102774
-1.29693 0.103078 0.103078 0.103078 0.103078 0.103078 0.103078
-1.29563 0.10339 0.10339 0.10339 0.10339 0.10339 0.10339
-1.29433 0.103692 0.103692 0.103692 0.103692 0.103692 0.103692
-1.29302 0.104011 0.104011 0.104011 0.104011 0.104011 0.104011
-1.29172 0.104331 0.104331 0.104331 0.104331 0.104331 0.104331
-1.29042 0.104624 0.104624 0.104624 0.104624 0.104624 0.104624
-1.28912 0.104942 0.104942 0.104942 0.104942 0.104942 0.104942
-1.28782 0.105254 0.105254 0.105254 0.105254 0.105254 0.105254
-1.28651 0.105589 0.105589 0.105589 0.105589 0.105589 0.105589
-1.28521 0.105901 0.105901 0.105901 0.105901 0.105901 0.105901
-1.28391 0.106213 0.106213 0.106213 0.106213 0.106213 0.106213
-1.28261 0.106537 0.106537 0.106537 0.106537 0.106537 0.106537
-1.2813 0.106852 0.106852 0.106852 0.106852 0.106852 0.106852
-1.28 0.107178 0.107178 0.107178 0.107178 0.107178 0.107178
-1.2787 0.107495 0.107495 0.107495 0.107495 0.107495 0.107495
-1.2774 0.107815 0.107815 0.107815 0.107815 0.107815 0.107815
-1.27609 0.108152 0.108152 0.108152 0.108152 0.108152 0.108152
-1.27479 0.108465 0.108465 0.108465 0.108465 0.108465 0.108465
-1.27349 0.108802 0.108802 0.108802 0.108802 0.108802 0.108802
-1.27219 0.109112 0.109112 0.109112 0.109112 0.109112 0.109112
-1.27089 0.109446 0.109446 0.109446 0.109446 0.109446 0.109446
-1.26958 0.109777 0.109777 0.109777 0.109777 0.109777 0.109777
-1.26828 0.110107 0.110107 0.110107 0.110107 0.110107 0.110107
-1.26698 0.110436 0.110436 0.110436 0.110436 0.110436 0.110436
-1.26568 0.110763 0.110763 0.110763 0.110763 0.110763 0.110763
-1.26437 0.11111 0.11111 0.11111 0.11111 0.11111 0.11111
-1.26307 0.111436 0.111436 0.111436 0.111436 0.111436 0.111436
-1.26177 0.111766 0.111766 0.111766 0.111766 0.111766 0.111766
-1.26047 0.112103 0.112103 0.112103 0.112103 0.112103 0.112103
-1.25916 0.112444 0.112444 0.112444 0.112444 0.112444 0.112444
-1.25786 0.112786 0.112786 0.112786 0.112786 0.112786 0.112786
-1.25656 0.113123 0.113123 0.113123 0.113123 0.113123 0.113123
-1.25526 0.113453 0.113453 0.113453 0.113453 0.113453 0.113453
-1.25395 0.113804 0.113804 0.113804 0.113804 0.113804 0.113804
-1.25265 0.114134 0.114134 0.114134 0.114134 0.114134 0.114134
-1.25135 0.11448 0.11448 0.11448 0.11448 0.11448 0.11448
-1.25005 0.114826 0.114826 0.114826 0.114826 0.114826 0.114826
-1.24875 0.115171 0.115171 0.115171 0.115171 0.115171 0.115171
-1.24744 0.115515 0.115515 0.115515 0.115515 0.115515 0.115515
-1.24614 0.115863 0.115863 0.115863 0.115863 0.115863 0.115863
-1.24484 0.116217 0.116217 0.116217 0.116217 0.116217 0.116217
-1.24354 0.116556 0.116556 0.116556 0.116556 0.116556 0.116556
-1.24223 0.116915 0.116915 0.116915 0.116915 0.116915 0.116915
-1.24093 0.117271 0.117271 0.117271 0.117271 0.117271 0.117271
-1.23963 0.117625 0.117625 0.117625 0.117625 0.117625 0.117625
-1.23833 0.117974 0.117974 0.117974 0.117974 0.117974 0.117974
-1.23702 0.118319 0.118319 0.118319 0.118319 0.118319 0.118319
-1.23572 0.118684 0.118684 0.118684 0.118684 0.118684 0.118684
-1.23442 0.119032 0.119032 0.119032 0.119032 0.119032 0.119032
-1.23312 0.119394 0.119394 0.119394 0.119394 0.119394 0.119394
-1.23182 0.119755 0.119755 0.119755 0.119755 0.119755 0.119755
-1.23051 0.120115 0.120115 0.120115 0.120115 0.120115 0.120115
-1.22921 0.120474 0.120474 0.120474 0.120474 0.120474 0.120474
-1.22791 0.120833 0.120833 0.120833 0.120833 0.120833 0.120833
-1.22661 0.121197 0.121197 0.121197 0.121197 0.121197 0.121197
-1.2253 0.12156 0.12156 0.12156 0.12156 0.12156 0.12156
-1.224 0.121933 0.121933 0.121933 0.121933 0.121933 0.121933
-1.2227 0.122285 0.122285 0.122285 0.122285 0.122285 0.122285
-1.2214 0.122656 0.122656 0.122656 0.122656 0.122656 0.122656
-1.22009 0.123033 0.123033 0.123033 0.123033 0.123033 0.123033
-1.21879 0.123393 0.123393 0.123393 0.123393 0.123393 0.123393
-1.21749 0.123773 0.123773 0.123773 0.123773 0.123773 0.123773
-1.21619 0.124134 0.124134 0.124134 0.124134 0.124134 0.124134
-1.21488 0.124512 0.124512 0.124512 0.124512 0.124512 0.124512
-1.21358 0.124887 0.124887 0.124887 0.124887 0.124887 0.124887
-1.21228 0.125262 0.125262 0.125262 0.125262 0.125262 0.125262
-1.21098 0.125636 0.125636 0.125636 0.125636 0.125636 0.125636
-1.20968 0.126009 0.126009 0.126009 0.126009 0.126009 0.126009
-1.20837 0.126396 0.126396 0.126396 0.126396 0.126396 0.126396
-1.20707 0.126778 0.126778 0.126778 0.126778 0.126778 0.126778
-1.20577 0.127148 0.127148 0.127148 0.127148 0.127148 0.127148
-1.20447 0.127534 0.127534 0.127534 0.127534 0.127534 0.127534
-1.20316 0.127918 0.127918 0.127918 0.127918 0.127918 0.127918
-1.20186 0.128304 0.128304 0.128304 0.128304 0.128304 0.128304
-1.20056 0.12868 0.12868 0.12868 0.12868 0.12868 0.12868
-1.19926 0.129074 0.129074 0.129074 0.129074 0.129074 0.129074
-1.19795 0.129466 0.129466 0.129466 0.129466 0.129466 0.129466
-1.19665 0.129857 0.129857 0.129857 0.129857 0.129857 0.129857
-1.19535 0.130247 0.130247 0.130247 0.130247 0.130247 0.130247
-1.19405 0.130635 0.130635 0.130635 0.130635 0.130635 0.130635
-1.19275 0.131023 0.131023 0.131023 0.131023 0.131023 0.131023
-1.19144 0.131417 0.131417 0.131417 0.131417 0.131417 0.131417
-1.19014 0.131807 0.131807 0.131807 0.131807 0.131807 0.131807
-1.18884 0.132209 0.132209 0.132209 0.132209 0.132209 0.132209
-1.18754 0.132607 0.132607 0.132607 0.132607 0.132607 0.132607
-1.18623 0.133004 0.133004 0.133004 0.133004 0.133004 0.133004
-1.18493 0.133403 0.133403 0.133403 0.133403 0.133403 0.133403
-1.18363 0.133809 0.133809 0.133809 0.133809 0.133809 0.133809
-1.18233 0.134205 0.134205 0.134205 0.134205 0.134205 0.134205
-1.18102 0.134611 0.134611 0.134611 0.134611 0.134611 0.134611
-1.17972 0.135016 0.135016 0.135016 0.135016 0.135016 0.135016
-1.17842 0.13542 0.13542 0.13542 0.13542 0.13542 0.13542
-1.17712 0.135823 0.135823 0.135823 0.135823 0.135823 0.135823
-1.17581 0.136241 0.136241 0.136241 0.136241 0.136241 0.136241
-1.17451 0.13664 0.13664 0.13664 0.13664 0.13664 0.13664
-1.17321 0.137055 0.137055 0.137055 0.137055 0.137055 0.137055
-1.17191 0.137468 0.137468 0.137468 0.137468 0.137468 0.137468
-1.17061 0.13788 0.13788 0.13788 0.13788 0.13788 0.13788
-1.1693 0.138293 0.138293 0.138293 0.138293 0.138293 0.138293
-1.168 0.138701 0.138701 0.138701 0.138701 0.138701 0.138701
-1.1667 0.139125 0.139125 0.139125 0.139125 0.139125 0.139125
-1.1654 0.139548 0.139548 0.139548 0.139548 0.139548 0.139548
-1.16409 0.13995 0.13995 0.13995 0.13995 0.13995 0.13995
-1.16279 0.140388 0.140388 0.140388 0.140388 0.140388 0.140388
-1.16149 0.140805 0.140805 0.140805 0.140805 0.140805 0.140805
-1.16019 0.14122 0.14122 0.14122 0.14122 0.14122 0.14122
-1.15888 0.141653 0.141653 0.141653 0.141653 0.141653 0.141653
-1.15758 0.142077 0.142077 0.142077 0.142077 0.142077 0.142077
-1.15628 0.142506 0.142506 0.142506 0.142506 0.142506 0.142506
-1.15498 0.142967 0.142967 0.142967 0.142967 0.142967 0.142967
-1.15368 0.143302 0.143302 0.143302 0.143302 0.143302 0.143302
-1.15237 0.143769 0.143769 0.143769 0.143769 0.143769 0.143769
-1.15107 0.144238 0.144238 0.144238 0.144238 0.144238 0.144238
-1.14977 0.144714 0.144714 0.144714 0.144714 0.144714 0.144714
-1.14847 0.145013 0.145013 0.145013 0.145013 0.145013 0.145013
-1.14716 0.145491 0.145491 0.145491 0.145491 0.145491 0.145491
-1.14586 0.145955 0.145955 0.145955 0.145955 0.145955 0.145955
-1.14456 0.146416 0.146416 0.146416 0.146416 0.146416 0.146416
-1.14326 0.146876 0.146876 0.146876 0.146876 0.146876 0.146876
-1.14195 0.147333 0.147333 0.147333 0.147333 0.147333 0.147333
-1.14065 0.147747 0.147747 0.147747 0.147747 0.147747 0.147747
-1.13935 0.148113 0.148113 0.148113 0.148113 0.148113 0.148113
-1.13805 0.148564 0.148564 0.148564 0.148564 0.148564 0.148564
-1.13674 0.149018 0.149018 0.149018 0.149018 0.149018 0.149018
-1.13544 0.14947 0.14947 0.14947 0.14947 0.14947 0.14947
-1.13414 0.14992 0.14992 0.14992 0.14992 0.14992 0.14992
-1.13284 0.15037 0.15037 0.15037 0.15037 0.15037 0.15037
-1.13154 0.150818 0.150818 0.150818 0.150818 0.150818 0.150818
-1.13023 0.151264 0.151264 0.151264 0.151264 0.151264 0.151264
-1.12893 0.151711 0.151711 0.151711 0.151711 0.151711 0.151711
-1.12763 0.1522 0.1522 0.1522 0.1522 0.1522 0.1522
-1.12633 0.152727 0.152727 0.152727 0.152727 0.152727 0.152727
-1.12502 0.153171 0.153171 0.153171 0.153171 0.153171 0.153171
-1.12372 0.153611 0.153611 0.153611 0.153611 0.153611 0.153611
-1.12242 0.154049 0.154049 0.154049 0.154049 0.154049 0.154049
-1.12112 0.154485 0.154485 0.154485 0.154485 0.154485 0.154485
-1.11981 0.154915 0.154915 0.154915 0.154915 0.154915 0.154915
-1.11851 0.155485 0.155485 0.155485 0.155485 0.155485 0.155485
-1.11721 0.15592 0.15592 0.15592 0.15592 0.15592 0.15592
-1.11591 0.156355 0.156355 0.156355 0.156355 0.156355 0.156355
-1.11461 0.156916 0.156916 0.156916 0.156916 0.156916 0.156916
-1.1133 0.157342 0.157342 0.157342 0.157342 0.157342 0.157342
-1.112 0.157771 0.157771 0.157771 0.157771 0.157771 0.157771
-1.1107 0.158323 0.158323 0.158323 0.158323 0.158323 0.158323
-1.1094 0.158747 0.158747 0.158747 0.158747 0.158747 0.158747
-1.10809 0.159156 0.159156 0.159156 0.159156 0.159156 0.159156
-1.10679 0.159719 0.159719 0.159719 0.159719 0.159719 0.159719
-1.10549 0.160129 0.160129 0.160129 0.160129 0.160129 0.160129
-1.10419 0.160692 0.160692 0.160692 0.160692 0.160692 0.160692
-1.10288 0.161109 0.161109 0.161109 0.161109 0.161109 0.161109
-1.10158 0.16164 0.16164 0.16164 0.16164 0.16164 0.16164
-1.10028 0.162048 0.162048 0.162048 0.162048 0.162048 0.162048
-1.09898 0.162596 0.162596 0.162596 0.162596 0.162596 0.162596
-1.09767 0.163084 0.163084 0.163084 0.163084 0.163084 0.163084
-1.09637 0.163543 0.163543 0.163543 0.163543 0.163543 0.163543
-1.09507 0.164076 0.164076 0.164076 0.164076 0.164076 0.164076
-1.09377 0.164588 0.164588 0.164588 0.164588 0.164588 0.164588
-1.09247 0.165038 0.165038 0.165038 0.165038 0.165038 0.165038
-1.09116 0.165525 0.165525 0.165525 0.165525 0.165525 0.165525
-1.08986 0.166066 0.166066 0.166066 0.166066 0.166066 0.166066
-1.08856 0.166533 0.166533 0.166533 0.166533 0.166533 0.166533
-1.08726 0.166988 0.166988 0.166988 0.166988 0.166988 0.166988
-1.08595 0.167558 0.167558 0.167558 0.167558 0.167558 0.167558
-1.08465 0.168021 0.168021 0.168021 0.168021 0.168021 0.168021
-1.08335 0.168531 0.168531 0.168531 0.168531 0.168531 0.168531
-1.08205 0.169065 0.169065 0.169065 0.169065 0.169065 0.169065
-1.08074 0.169575 0.169575 0.169575 0.169575 0.169575 0.169575
-1.07944 0.170089 0.170089 0.170089 0.170089 0.170089 0.170089
-1.07814 0.170594 0.170594 0.170594 0.170594 0.170594 0.170594
-1.07684 0.171093 0.171093 0.171093 0.171093 0.171093 0.171093
-1.07554 0.171589 0.171589 0.171589 0.171589 0.171589 0.171589
-1.07423 0.172101 0.172101 0.172101 0.172101 0.172101 0.172101
-1.07293 0.172653 0.172653 0.172653 0.172653 0.172653 0.172653
-1.07163 0.17322 0.17322 0.17322 0.17322 0.17322 0.17322
-1.07033 0.173667 0.173667 0.173667 0.173667 0.173667 0.173667
-1.06902 0.174219 0.174219 0.174219 0.174219 0.174219 0.174219
-1.06772 0.174707 0.174707 0.174707 0.174707 0.174707 0.174707
-1.06642 0.175218 0.175218 0.175218 0.175218 0.175218 0.175218
-1.06512 0.175786 0.175786 0.175786 0.175786 0.175786 0.175786
-1.06381 0.176303 0.176303 0.176303 0.176303 0.176303 0.176303
-1.06251 0.176895 0.176895 0.176895 0.176895 0.176895 0.176895
-1.06121 0.177379 0.177379 0.177379 0.177379 0.177379 0.177379
-1.05991 0.177874 0.177874 0.177874 0.177874 0.177874 0.177874
-1.0586 0.178421 0.178421 0.178421 0.178421 0.178421 0.178421
-1.0573 0.178978 0.178978 0.178978 0.178978 0.178978 0.178978
-1.056 0.179527 0.179527 0.179527 0.179527 0.179527 0.179527
-1.0547 0.18009 0.18009 0.18009 0.18009 0.18009 0.18009
-1.0534 0.180592 0.180592 0.180592 0.180592 0.180592 0.180592
-1.05209 0.181166 0.181166 0.181166 0.181166 0.181166 0.181166
-1.05079 0.181721 0.181721 0.181721 0.181721 0.181721 0.181721
-1.04949 0.182259 0.182259 0.182259 0.182259 0.182259 0.182259
-1.04819 0.182788 0.182788 0.182788 0.182788 0.182788 0.182788
-1.04688 0.183317 0.183317 0.183317 0.183317 0.183317 0.183317
-1.04558 0.183851 0.183851 0.183851 0.183851 0.183851 0.183851
-1.04428 0.184397 0.184397 0.184397 0.184397 0.184397 0.184397
-1.04298 0.184958 0.184958 0.184958 0.184958 0.184958 0.184958
-1.04167 0.185525 0.185525 0.185525 0.185525 0.185525 0.185525
-1.04037 0.186118 0.186118 0.186118 0.186118 0.186118 0.186118
-1.03907 0.186644 0.186644 0.186644 0.186644 0.186644 0.186644
-1.03777 0.187202 0.187202 0.187202 0.187202 0.187202 0.187202
-1.03647 0.187821 0.187821 0.187821 0.187821 0.187821 0.187821
-1.03516 0.188339 0.188339 0.188339 0.188339 0.188339 0.188339
-1.03386 0.188864 0.188864 0.188864 0.188864 0.188864 0.188864
-1.03256 0.189506 0.189506 0.189506 0.189506 0.189506 0.189506
-1.03126 0.190021 0.190021 0.190021 0.190021 0.190021 0.190021
-1.02995 0.190656 0.190656 0.190656 0.190656 0.190656 0.190656
-1.02865 0.19117 0.19117 0.19117 0.19117 0.19117 0.19117
-1.02735 0.191795 0.191795 0.191795 0.191795 0.191795 0.191795
-1.02605 0.192311 0.192311 0.192311 0.192311 0.192311 0.192311
-1.02474 0.192929 0.192929 0.192929 0.192929 0.192929 0.192929
-1.02344 0.193435 0.193435 0.193435 0.193435 0.193435 0.193435
-1.02214 0.194065 0.194065 0.194065 0.194065 0.194065 0.194065
-1.02084 0.194681 0.194681 0.194681 0.194681 0.194681 0.194681
-1.01953 0.195191 0.195191 0.195191 0.195191 0.195191 0.195191
-1.01823 0.195805 0.195805 0.195805 0.195805 0.195805 0.195805
-1.01693 0.196416 0.196416 0.196416 0.196416 0.196416 0.196416
-1.01563 0.197026 0.197026 0.197026 0.197026 0.197026 0.197026
-1.01433 0.197634 0.197634 0.197634 0.197634 0.197634 0.197634
-1.01302 0.198193 0.198193 0.198193 0.198193 0.198193 0.198193
-1.01172 0.19874 0.19874 0.19874 0.19874 0.19874 0.19874
-1.01042 0.199344 0.199344 0.199344 0.199344 0.199344 0.199344
-1.00912 0.199944 0.199944 0.199944 0.199944 0.199944 0.199944
-1.00781 0.200543 0.200543 0.200543 0.200543 0.200543 0.200543
-1.00651 0.20114 0.20114 0.20114 0.20114 0.20114 0.20114
-1.00521 0.201742 0.201742 0.201742 0.201742 0.201742 0.201742
-1.00391 0.202431 0.202431 0.202431 0.202431 0.202431 0.202431
-1.0026 0.203022 0.203022 0.203022 0.203022 0.203022 0.203022
-1.0013 0.203612 0.203612 0.203612 0.203612 0.203612 0.203612
-1 0.2042 0.2042 0.2042 0.2042 0.2042 0.2042
