# Neutrino-40Ar neutral current cross section (10^-38 cm^2/GeV) #
# log(energy in GeV)  nu_e      nu_mu      nu_tau      nu_e_bar      nu_mu_bar    nu_tau_bar #

-2.008774  6.156993e-08  6.156993e-08  6.156993e-08  6.156993e-08  6.156993e-08  6.156993e-08
-2.007765  1.439767e-07  1.439767e-07  1.439767e-07  1.439767e-07  1.439767e-07  1.439767e-07
-2.006756  2.605514e-07  2.605514e-07  2.605514e-07  2.605514e-07  2.605514e-07  2.605514e-07
-2.005748  4.114833e-07  4.114833e-07  4.114833e-07  4.114833e-07  4.114833e-07  4.114833e-07
-2.004739  5.967731e-07  5.967731e-07  5.967731e-07  5.967731e-07  5.967731e-07  5.967731e-07
-2.003730  8.164220e-07  8.164220e-07  8.164220e-07  8.164220e-07  8.164220e-07  8.164220e-07
-2.002721  1.070431e-06  1.070431e-06  1.070431e-06  1.070431e-06  1.070431e-06  1.070431e-06
-2.001713  1.358802e-06  1.358802e-06  1.358802e-06  1.358802e-06  1.358802e-06  1.358802e-06
-2.000704  1.681535e-06  1.681535e-06  1.681535e-06  1.681535e-06  1.681535e-06  1.681535e-06
-1.999695  2.038634e-06  2.038634e-06  2.038634e-06  2.038634e-06  2.038634e-06  2.038634e-06
-1.998686  2.430099e-06  2.430099e-06  2.430099e-06  2.430099e-06  2.430099e-06  2.430099e-06
-1.997677  2.855933e-06  2.855933e-06  2.855933e-06  2.855933e-06  2.855933e-06  2.855933e-06
-1.996669  3.316139e-06  3.316139e-06  3.316139e-06  3.316139e-06  3.316139e-06  3.316139e-06
-1.995660  3.810718e-06  3.810718e-06  3.810718e-06  3.810718e-06  3.810718e-06  3.810718e-06
-1.994651  4.339673e-06  4.339673e-06  4.339673e-06  4.339673e-06  4.339673e-06  4.339673e-06
-1.993642  4.903008e-06  4.903008e-06  4.903008e-06  4.903008e-06  4.903008e-06  4.903008e-06
-1.992634  5.500724e-06  5.500724e-06  5.500724e-06  5.500724e-06  5.500724e-06  5.500724e-06
-1.991625  6.132827e-06  6.132827e-06  6.132827e-06  6.132827e-06  6.132827e-06  6.132827e-06
-1.990616  6.799318e-06  6.799318e-06  6.799318e-06  6.799318e-06  6.799318e-06  6.799318e-06
-1.989607  7.500201e-06  7.500201e-06  7.500201e-06  7.500201e-06  7.500201e-06  7.500201e-06
-1.988598  8.235481e-06  8.235481e-06  8.235481e-06  8.235481e-06  8.235481e-06  8.235481e-06
-1.987590  9.005161e-06  9.005161e-06  9.005161e-06  9.005161e-06  9.005161e-06  9.005161e-06
-1.986581  9.809246e-06  9.809246e-06  9.809246e-06  9.809246e-06  9.809246e-06  9.809246e-06
-1.985572  1.064774e-05  1.064774e-05  1.064774e-05  1.064774e-05  1.064774e-05  1.064774e-05
-1.984563  1.152065e-05  1.152065e-05  1.152065e-05  1.152065e-05  1.152065e-05  1.152065e-05
-1.983555  1.242797e-05  1.242797e-05  1.242797e-05  1.242797e-05  1.242797e-05  1.242797e-05
-1.982546  1.336972e-05  1.336972e-05  1.336972e-05  1.336972e-05  1.336972e-05  1.336972e-05
-1.981537  1.434589e-05  1.434589e-05  1.434589e-05  1.434589e-05  1.434589e-05  1.434589e-05
-1.980528  1.535650e-05  1.535650e-05  1.535650e-05  1.535650e-05  1.535650e-05  1.535650e-05
-1.979519  1.640155e-05  1.640155e-05  1.640155e-05  1.640155e-05  1.640155e-05  1.640155e-05
-1.978511  1.748104e-05  1.748104e-05  1.748104e-05  1.748104e-05  1.748104e-05  1.748104e-05
-1.977502  1.859498e-05  1.859498e-05  1.859498e-05  1.859498e-05  1.859498e-05  1.859498e-05
-1.976493  1.974338e-05  1.974338e-05  1.974338e-05  1.974338e-05  1.974338e-05  1.974338e-05
-1.975484  2.092624e-05  2.092624e-05  2.092624e-05  2.092624e-05  2.092624e-05  2.092624e-05
-1.974476  2.214356e-05  2.214356e-05  2.214356e-05  2.214356e-05  2.214356e-05  2.214356e-05
-1.973467  2.339537e-05  2.339537e-05  2.339537e-05  2.339537e-05  2.339537e-05  2.339537e-05
-1.972458  2.468165e-05  2.468165e-05  2.468165e-05  2.468165e-05  2.468165e-05  2.468165e-05
-1.971449  2.600243e-05  2.600243e-05  2.600243e-05  2.600243e-05  2.600243e-05  2.600243e-05
-1.970441  2.735770e-05  2.735770e-05  2.735770e-05  2.735770e-05  2.735770e-05  2.735770e-05
-1.969432  2.874747e-05  2.874747e-05  2.874747e-05  2.874747e-05  2.874747e-05  2.874747e-05
-1.968423  3.017176e-05  3.017176e-05  3.017176e-05  3.017176e-05  3.017176e-05  3.017176e-05
-1.967414  3.163056e-05  3.163056e-05  3.163056e-05  3.163056e-05  3.163056e-05  3.163056e-05
-1.966405  3.312389e-05  3.312389e-05  3.312389e-05  3.312389e-05  3.312389e-05  3.312389e-05
-1.965397  3.465175e-05  3.465175e-05  3.465175e-05  3.465175e-05  3.465175e-05  3.465175e-05
-1.964388  3.621416e-05  3.621416e-05  3.621416e-05  3.621416e-05  3.621416e-05  3.621416e-05
-1.963379  3.781112e-05  3.781112e-05  3.781112e-05  3.781112e-05  3.781112e-05  3.781112e-05
-1.962370  3.944264e-05  3.944264e-05  3.944264e-05  3.944264e-05  3.944264e-05  3.944264e-05
-1.961362  4.110872e-05  4.110872e-05  4.110872e-05  4.110872e-05  4.110872e-05  4.110872e-05
-1.960353  4.280939e-05  4.280939e-05  4.280939e-05  4.280939e-05  4.280939e-05  4.280939e-05
-1.959344  4.454464e-05  4.454464e-05  4.454464e-05  4.454464e-05  4.454464e-05  4.454464e-05
-1.958335  4.631448e-05  4.631448e-05  4.631448e-05  4.631448e-05  4.631448e-05  4.631448e-05
-1.957326  4.811894e-05  4.811894e-05  4.811894e-05  4.811894e-05  4.811894e-05  4.811894e-05
-1.956318  4.995800e-05  4.995800e-05  4.995800e-05  4.995800e-05  4.995800e-05  4.995800e-05
-1.955309  5.183170e-05  5.183170e-05  5.183170e-05  5.183170e-05  5.183170e-05  5.183170e-05
-1.954300  5.374003e-05  5.374003e-05  5.374003e-05  5.374003e-05  5.374003e-05  5.374003e-05
-1.953291  5.568300e-05  5.568300e-05  5.568300e-05  5.568300e-05  5.568300e-05  5.568300e-05
-1.952283  5.766063e-05  5.766063e-05  5.766063e-05  5.766063e-05  5.766063e-05  5.766063e-05
-1.951274  5.967293e-05  5.967293e-05  5.967293e-05  5.967293e-05  5.967293e-05  5.967293e-05
-1.950265  6.171990e-05  6.171990e-05  6.171990e-05  6.171990e-05  6.171990e-05  6.171990e-05
-1.949256  6.380157e-05  6.380157e-05  6.380157e-05  6.380157e-05  6.380157e-05  6.380157e-05
-1.948247  6.591793e-05  6.591793e-05  6.591793e-05  6.591793e-05  6.591793e-05  6.591793e-05
-1.947239  6.806901e-05  6.806901e-05  6.806901e-05  6.806901e-05  6.806901e-05  6.806901e-05
-1.946230  7.025481e-05  7.025481e-05  7.025481e-05  7.025481e-05  7.025481e-05  7.025481e-05
-1.945221  7.247534e-05  7.247534e-05  7.247534e-05  7.247534e-05  7.247534e-05  7.247534e-05
-1.944212  7.473062e-05  7.473062e-05  7.473062e-05  7.473062e-05  7.473062e-05  7.473062e-05
-1.943204  7.702066e-05  7.702066e-05  7.702066e-05  7.702066e-05  7.702066e-05  7.702066e-05
-1.942195  7.934547e-05  7.934547e-05  7.934547e-05  7.934547e-05  7.934547e-05  7.934547e-05
-1.941186  8.170506e-05  8.170506e-05  8.170506e-05  8.170506e-05  8.170506e-05  8.170506e-05
-1.940177  8.409945e-05  8.409945e-05  8.409945e-05  8.409945e-05  8.409945e-05  8.409945e-05
-1.939169  8.652865e-05  8.652865e-05  8.652865e-05  8.652865e-05  8.652865e-05  8.652865e-05
-1.938160  8.899268e-05  8.899268e-05  8.899268e-05  8.899268e-05  8.899268e-05  8.899268e-05
-1.937151  9.149154e-05  9.149154e-05  9.149154e-05  9.149154e-05  9.149154e-05  9.149154e-05
-1.936142  9.402524e-05  9.402524e-05  9.402524e-05  9.402524e-05  9.402524e-05  9.402524e-05
-1.935133  9.659382e-05  9.659382e-05  9.659382e-05  9.659382e-05  9.659382e-05  9.659382e-05
-1.934125  9.919726e-05  9.919726e-05  9.919726e-05  9.919726e-05  9.919726e-05  9.919726e-05
-1.933116  1.018356e-04  1.018356e-04  1.018356e-04  1.018356e-04  1.018356e-04  1.018356e-04
-1.932107  1.045088e-04  1.045088e-04  1.045088e-04  1.045088e-04  1.045088e-04  1.045088e-04
-1.931098  1.072170e-04  1.072170e-04  1.072170e-04  1.072170e-04  1.072170e-04  1.072170e-04
-1.930090  1.099601e-04  1.099601e-04  1.099601e-04  1.099601e-04  1.099601e-04  1.099601e-04
-1.929081  1.127382e-04  1.127382e-04  1.127382e-04  1.127382e-04  1.127382e-04  1.127382e-04
-1.928072  1.155512e-04  1.155512e-04  1.155512e-04  1.155512e-04  1.155512e-04  1.155512e-04
-1.927063  1.183992e-04  1.183992e-04  1.183992e-04  1.183992e-04  1.183992e-04  1.183992e-04
-1.926054  1.212821e-04  1.212821e-04  1.212821e-04  1.212821e-04  1.212821e-04  1.212821e-04
-1.925046  1.242001e-04  1.242001e-04  1.242001e-04  1.242001e-04  1.242001e-04  1.242001e-04
-1.924037  1.271532e-04  1.271532e-04  1.271532e-04  1.271532e-04  1.271532e-04  1.271532e-04
-1.923028  1.301412e-04  1.301412e-04  1.301412e-04  1.301412e-04  1.301412e-04  1.301412e-04
-1.922019  1.331643e-04  1.331643e-04  1.331643e-04  1.331643e-04  1.331643e-04  1.331643e-04
-1.921011  1.362225e-04  1.362225e-04  1.362225e-04  1.362225e-04  1.362225e-04  1.362225e-04
-1.920002  1.393158e-04  1.393158e-04  1.393158e-04  1.393158e-04  1.393158e-04  1.393158e-04
-1.918993  1.424442e-04  1.424442e-04  1.424442e-04  1.424442e-04  1.424442e-04  1.424442e-04
-1.917984  1.456077e-04  1.456077e-04  1.456077e-04  1.456077e-04  1.456077e-04  1.456077e-04
-1.916975  1.488064e-04  1.488064e-04  1.488064e-04  1.488064e-04  1.488064e-04  1.488064e-04
-1.915967  1.520402e-04  1.520402e-04  1.520402e-04  1.520402e-04  1.520402e-04  1.520402e-04
-1.914958  1.553092e-04  1.553092e-04  1.553092e-04  1.553092e-04  1.553092e-04  1.553092e-04
-1.913949  1.586134e-04  1.586134e-04  1.586134e-04  1.586134e-04  1.586134e-04  1.586134e-04
-1.912940  1.619528e-04  1.619528e-04  1.619528e-04  1.619528e-04  1.619528e-04  1.619528e-04
-1.911932  1.653274e-04  1.653274e-04  1.653274e-04  1.653274e-04  1.653274e-04  1.653274e-04
-1.910923  1.687373e-04  1.687373e-04  1.687373e-04  1.687373e-04  1.687373e-04  1.687373e-04
-1.909914  1.721824e-04  1.721824e-04  1.721824e-04  1.721824e-04  1.721824e-04  1.721824e-04
-1.908905  1.756629e-04  1.756629e-04  1.756629e-04  1.756629e-04  1.756629e-04  1.756629e-04
-1.907897  1.791786e-04  1.791786e-04  1.791786e-04  1.791786e-04  1.791786e-04  1.791786e-04
-1.906888  1.827297e-04  1.827297e-04  1.827297e-04  1.827297e-04  1.827297e-04  1.827297e-04
-1.905879  1.863160e-04  1.863160e-04  1.863160e-04  1.863160e-04  1.863160e-04  1.863160e-04
-1.904870  1.899378e-04  1.899378e-04  1.899378e-04  1.899378e-04  1.899378e-04  1.899378e-04
-1.903861  1.935949e-04  1.935949e-04  1.935949e-04  1.935949e-04  1.935949e-04  1.935949e-04
-1.902853  1.972875e-04  1.972875e-04  1.972875e-04  1.972875e-04  1.972875e-04  1.972875e-04
-1.901844  2.010154e-04  2.010154e-04  2.010154e-04  2.010154e-04  2.010154e-04  2.010154e-04
-1.900835  2.047788e-04  2.047788e-04  2.047788e-04  2.047788e-04  2.047788e-04  2.047788e-04
-1.899826  2.085777e-04  2.085777e-04  2.085777e-04  2.085777e-04  2.085777e-04  2.085777e-04
-1.898818  2.124120e-04  2.124120e-04  2.124120e-04  2.124120e-04  2.124120e-04  2.124120e-04
-1.897809  2.162819e-04  2.162819e-04  2.162819e-04  2.162819e-04  2.162819e-04  2.162819e-04
-1.896800  2.201872e-04  2.201872e-04  2.201872e-04  2.201872e-04  2.201872e-04  2.201872e-04
-1.895791  2.241281e-04  2.241281e-04  2.241281e-04  2.241281e-04  2.241281e-04  2.241281e-04
-1.894782  2.281046e-04  2.281046e-04  2.281046e-04  2.281046e-04  2.281046e-04  2.281046e-04
-1.893774  2.321167e-04  2.321167e-04  2.321167e-04  2.321167e-04  2.321167e-04  2.321167e-04
-1.892765  2.361643e-04  2.361643e-04  2.361643e-04  2.361643e-04  2.361643e-04  2.361643e-04
-1.891756  2.402476e-04  2.402476e-04  2.402476e-04  2.402476e-04  2.402476e-04  2.402476e-04
-1.890747  2.443666e-04  2.443666e-04  2.443666e-04  2.443666e-04  2.443666e-04  2.443666e-04
-1.889739  2.485212e-04  2.485212e-04  2.485212e-04  2.485212e-04  2.485212e-04  2.485212e-04
-1.888730  2.527115e-04  2.527115e-04  2.527115e-04  2.527115e-04  2.527115e-04  2.527115e-04
-1.887721  2.569376e-04  2.569376e-04  2.569376e-04  2.569376e-04  2.569376e-04  2.569376e-04
-1.886712  2.611994e-04  2.611994e-04  2.611994e-04  2.611994e-04  2.611994e-04  2.611994e-04
-1.885704  2.654969e-04  2.654969e-04  2.654969e-04  2.654969e-04  2.654969e-04  2.654969e-04
-1.884695  2.698302e-04  2.698302e-04  2.698302e-04  2.698302e-04  2.698302e-04  2.698302e-04
-1.883686  2.741994e-04  2.741994e-04  2.741994e-04  2.741994e-04  2.741994e-04  2.741994e-04
-1.882677  2.786044e-04  2.786044e-04  2.786044e-04  2.786044e-04  2.786044e-04  2.786044e-04
-1.881668  2.830452e-04  2.830452e-04  2.830452e-04  2.830452e-04  2.830452e-04  2.830452e-04
-1.880660  2.875219e-04  2.875219e-04  2.875219e-04  2.875219e-04  2.875219e-04  2.875219e-04
-1.879651  2.920346e-04  2.920346e-04  2.920346e-04  2.920346e-04  2.920346e-04  2.920346e-04
-1.878642  2.965831e-04  2.965831e-04  2.965831e-04  2.965831e-04  2.965831e-04  2.965831e-04
-1.877633  3.011676e-04  3.011676e-04  3.011676e-04  3.011676e-04  3.011676e-04  3.011676e-04
-1.876625  3.057881e-04  3.057881e-04  3.057881e-04  3.057881e-04  3.057881e-04  3.057881e-04
-1.875616  3.104446e-04  3.104446e-04  3.104446e-04  3.104446e-04  3.104446e-04  3.104446e-04
-1.874607  3.151372e-04  3.151372e-04  3.151372e-04  3.151372e-04  3.151372e-04  3.151372e-04
-1.873598  3.198658e-04  3.198658e-04  3.198658e-04  3.198658e-04  3.198658e-04  3.198658e-04
-1.872589  3.246304e-04  3.246304e-04  3.246304e-04  3.246304e-04  3.246304e-04  3.246304e-04
-1.871581  3.294312e-04  3.294312e-04  3.294312e-04  3.294312e-04  3.294312e-04  3.294312e-04
-1.870572  3.342681e-04  3.342681e-04  3.342681e-04  3.342681e-04  3.342681e-04  3.342681e-04
-1.869563  3.391412e-04  3.391412e-04  3.391412e-04  3.391412e-04  3.391412e-04  3.391412e-04
-1.868554  3.440505e-04  3.440505e-04  3.440505e-04  3.440505e-04  3.440505e-04  3.440505e-04
-1.867546  3.489959e-04  3.489959e-04  3.489959e-04  3.489959e-04  3.489959e-04  3.489959e-04
-1.866537  3.539776e-04  3.539776e-04  3.539776e-04  3.539776e-04  3.539776e-04  3.539776e-04
-1.865528  3.589956e-04  3.589956e-04  3.589956e-04  3.589956e-04  3.589956e-04  3.589956e-04
-1.864519  3.640499e-04  3.640499e-04  3.640499e-04  3.640499e-04  3.640499e-04  3.640499e-04
-1.863510  3.691405e-04  3.691405e-04  3.691405e-04  3.691405e-04  3.691405e-04  3.691405e-04
-1.862502  3.742674e-04  3.742674e-04  3.742674e-04  3.742674e-04  3.742674e-04  3.742674e-04
-1.861493  3.794307e-04  3.794307e-04  3.794307e-04  3.794307e-04  3.794307e-04  3.794307e-04
-1.860484  3.846304e-04  3.846304e-04  3.846304e-04  3.846304e-04  3.846304e-04  3.846304e-04
-1.859475  3.898666e-04  3.898666e-04  3.898666e-04  3.898666e-04  3.898666e-04  3.898666e-04
-1.858467  3.951392e-04  3.951392e-04  3.951392e-04  3.951392e-04  3.951392e-04  3.951392e-04
-1.857458  4.004482e-04  4.004482e-04  4.004482e-04  4.004482e-04  4.004482e-04  4.004482e-04
-1.856449  4.057938e-04  4.057938e-04  4.057938e-04  4.057938e-04  4.057938e-04  4.057938e-04
-1.855440  4.111760e-04  4.111760e-04  4.111760e-04  4.111760e-04  4.111760e-04  4.111760e-04
-1.854432  4.165947e-04  4.165947e-04  4.165947e-04  4.165947e-04  4.165947e-04  4.165947e-04
-1.853423  4.220501e-04  4.220501e-04  4.220501e-04  4.220501e-04  4.220501e-04  4.220501e-04
-1.852414  4.275420e-04  4.275420e-04  4.275420e-04  4.275420e-04  4.275420e-04  4.275420e-04
-1.851405  4.330706e-04  4.330706e-04  4.330706e-04  4.330706e-04  4.330706e-04  4.330706e-04
-1.850396  4.386360e-04  4.386360e-04  4.386360e-04  4.386360e-04  4.386360e-04  4.386360e-04
-1.849388  4.442380e-04  4.442380e-04  4.442380e-04  4.442380e-04  4.442380e-04  4.442380e-04
-1.848379  4.498768e-04  4.498768e-04  4.498768e-04  4.498768e-04  4.498768e-04  4.498768e-04
-1.847370  4.555524e-04  4.555524e-04  4.555524e-04  4.555524e-04  4.555524e-04  4.555524e-04
-1.846361  4.612648e-04  4.612648e-04  4.612648e-04  4.612648e-04  4.612648e-04  4.612648e-04
-1.845353  4.670140e-04  4.670140e-04  4.670140e-04  4.670140e-04  4.670140e-04  4.670140e-04
-1.844344  4.728001e-04  4.728001e-04  4.728001e-04  4.728001e-04  4.728001e-04  4.728001e-04
-1.843335  4.786231e-04  4.786231e-04  4.786231e-04  4.786231e-04  4.786231e-04  4.786231e-04
-1.842326  4.844831e-04  4.844831e-04  4.844831e-04  4.844831e-04  4.844831e-04  4.844831e-04
-1.841317  4.903800e-04  4.903800e-04  4.903800e-04  4.903800e-04  4.903800e-04  4.903800e-04
-1.840309  4.963139e-04  4.963139e-04  4.963139e-04  4.963139e-04  4.963139e-04  4.963139e-04
-1.839300  5.022849e-04  5.022849e-04  5.022849e-04  5.022849e-04  5.022849e-04  5.022849e-04
-1.838291  5.082929e-04  5.082929e-04  5.082929e-04  5.082929e-04  5.082929e-04  5.082929e-04
-1.837282  5.143380e-04  5.143380e-04  5.143380e-04  5.143380e-04  5.143380e-04  5.143380e-04
-1.836274  5.204203e-04  5.204203e-04  5.204203e-04  5.204203e-04  5.204203e-04  5.204203e-04
-1.835265  5.265397e-04  5.265397e-04  5.265397e-04  5.265397e-04  5.265397e-04  5.265397e-04
-1.834256  5.326963e-04  5.326963e-04  5.326963e-04  5.326963e-04  5.326963e-04  5.326963e-04
-1.833247  5.388901e-04  5.388901e-04  5.388901e-04  5.388901e-04  5.388901e-04  5.388901e-04
-1.832238  5.451212e-04  5.451212e-04  5.451212e-04  5.451212e-04  5.451212e-04  5.451212e-04
-1.831230  5.513896e-04  5.513896e-04  5.513896e-04  5.513896e-04  5.513896e-04  5.513896e-04
-1.830221  5.576954e-04  5.576954e-04  5.576954e-04  5.576954e-04  5.576954e-04  5.576954e-04
-1.829212  5.640385e-04  5.640385e-04  5.640385e-04  5.640385e-04  5.640385e-04  5.640385e-04
-1.828203  5.704190e-04  5.704190e-04  5.704190e-04  5.704190e-04  5.704190e-04  5.704190e-04
-1.827195  5.768369e-04  5.768369e-04  5.768369e-04  5.768369e-04  5.768369e-04  5.768369e-04
-1.826186  5.832923e-04  5.832923e-04  5.832923e-04  5.832923e-04  5.832923e-04  5.832923e-04
-1.825177  5.897852e-04  5.897852e-04  5.897852e-04  5.897852e-04  5.897852e-04  5.897852e-04
-1.824168  5.963156e-04  5.963156e-04  5.963156e-04  5.963156e-04  5.963156e-04  5.963156e-04
-1.823160  6.028837e-04  6.028837e-04  6.028837e-04  6.028837e-04  6.028837e-04  6.028837e-04
-1.822151  6.094893e-04  6.094893e-04  6.094893e-04  6.094893e-04  6.094893e-04  6.094893e-04
-1.821142  6.161325e-04  6.161325e-04  6.161325e-04  6.161325e-04  6.161325e-04  6.161325e-04
-1.820133  6.228135e-04  6.228135e-04  6.228135e-04  6.228135e-04  6.228135e-04  6.228135e-04
-1.819124  6.295321e-04  6.295321e-04  6.295321e-04  6.295321e-04  6.295321e-04  6.295321e-04
-1.818116  6.362886e-04  6.362886e-04  6.362886e-04  6.362886e-04  6.362886e-04  6.362886e-04
-1.817107  6.430828e-04  6.430828e-04  6.430828e-04  6.430828e-04  6.430828e-04  6.430828e-04
-1.816098  6.499148e-04  6.499148e-04  6.499148e-04  6.499148e-04  6.499148e-04  6.499148e-04
-1.815089  6.567847e-04  6.567847e-04  6.567847e-04  6.567847e-04  6.567847e-04  6.567847e-04
-1.814081  6.636925e-04  6.636925e-04  6.636925e-04  6.636925e-04  6.636925e-04  6.636925e-04
-1.813072  6.706382e-04  6.706382e-04  6.706382e-04  6.706382e-04  6.706382e-04  6.706382e-04
-1.812063  6.776219e-04  6.776219e-04  6.776219e-04  6.776219e-04  6.776219e-04  6.776219e-04
-1.811054  6.846436e-04  6.846436e-04  6.846436e-04  6.846436e-04  6.846436e-04  6.846436e-04
-1.810045  6.917034e-04  6.917034e-04  6.917034e-04  6.917034e-04  6.917034e-04  6.917034e-04
-1.809037  6.988012e-04  6.988012e-04  6.988012e-04  6.988012e-04  6.988012e-04  6.988012e-04
-1.808028  7.059372e-04  7.059372e-04  7.059372e-04  7.059372e-04  7.059372e-04  7.059372e-04
-1.807019  7.131113e-04  7.131113e-04  7.131113e-04  7.131113e-04  7.131113e-04  7.131113e-04
-1.806010  7.203237e-04  7.203237e-04  7.203237e-04  7.203237e-04  7.203237e-04  7.203237e-04
-1.805002  7.275743e-04  7.275743e-04  7.275743e-04  7.275743e-04  7.275743e-04  7.275743e-04
-1.803993  7.348631e-04  7.348631e-04  7.348631e-04  7.348631e-04  7.348631e-04  7.348631e-04
-1.802984  7.421903e-04  7.421903e-04  7.421903e-04  7.421903e-04  7.421903e-04  7.421903e-04
-1.801975  7.495559e-04  7.495559e-04  7.495559e-04  7.495559e-04  7.495559e-04  7.495559e-04
-1.800966  7.569598e-04  7.569598e-04  7.569598e-04  7.569598e-04  7.569598e-04  7.569598e-04
-1.799958  7.644022e-04  7.644022e-04  7.644022e-04  7.644022e-04  7.644022e-04  7.644022e-04
-1.798949  7.718831e-04  7.718831e-04  7.718831e-04  7.718831e-04  7.718831e-04  7.718831e-04
-1.797940  7.794025e-04  7.794025e-04  7.794025e-04  7.794025e-04  7.794025e-04  7.794025e-04
-1.796931  7.869604e-04  7.869604e-04  7.869604e-04  7.869604e-04  7.869604e-04  7.869604e-04
-1.795923  7.945569e-04  7.945569e-04  7.945569e-04  7.945569e-04  7.945569e-04  7.945569e-04
-1.794914  8.021921e-04  8.021921e-04  8.021921e-04  8.021921e-04  8.021921e-04  8.021921e-04
-1.793905  8.098660e-04  8.098660e-04  8.098660e-04  8.098660e-04  8.098660e-04  8.098660e-04
-1.792896  8.175786e-04  8.175786e-04  8.175786e-04  8.175786e-04  8.175786e-04  8.175786e-04
-1.791888  8.253300e-04  8.253300e-04  8.253300e-04  8.253300e-04  8.253300e-04  8.253300e-04
-1.790879  8.331202e-04  8.331202e-04  8.331202e-04  8.331202e-04  8.331202e-04  8.331202e-04
-1.789870  8.409492e-04  8.409492e-04  8.409492e-04  8.409492e-04  8.409492e-04  8.409492e-04
-1.788861  8.488171e-04  8.488171e-04  8.488171e-04  8.488171e-04  8.488171e-04  8.488171e-04
-1.787852  8.567240e-04  8.567240e-04  8.567240e-04  8.567240e-04  8.567240e-04  8.567240e-04
-1.786844  8.646698e-04  8.646698e-04  8.646698e-04  8.646698e-04  8.646698e-04  8.646698e-04
-1.785835  8.726547e-04  8.726547e-04  8.726547e-04  8.726547e-04  8.726547e-04  8.726547e-04
-1.784826  8.806786e-04  8.806786e-04  8.806786e-04  8.806786e-04  8.806786e-04  8.806786e-04
-1.783817  8.887416e-04  8.887416e-04  8.887416e-04  8.887416e-04  8.887416e-04  8.887416e-04
-1.782809  8.968438e-04  8.968438e-04  8.968438e-04  8.968438e-04  8.968438e-04  8.968438e-04
-1.781800  9.049852e-04  9.049852e-04  9.049852e-04  9.049852e-04  9.049852e-04  9.049852e-04
-1.780791  9.131658e-04  9.131658e-04  9.131658e-04  9.131658e-04  9.131658e-04  9.131658e-04
-1.779782  9.213857e-04  9.213857e-04  9.213857e-04  9.213857e-04  9.213857e-04  9.213857e-04
-1.778773  9.296449e-04  9.296449e-04  9.296449e-04  9.296449e-04  9.296449e-04  9.296449e-04
-1.777765  9.379435e-04  9.379435e-04  9.379435e-04  9.379435e-04  9.379435e-04  9.379435e-04
-1.776756  9.462815e-04  9.462815e-04  9.462815e-04  9.462815e-04  9.462815e-04  9.462815e-04
-1.775747  9.546590e-04  9.546590e-04  9.546590e-04  9.546590e-04  9.546590e-04  9.546590e-04
-1.774738  9.630759e-04  9.630759e-04  9.630759e-04  9.630759e-04  9.630759e-04  9.630759e-04
-1.773730  9.715325e-04  9.715325e-04  9.715325e-04  9.715325e-04  9.715325e-04  9.715325e-04
-1.772721  9.800286e-04  9.800286e-04  9.800286e-04  9.800286e-04  9.800286e-04  9.800286e-04
-1.771712  9.885644e-04  9.885644e-04  9.885644e-04  9.885644e-04  9.885644e-04  9.885644e-04
-1.770703  9.971398e-04  9.971398e-04  9.971398e-04  9.971398e-04  9.971398e-04  9.971398e-04
-1.769695  1.005755e-03  1.005755e-03  1.005755e-03  1.005755e-03  1.005755e-03  1.005755e-03
-1.768686  1.014410e-03  1.014410e-03  1.014410e-03  1.014410e-03  1.014410e-03  1.014410e-03
-1.767677  1.023105e-03  1.023105e-03  1.023105e-03  1.023105e-03  1.023105e-03  1.023105e-03
-1.766668  1.031839e-03  1.031839e-03  1.031839e-03  1.031839e-03  1.031839e-03  1.031839e-03
-1.765659  1.040614e-03  1.040614e-03  1.040614e-03  1.040614e-03  1.040614e-03  1.040614e-03
-1.764651  1.049429e-03  1.049429e-03  1.049429e-03  1.049429e-03  1.049429e-03  1.049429e-03
-1.763642  1.058283e-03  1.058283e-03  1.058283e-03  1.058283e-03  1.058283e-03  1.058283e-03
-1.762633  1.067178e-03  1.067178e-03  1.067178e-03  1.067178e-03  1.067178e-03  1.067178e-03
-1.761624  1.076113e-03  1.076113e-03  1.076113e-03  1.076113e-03  1.076113e-03  1.076113e-03
-1.760616  1.085088e-03  1.085088e-03  1.085088e-03  1.085088e-03  1.085088e-03  1.085088e-03
-1.759607  1.094103e-03  1.094103e-03  1.094103e-03  1.094103e-03  1.094103e-03  1.094103e-03
-1.758598  1.103158e-03  1.103158e-03  1.103158e-03  1.103158e-03  1.103158e-03  1.103158e-03
-1.757589  1.112254e-03  1.112254e-03  1.112254e-03  1.112254e-03  1.112254e-03  1.112254e-03
-1.756580  1.121390e-03  1.121390e-03  1.121390e-03  1.121390e-03  1.121390e-03  1.121390e-03
-1.755572  1.130566e-03  1.130566e-03  1.130566e-03  1.130566e-03  1.130566e-03  1.130566e-03
-1.754563  1.139783e-03  1.139783e-03  1.139783e-03  1.139783e-03  1.139783e-03  1.139783e-03
-1.753554  1.149041e-03  1.149041e-03  1.149041e-03  1.149041e-03  1.149041e-03  1.149041e-03
-1.752545  1.158339e-03  1.158339e-03  1.158339e-03  1.158339e-03  1.158339e-03  1.158339e-03
-1.751537  1.167677e-03  1.167677e-03  1.167677e-03  1.167677e-03  1.167677e-03  1.167677e-03
-1.750528  1.177057e-03  1.177057e-03  1.177057e-03  1.177057e-03  1.177057e-03  1.177057e-03
-1.749519  1.186477e-03  1.186477e-03  1.186477e-03  1.186477e-03  1.186477e-03  1.186477e-03
-1.748510  1.195937e-03  1.195937e-03  1.195937e-03  1.195937e-03  1.195937e-03  1.195937e-03
-1.747501  1.205439e-03  1.205439e-03  1.205439e-03  1.205439e-03  1.205439e-03  1.205439e-03
-1.746493  1.214981e-03  1.214981e-03  1.214981e-03  1.214981e-03  1.214981e-03  1.214981e-03
-1.745484  1.224564e-03  1.224564e-03  1.224564e-03  1.224564e-03  1.224564e-03  1.224564e-03
-1.744475  1.234189e-03  1.234189e-03  1.234189e-03  1.234189e-03  1.234189e-03  1.234189e-03
-1.743466  1.243854e-03  1.243854e-03  1.243854e-03  1.243854e-03  1.243854e-03  1.243854e-03
-1.742458  1.253560e-03  1.253560e-03  1.253560e-03  1.253560e-03  1.253560e-03  1.253560e-03
-1.741449  1.263308e-03  1.263308e-03  1.263308e-03  1.263308e-03  1.263308e-03  1.263308e-03
-1.740440  1.273096e-03  1.273096e-03  1.273096e-03  1.273096e-03  1.273096e-03  1.273096e-03
-1.739431  1.282926e-03  1.282926e-03  1.282926e-03  1.282926e-03  1.282926e-03  1.282926e-03
-1.738423  1.292797e-03  1.292797e-03  1.292797e-03  1.292797e-03  1.292797e-03  1.292797e-03
-1.737414  1.302710e-03  1.302710e-03  1.302710e-03  1.302710e-03  1.302710e-03  1.302710e-03
-1.736405  1.312664e-03  1.312664e-03  1.312664e-03  1.312664e-03  1.312664e-03  1.312664e-03
-1.735396  1.322659e-03  1.322659e-03  1.322659e-03  1.322659e-03  1.322659e-03  1.322659e-03
-1.734387  1.332696e-03  1.332696e-03  1.332696e-03  1.332696e-03  1.332696e-03  1.332696e-03
-1.733379  1.342774e-03  1.342774e-03  1.342774e-03  1.342774e-03  1.342774e-03  1.342774e-03
-1.732370  1.352894e-03  1.352894e-03  1.352894e-03  1.352894e-03  1.352894e-03  1.352894e-03
-1.731361  1.363056e-03  1.363056e-03  1.363056e-03  1.363056e-03  1.363056e-03  1.363056e-03
-1.730352  1.373259e-03  1.373259e-03  1.373259e-03  1.373259e-03  1.373259e-03  1.373259e-03
-1.729344  1.383504e-03  1.383504e-03  1.383504e-03  1.383504e-03  1.383504e-03  1.383504e-03
-1.728335  1.393791e-03  1.393791e-03  1.393791e-03  1.393791e-03  1.393791e-03  1.393791e-03
-1.727326  1.404120e-03  1.404120e-03  1.404120e-03  1.404120e-03  1.404120e-03  1.404120e-03
-1.726317  1.414490e-03  1.414490e-03  1.414490e-03  1.414490e-03  1.414490e-03  1.414490e-03
-1.725308  1.424903e-03  1.424903e-03  1.424903e-03  1.424903e-03  1.424903e-03  1.424903e-03
-1.724300  1.435358e-03  1.435358e-03  1.435358e-03  1.435358e-03  1.435358e-03  1.435358e-03
-1.723291  1.445854e-03  1.445854e-03  1.445854e-03  1.445854e-03  1.445854e-03  1.445854e-03
-1.722282  1.456393e-03  1.456393e-03  1.456393e-03  1.456393e-03  1.456393e-03  1.456393e-03
-1.721273  1.466975e-03  1.466975e-03  1.466975e-03  1.466975e-03  1.466975e-03  1.466975e-03
-1.720265  1.477598e-03  1.477598e-03  1.477598e-03  1.477598e-03  1.477598e-03  1.477598e-03
-1.719256  1.488264e-03  1.488264e-03  1.488264e-03  1.488264e-03  1.488264e-03  1.488264e-03
-1.718247  1.498972e-03  1.498972e-03  1.498972e-03  1.498972e-03  1.498972e-03  1.498972e-03
-1.717238  1.509723e-03  1.509723e-03  1.509723e-03  1.509723e-03  1.509723e-03  1.509723e-03
-1.716229  1.520516e-03  1.520516e-03  1.520516e-03  1.520516e-03  1.520516e-03  1.520516e-03
-1.715221  1.531351e-03  1.531351e-03  1.531351e-03  1.531351e-03  1.531351e-03  1.531351e-03
-1.714212  1.542230e-03  1.542230e-03  1.542230e-03  1.542230e-03  1.542230e-03  1.542230e-03
-1.713203  1.553151e-03  1.553151e-03  1.553151e-03  1.553151e-03  1.553151e-03  1.553151e-03
-1.712194  1.564114e-03  1.564114e-03  1.564114e-03  1.564114e-03  1.564114e-03  1.564114e-03
-1.711186  1.575121e-03  1.575121e-03  1.575121e-03  1.575121e-03  1.575121e-03  1.575121e-03
-1.710177  1.586170e-03  1.586170e-03  1.586170e-03  1.586170e-03  1.586170e-03  1.586170e-03
-1.709168  1.597262e-03  1.597262e-03  1.597262e-03  1.597262e-03  1.597262e-03  1.597262e-03
-1.708159  1.608398e-03  1.608398e-03  1.608398e-03  1.608398e-03  1.608398e-03  1.608398e-03
-1.707151  1.619576e-03  1.619576e-03  1.619576e-03  1.619576e-03  1.619576e-03  1.619576e-03
-1.706142  1.630797e-03  1.630797e-03  1.630797e-03  1.630797e-03  1.630797e-03  1.630797e-03
-1.705133  1.642062e-03  1.642062e-03  1.642062e-03  1.642062e-03  1.642062e-03  1.642062e-03
-1.704124  1.653369e-03  1.653369e-03  1.653369e-03  1.653369e-03  1.653369e-03  1.653369e-03
-1.703115  1.664720e-03  1.664720e-03  1.664720e-03  1.664720e-03  1.664720e-03  1.664720e-03
-1.702107  1.676115e-03  1.676115e-03  1.676115e-03  1.676115e-03  1.676115e-03  1.676115e-03
-1.701098  1.687553e-03  1.687553e-03  1.687553e-03  1.687553e-03  1.687553e-03  1.687553e-03
-1.700089  1.699034e-03  1.699034e-03  1.699034e-03  1.699034e-03  1.699034e-03  1.699034e-03
-1.699080  1.710558e-03  1.710558e-03  1.710558e-03  1.710558e-03  1.710558e-03  1.710558e-03
-1.698072  1.722127e-03  1.722127e-03  1.722127e-03  1.722127e-03  1.722127e-03  1.722127e-03
-1.697063  1.733739e-03  1.733739e-03  1.733739e-03  1.733739e-03  1.733739e-03  1.733739e-03
-1.696054  1.745394e-03  1.745394e-03  1.745394e-03  1.745394e-03  1.745394e-03  1.745394e-03
-1.695045  1.757094e-03  1.757094e-03  1.757094e-03  1.757094e-03  1.757094e-03  1.757094e-03
-1.694036  1.768837e-03  1.768837e-03  1.768837e-03  1.768837e-03  1.768837e-03  1.768837e-03
-1.693028  1.780624e-03  1.780624e-03  1.780624e-03  1.780624e-03  1.780624e-03  1.780624e-03
-1.692019  1.792455e-03  1.792455e-03  1.792455e-03  1.792455e-03  1.792455e-03  1.792455e-03
-1.691010  1.804331e-03  1.804331e-03  1.804331e-03  1.804331e-03  1.804331e-03  1.804331e-03
-1.690001  1.816250e-03  1.816250e-03  1.816250e-03  1.816250e-03  1.816250e-03  1.816250e-03
-1.688993  1.828213e-03  1.828213e-03  1.828213e-03  1.828213e-03  1.828213e-03  1.828213e-03
-1.687984  1.840221e-03  1.840221e-03  1.840221e-03  1.840221e-03  1.840221e-03  1.840221e-03
-1.686975  1.852273e-03  1.852273e-03  1.852273e-03  1.852273e-03  1.852273e-03  1.852273e-03
-1.685966  1.864369e-03  1.864369e-03  1.864369e-03  1.864369e-03  1.864369e-03  1.864369e-03
-1.684957  1.876510e-03  1.876510e-03  1.876510e-03  1.876510e-03  1.876510e-03  1.876510e-03
-1.683949  1.888695e-03  1.888695e-03  1.888695e-03  1.888695e-03  1.888695e-03  1.888695e-03
-1.682940  1.900925e-03  1.900925e-03  1.900925e-03  1.900925e-03  1.900925e-03  1.900925e-03
-1.681931  1.913199e-03  1.913199e-03  1.913199e-03  1.913199e-03  1.913199e-03  1.913199e-03
-1.680922  1.925518e-03  1.925518e-03  1.925518e-03  1.925518e-03  1.925518e-03  1.925518e-03
-1.679914  1.937882e-03  1.937882e-03  1.937882e-03  1.937882e-03  1.937882e-03  1.937882e-03
-1.678905  1.950290e-03  1.950290e-03  1.950290e-03  1.950290e-03  1.950290e-03  1.950290e-03
-1.677896  1.962744e-03  1.962744e-03  1.962744e-03  1.962744e-03  1.962744e-03  1.962744e-03
-1.676887  1.975242e-03  1.975242e-03  1.975242e-03  1.975242e-03  1.975242e-03  1.975242e-03
-1.675879  1.987785e-03  1.987785e-03  1.987785e-03  1.987785e-03  1.987785e-03  1.987785e-03
-1.674870  2.000374e-03  2.000374e-03  2.000374e-03  2.000374e-03  2.000374e-03  2.000374e-03
-1.673861  2.013008e-03  2.013008e-03  2.013008e-03  2.013008e-03  2.013008e-03  2.013008e-03
-1.672852  2.025686e-03  2.025686e-03  2.025686e-03  2.025686e-03  2.025686e-03  2.025686e-03
-1.671843  2.038411e-03  2.038411e-03  2.038411e-03  2.038411e-03  2.038411e-03  2.038411e-03
-1.670835  2.051180e-03  2.051180e-03  2.051180e-03  2.051180e-03  2.051180e-03  2.051180e-03
-1.669826  2.063995e-03  2.063995e-03  2.063995e-03  2.063995e-03  2.063995e-03  2.063995e-03
-1.668817  2.076855e-03  2.076855e-03  2.076855e-03  2.076855e-03  2.076855e-03  2.076855e-03
-1.667808  2.089761e-03  2.089761e-03  2.089761e-03  2.089761e-03  2.089761e-03  2.089761e-03
-1.666800  2.102713e-03  2.102713e-03  2.102713e-03  2.102713e-03  2.102713e-03  2.102713e-03
-1.665791  2.115710e-03  2.115710e-03  2.115710e-03  2.115710e-03  2.115710e-03  2.115710e-03
-1.664782  2.128753e-03  2.128753e-03  2.128753e-03  2.128753e-03  2.128753e-03  2.128753e-03
-1.663773  2.141842e-03  2.141842e-03  2.141842e-03  2.141842e-03  2.141842e-03  2.141842e-03
-1.662764  2.154977e-03  2.154977e-03  2.154977e-03  2.154977e-03  2.154977e-03  2.154977e-03
-1.661756  2.168158e-03  2.168158e-03  2.168158e-03  2.168158e-03  2.168158e-03  2.168158e-03
-1.660747  2.181384e-03  2.181384e-03  2.181384e-03  2.181384e-03  2.181384e-03  2.181384e-03
-1.659738  2.194657e-03  2.194657e-03  2.194657e-03  2.194657e-03  2.194657e-03  2.194657e-03
-1.658729  2.207977e-03  2.207977e-03  2.207977e-03  2.207977e-03  2.207977e-03  2.207977e-03
-1.657721  2.221342e-03  2.221342e-03  2.221342e-03  2.221342e-03  2.221342e-03  2.221342e-03
-1.656712  2.234754e-03  2.234754e-03  2.234754e-03  2.234754e-03  2.234754e-03  2.234754e-03
-1.655703  2.248212e-03  2.248212e-03  2.248212e-03  2.248212e-03  2.248212e-03  2.248212e-03
-1.654694  2.261717e-03  2.261717e-03  2.261717e-03  2.261717e-03  2.261717e-03  2.261717e-03
-1.653686  2.275268e-03  2.275268e-03  2.275268e-03  2.275268e-03  2.275268e-03  2.275268e-03
-1.652677  2.288866e-03  2.288866e-03  2.288866e-03  2.288866e-03  2.288866e-03  2.288866e-03
-1.651668  2.302510e-03  2.302510e-03  2.302510e-03  2.302510e-03  2.302510e-03  2.302510e-03
-1.650659  2.316202e-03  2.316202e-03  2.316202e-03  2.316202e-03  2.316202e-03  2.316202e-03
-1.649650  2.329940e-03  2.329940e-03  2.329940e-03  2.329940e-03  2.329940e-03  2.329940e-03
-1.648642  2.343725e-03  2.343725e-03  2.343725e-03  2.343725e-03  2.343725e-03  2.343725e-03
-1.647633  2.357557e-03  2.357557e-03  2.357557e-03  2.357557e-03  2.357557e-03  2.357557e-03
-1.646624  2.371436e-03  2.371436e-03  2.371436e-03  2.371436e-03  2.371436e-03  2.371436e-03
-1.645615  2.385363e-03  2.385363e-03  2.385363e-03  2.385363e-03  2.385363e-03  2.385363e-03
-1.644607  2.399336e-03  2.399336e-03  2.399336e-03  2.399336e-03  2.399336e-03  2.399336e-03
-1.643598  2.413357e-03  2.413357e-03  2.413357e-03  2.413357e-03  2.413357e-03  2.413357e-03
-1.642589  2.427425e-03  2.427425e-03  2.427425e-03  2.427425e-03  2.427425e-03  2.427425e-03
-1.641580  2.441541e-03  2.441541e-03  2.441541e-03  2.441541e-03  2.441541e-03  2.441541e-03
-1.640571  2.455704e-03  2.455704e-03  2.455704e-03  2.455704e-03  2.455704e-03  2.455704e-03
-1.639563  2.469915e-03  2.469915e-03  2.469915e-03  2.469915e-03  2.469915e-03  2.469915e-03
-1.638554  2.484174e-03  2.484174e-03  2.484174e-03  2.484174e-03  2.484174e-03  2.484174e-03
-1.637545  2.498480e-03  2.498480e-03  2.498480e-03  2.498480e-03  2.498480e-03  2.498480e-03
-1.636536  2.512834e-03  2.512834e-03  2.512834e-03  2.512834e-03  2.512834e-03  2.512834e-03
-1.635528  2.527236e-03  2.527236e-03  2.527236e-03  2.527236e-03  2.527236e-03  2.527236e-03
-1.634519  2.541686e-03  2.541686e-03  2.541686e-03  2.541686e-03  2.541686e-03  2.541686e-03
-1.633510  2.556184e-03  2.556184e-03  2.556184e-03  2.556184e-03  2.556184e-03  2.556184e-03
-1.632501  2.570730e-03  2.570730e-03  2.570730e-03  2.570730e-03  2.570730e-03  2.570730e-03
-1.631492  2.585325e-03  2.585325e-03  2.585325e-03  2.585325e-03  2.585325e-03  2.585325e-03
-1.630484  2.599968e-03  2.599968e-03  2.599968e-03  2.599968e-03  2.599968e-03  2.599968e-03
-1.629475  2.614659e-03  2.614659e-03  2.614659e-03  2.614659e-03  2.614659e-03  2.614659e-03
-1.628466  2.629398e-03  2.629398e-03  2.629398e-03  2.629398e-03  2.629398e-03  2.629398e-03
-1.627457  2.644187e-03  2.644187e-03  2.644187e-03  2.644187e-03  2.644187e-03  2.644187e-03
-1.626449  2.659023e-03  2.659023e-03  2.659023e-03  2.659023e-03  2.659023e-03  2.659023e-03
-1.625440  2.673909e-03  2.673909e-03  2.673909e-03  2.673909e-03  2.673909e-03  2.673909e-03
-1.624431  2.688843e-03  2.688843e-03  2.688843e-03  2.688843e-03  2.688843e-03  2.688843e-03
-1.623422  2.703826e-03  2.703826e-03  2.703826e-03  2.703826e-03  2.703826e-03  2.703826e-03
-1.622414  2.718858e-03  2.718858e-03  2.718858e-03  2.718858e-03  2.718858e-03  2.718858e-03
-1.621405  2.733939e-03  2.733939e-03  2.733939e-03  2.733939e-03  2.733939e-03  2.733939e-03
-1.620396  2.749070e-03  2.749070e-03  2.749070e-03  2.749070e-03  2.749070e-03  2.749070e-03
-1.619387  2.764249e-03  2.764249e-03  2.764249e-03  2.764249e-03  2.764249e-03  2.764249e-03
-1.618378  2.779478e-03  2.779478e-03  2.779478e-03  2.779478e-03  2.779478e-03  2.779478e-03
-1.617370  2.794756e-03  2.794756e-03  2.794756e-03  2.794756e-03  2.794756e-03  2.794756e-03
-1.616361  2.810083e-03  2.810083e-03  2.810083e-03  2.810083e-03  2.810083e-03  2.810083e-03
-1.615352  2.825460e-03  2.825460e-03  2.825460e-03  2.825460e-03  2.825460e-03  2.825460e-03
-1.614343  2.840887e-03  2.840887e-03  2.840887e-03  2.840887e-03  2.840887e-03  2.840887e-03
-1.613335  2.856363e-03  2.856363e-03  2.856363e-03  2.856363e-03  2.856363e-03  2.856363e-03
-1.612326  2.871889e-03  2.871889e-03  2.871889e-03  2.871889e-03  2.871889e-03  2.871889e-03
-1.611317  2.887465e-03  2.887465e-03  2.887465e-03  2.887465e-03  2.887465e-03  2.887465e-03
-1.610308  2.903091e-03  2.903091e-03  2.903091e-03  2.903091e-03  2.903091e-03  2.903091e-03
-1.609299  2.918766e-03  2.918766e-03  2.918766e-03  2.918766e-03  2.918766e-03  2.918766e-03
-1.608291  2.934492e-03  2.934492e-03  2.934492e-03  2.934492e-03  2.934492e-03  2.934492e-03
-1.607282  2.950268e-03  2.950268e-03  2.950268e-03  2.950268e-03  2.950268e-03  2.950268e-03
-1.606273  2.966095e-03  2.966095e-03  2.966095e-03  2.966095e-03  2.966095e-03  2.966095e-03
-1.605264  2.981972e-03  2.981972e-03  2.981972e-03  2.981972e-03  2.981972e-03  2.981972e-03
-1.604256  2.997899e-03  2.997899e-03  2.997899e-03  2.997899e-03  2.997899e-03  2.997899e-03
-1.603247  3.013876e-03  3.013876e-03  3.013876e-03  3.013876e-03  3.013876e-03  3.013876e-03
-1.602238  3.029905e-03  3.029905e-03  3.029905e-03  3.029905e-03  3.029905e-03  3.029905e-03
-1.601229  3.045984e-03  3.045984e-03  3.045984e-03  3.045984e-03  3.045984e-03  3.045984e-03
-1.600220  3.062114e-03  3.062114e-03  3.062114e-03  3.062114e-03  3.062114e-03  3.062114e-03
-1.599212  3.078294e-03  3.078294e-03  3.078294e-03  3.078294e-03  3.078294e-03  3.078294e-03
-1.598203  3.094526e-03  3.094526e-03  3.094526e-03  3.094526e-03  3.094526e-03  3.094526e-03
-1.597194  3.110809e-03  3.110809e-03  3.110809e-03  3.110809e-03  3.110809e-03  3.110809e-03
-1.596185  3.127143e-03  3.127143e-03  3.127143e-03  3.127143e-03  3.127143e-03  3.127143e-03
-1.595177  3.143528e-03  3.143528e-03  3.143528e-03  3.143528e-03  3.143528e-03  3.143528e-03
-1.594168  3.159964e-03  3.159964e-03  3.159964e-03  3.159964e-03  3.159964e-03  3.159964e-03
-1.593159  3.176452e-03  3.176452e-03  3.176452e-03  3.176452e-03  3.176452e-03  3.176452e-03
-1.592150  3.192991e-03  3.192991e-03  3.192991e-03  3.192991e-03  3.192991e-03  3.192991e-03
-1.591142  3.209582e-03  3.209582e-03  3.209582e-03  3.209582e-03  3.209582e-03  3.209582e-03
-1.590133  3.226225e-03  3.226225e-03  3.226225e-03  3.226225e-03  3.226225e-03  3.226225e-03
-1.589124  3.242919e-03  3.242919e-03  3.242919e-03  3.242919e-03  3.242919e-03  3.242919e-03
-1.588115  3.259665e-03  3.259665e-03  3.259665e-03  3.259665e-03  3.259665e-03  3.259665e-03
-1.587106  3.276463e-03  3.276463e-03  3.276463e-03  3.276463e-03  3.276463e-03  3.276463e-03
-1.586098  3.293313e-03  3.293313e-03  3.293313e-03  3.293313e-03  3.293313e-03  3.293313e-03
-1.585089  3.310216e-03  3.310216e-03  3.310216e-03  3.310216e-03  3.310216e-03  3.310216e-03
-1.584080  3.327170e-03  3.327170e-03  3.327170e-03  3.327170e-03  3.327170e-03  3.327170e-03
-1.583071  3.344177e-03  3.344177e-03  3.344177e-03  3.344177e-03  3.344177e-03  3.344177e-03
-1.582063  3.361236e-03  3.361236e-03  3.361236e-03  3.361236e-03  3.361236e-03  3.361236e-03
-1.581054  3.378348e-03  3.378348e-03  3.378348e-03  3.378348e-03  3.378348e-03  3.378348e-03
-1.580045  3.395512e-03  3.395512e-03  3.395512e-03  3.395512e-03  3.395512e-03  3.395512e-03
-1.579036  3.412729e-03  3.412729e-03  3.412729e-03  3.412729e-03  3.412729e-03  3.412729e-03
-1.578027  3.429999e-03  3.429999e-03  3.429999e-03  3.429999e-03  3.429999e-03  3.429999e-03
-1.577019  3.447321e-03  3.447321e-03  3.447321e-03  3.447321e-03  3.447321e-03  3.447321e-03
-1.576010  3.464697e-03  3.464697e-03  3.464697e-03  3.464697e-03  3.464697e-03  3.464697e-03
-1.575001  3.482125e-03  3.482125e-03  3.482125e-03  3.482125e-03  3.482125e-03  3.482125e-03
-1.573992  3.499607e-03  3.499607e-03  3.499607e-03  3.499607e-03  3.499607e-03  3.499607e-03
-1.572984  3.517142e-03  3.517142e-03  3.517142e-03  3.517142e-03  3.517142e-03  3.517142e-03
-1.571975  3.534730e-03  3.534730e-03  3.534730e-03  3.534730e-03  3.534730e-03  3.534730e-03
-1.570966  3.552372e-03  3.552372e-03  3.552372e-03  3.552372e-03  3.552372e-03  3.552372e-03
-1.569957  3.570067e-03  3.570067e-03  3.570067e-03  3.570067e-03  3.570067e-03  3.570067e-03
-1.568948  3.587816e-03  3.587816e-03  3.587816e-03  3.587816e-03  3.587816e-03  3.587816e-03
-1.567940  3.605619e-03  3.605619e-03  3.605619e-03  3.605619e-03  3.605619e-03  3.605619e-03
-1.566931  3.623475e-03  3.623475e-03  3.623475e-03  3.623475e-03  3.623475e-03  3.623475e-03
-1.565922  3.641385e-03  3.641385e-03  3.641385e-03  3.641385e-03  3.641385e-03  3.641385e-03
-1.564913  3.659350e-03  3.659350e-03  3.659350e-03  3.659350e-03  3.659350e-03  3.659350e-03
-1.563905  3.677368e-03  3.677368e-03  3.677368e-03  3.677368e-03  3.677368e-03  3.677368e-03
-1.562896  3.695441e-03  3.695441e-03  3.695441e-03  3.695441e-03  3.695441e-03  3.695441e-03
-1.561887  3.713568e-03  3.713568e-03  3.713568e-03  3.713568e-03  3.713568e-03  3.713568e-03
-1.560878  3.731749e-03  3.731749e-03  3.731749e-03  3.731749e-03  3.731749e-03  3.731749e-03
-1.559870  3.749985e-03  3.749985e-03  3.749985e-03  3.749985e-03  3.749985e-03  3.749985e-03
-1.558861  3.768275e-03  3.768275e-03  3.768275e-03  3.768275e-03  3.768275e-03  3.768275e-03
-1.557852  3.786620e-03  3.786620e-03  3.786620e-03  3.786620e-03  3.786620e-03  3.786620e-03
-1.556843  3.805020e-03  3.805020e-03  3.805020e-03  3.805020e-03  3.805020e-03  3.805020e-03
-1.555834  3.823475e-03  3.823475e-03  3.823475e-03  3.823475e-03  3.823475e-03  3.823475e-03
-1.554826  3.841984e-03  3.841984e-03  3.841984e-03  3.841984e-03  3.841984e-03  3.841984e-03
-1.553817  3.860549e-03  3.860549e-03  3.860549e-03  3.860549e-03  3.860549e-03  3.860549e-03
-1.552808  3.879169e-03  3.879169e-03  3.879169e-03  3.879169e-03  3.879169e-03  3.879169e-03
-1.551799  3.897844e-03  3.897844e-03  3.897844e-03  3.897844e-03  3.897844e-03  3.897844e-03
-1.550791  3.916575e-03  3.916575e-03  3.916575e-03  3.916575e-03  3.916575e-03  3.916575e-03
-1.549782  3.935361e-03  3.935361e-03  3.935361e-03  3.935361e-03  3.935361e-03  3.935361e-03
-1.548773  3.954203e-03  3.954203e-03  3.954203e-03  3.954203e-03  3.954203e-03  3.954203e-03
-1.547764  3.973100e-03  3.973100e-03  3.973100e-03  3.973100e-03  3.973100e-03  3.973100e-03
-1.546755  3.992053e-03  3.992053e-03  3.992053e-03  3.992053e-03  3.992053e-03  3.992053e-03
-1.545747  4.011062e-03  4.011062e-03  4.011062e-03  4.011062e-03  4.011062e-03  4.011062e-03
-1.544738  4.030127e-03  4.030127e-03  4.030127e-03  4.030127e-03  4.030127e-03  4.030127e-03
-1.543729  4.049249e-03  4.049249e-03  4.049249e-03  4.049249e-03  4.049249e-03  4.049249e-03
-1.542720  4.068426e-03  4.068426e-03  4.068426e-03  4.068426e-03  4.068426e-03  4.068426e-03
-1.541712  4.087660e-03  4.087660e-03  4.087660e-03  4.087660e-03  4.087660e-03  4.087660e-03
-1.540703  4.106950e-03  4.106950e-03  4.106950e-03  4.106950e-03  4.106950e-03  4.106950e-03
-1.539694  4.126296e-03  4.126296e-03  4.126296e-03  4.126296e-03  4.126296e-03  4.126296e-03
-1.538685  4.145700e-03  4.145700e-03  4.145700e-03  4.145700e-03  4.145700e-03  4.145700e-03
-1.537677  4.165160e-03  4.165160e-03  4.165160e-03  4.165160e-03  4.165160e-03  4.165160e-03
-1.536668  4.184676e-03  4.184676e-03  4.184676e-03  4.184676e-03  4.184676e-03  4.184676e-03
-1.535659  4.204250e-03  4.204250e-03  4.204250e-03  4.204250e-03  4.204250e-03  4.204250e-03
-1.534650  4.223881e-03  4.223881e-03  4.223881e-03  4.223881e-03  4.223881e-03  4.223881e-03
-1.533641  4.243569e-03  4.243569e-03  4.243569e-03  4.243569e-03  4.243569e-03  4.243569e-03
-1.532633  4.263314e-03  4.263314e-03  4.263314e-03  4.263314e-03  4.263314e-03  4.263314e-03
-1.531624  4.283116e-03  4.283116e-03  4.283116e-03  4.283116e-03  4.283116e-03  4.283116e-03
-1.530615  4.302976e-03  4.302976e-03  4.302976e-03  4.302976e-03  4.302976e-03  4.302976e-03
-1.529606  4.322894e-03  4.322894e-03  4.322894e-03  4.322894e-03  4.322894e-03  4.322894e-03
-1.528598  4.342869e-03  4.342869e-03  4.342869e-03  4.342869e-03  4.342869e-03  4.342869e-03
-1.527589  4.362902e-03  4.362902e-03  4.362902e-03  4.362902e-03  4.362902e-03  4.362902e-03
-1.526580  4.382993e-03  4.382993e-03  4.382993e-03  4.382993e-03  4.382993e-03  4.382993e-03
-1.525571  4.403142e-03  4.403142e-03  4.403142e-03  4.403142e-03  4.403142e-03  4.403142e-03
-1.524562  4.423349e-03  4.423349e-03  4.423349e-03  4.423349e-03  4.423349e-03  4.423349e-03
-1.523554  4.443614e-03  4.443614e-03  4.443614e-03  4.443614e-03  4.443614e-03  4.443614e-03
-1.522545  4.463938e-03  4.463938e-03  4.463938e-03  4.463938e-03  4.463938e-03  4.463938e-03
-1.521536  4.484320e-03  4.484320e-03  4.484320e-03  4.484320e-03  4.484320e-03  4.484320e-03
-1.520527  4.504760e-03  4.504760e-03  4.504760e-03  4.504760e-03  4.504760e-03  4.504760e-03
-1.519519  4.525260e-03  4.525260e-03  4.525260e-03  4.525260e-03  4.525260e-03  4.525260e-03
-1.518510  4.545818e-03  4.545818e-03  4.545818e-03  4.545818e-03  4.545818e-03  4.545818e-03
-1.517501  4.566434e-03  4.566434e-03  4.566434e-03  4.566434e-03  4.566434e-03  4.566434e-03
-1.516492  4.587110e-03  4.587110e-03  4.587110e-03  4.587110e-03  4.587110e-03  4.587110e-03
-1.515483  4.607845e-03  4.607845e-03  4.607845e-03  4.607845e-03  4.607845e-03  4.607845e-03
-1.514475  4.628640e-03  4.628640e-03  4.628640e-03  4.628640e-03  4.628640e-03  4.628640e-03
-1.513466  4.649493e-03  4.649493e-03  4.649493e-03  4.649493e-03  4.649493e-03  4.649493e-03
-1.512457  4.670406e-03  4.670406e-03  4.670406e-03  4.670406e-03  4.670406e-03  4.670406e-03
-1.511448  4.691379e-03  4.691379e-03  4.691379e-03  4.691379e-03  4.691379e-03  4.691379e-03
-1.510440  4.712411e-03  4.712411e-03  4.712411e-03  4.712411e-03  4.712411e-03  4.712411e-03
-1.509431  4.733503e-03  4.733503e-03  4.733503e-03  4.733503e-03  4.733503e-03  4.733503e-03
-1.508422  4.754655e-03  4.754655e-03  4.754655e-03  4.754655e-03  4.754655e-03  4.754655e-03
-1.507413  4.775866e-03  4.775866e-03  4.775866e-03  4.775866e-03  4.775866e-03  4.775866e-03
-1.506405  4.797138e-03  4.797138e-03  4.797138e-03  4.797138e-03  4.797138e-03  4.797138e-03
-1.505396  4.818471e-03  4.818471e-03  4.818471e-03  4.818471e-03  4.818471e-03  4.818471e-03
-1.504387  4.839863e-03  4.839863e-03  4.839863e-03  4.839863e-03  4.839863e-03  4.839863e-03
-1.503378  4.861316e-03  4.861316e-03  4.861316e-03  4.861316e-03  4.861316e-03  4.861316e-03
-1.502369  4.882830e-03  4.882830e-03  4.882830e-03  4.882830e-03  4.882830e-03  4.882830e-03
-1.501361  4.904404e-03  4.904404e-03  4.904404e-03  4.904404e-03  4.904404e-03  4.904404e-03
-1.500352  4.926039e-03  4.926039e-03  4.926039e-03  4.926039e-03  4.926039e-03  4.926039e-03
-1.499343  4.947735e-03  4.947735e-03  4.947735e-03  4.947735e-03  4.947735e-03  4.947735e-03
-1.498334  4.969493e-03  4.969493e-03  4.969493e-03  4.969493e-03  4.969493e-03  4.969493e-03
-1.497326  4.991311e-03  4.991311e-03  4.991311e-03  4.991311e-03  4.991311e-03  4.991311e-03
-1.496317  5.013191e-03  5.013191e-03  5.013191e-03  5.013191e-03  5.013191e-03  5.013191e-03
-1.495308  5.035132e-03  5.035132e-03  5.035132e-03  5.035132e-03  5.035132e-03  5.035132e-03
-1.494299  5.057134e-03  5.057134e-03  5.057134e-03  5.057134e-03  5.057134e-03  5.057134e-03
-1.493290  5.079198e-03  5.079198e-03  5.079198e-03  5.079198e-03  5.079198e-03  5.079198e-03
-1.492282  5.101324e-03  5.101324e-03  5.101324e-03  5.101324e-03  5.101324e-03  5.101324e-03
-1.491273  5.123512e-03  5.123512e-03  5.123512e-03  5.123512e-03  5.123512e-03  5.123512e-03
-1.490264  5.145762e-03  5.145762e-03  5.145762e-03  5.145762e-03  5.145762e-03  5.145762e-03
-1.489255  5.168074e-03  5.168074e-03  5.168074e-03  5.168074e-03  5.168074e-03  5.168074e-03
-1.488247  5.190448e-03  5.190448e-03  5.190448e-03  5.190448e-03  5.190448e-03  5.190448e-03
-1.487238  5.212884e-03  5.212884e-03  5.212884e-03  5.212884e-03  5.212884e-03  5.212884e-03
-1.486229  5.235383e-03  5.235383e-03  5.235383e-03  5.235383e-03  5.235383e-03  5.235383e-03
-1.485220  5.257945e-03  5.257945e-03  5.257945e-03  5.257945e-03  5.257945e-03  5.257945e-03
-1.484211  5.280569e-03  5.280569e-03  5.280569e-03  5.280569e-03  5.280569e-03  5.280569e-03
-1.483203  5.303256e-03  5.303256e-03  5.303256e-03  5.303256e-03  5.303256e-03  5.303256e-03
-1.482194  5.326007e-03  5.326007e-03  5.326007e-03  5.326007e-03  5.326007e-03  5.326007e-03
-1.481185  5.348820e-03  5.348820e-03  5.348820e-03  5.348820e-03  5.348820e-03  5.348820e-03
-1.480176  5.371696e-03  5.371696e-03  5.371696e-03  5.371696e-03  5.371696e-03  5.371696e-03
-1.479168  5.394636e-03  5.394636e-03  5.394636e-03  5.394636e-03  5.394636e-03  5.394636e-03
-1.478159  5.417639e-03  5.417639e-03  5.417639e-03  5.417639e-03  5.417639e-03  5.417639e-03
-1.477150  5.440706e-03  5.440706e-03  5.440706e-03  5.440706e-03  5.440706e-03  5.440706e-03
-1.476141  5.463837e-03  5.463837e-03  5.463837e-03  5.463837e-03  5.463837e-03  5.463837e-03
-1.475133  5.487031e-03  5.487031e-03  5.487031e-03  5.487031e-03  5.487031e-03  5.487031e-03
-1.474124  5.510289e-03  5.510289e-03  5.510289e-03  5.510289e-03  5.510289e-03  5.510289e-03
-1.473115  5.533612e-03  5.533612e-03  5.533612e-03  5.533612e-03  5.533612e-03  5.533612e-03
-1.472106  5.556998e-03  5.556998e-03  5.556998e-03  5.556998e-03  5.556998e-03  5.556998e-03
-1.471097  5.580449e-03  5.580449e-03  5.580449e-03  5.580449e-03  5.580449e-03  5.580449e-03
-1.470089  5.603965e-03  5.603965e-03  5.603965e-03  5.603965e-03  5.603965e-03  5.603965e-03
-1.469080  5.627545e-03  5.627545e-03  5.627545e-03  5.627545e-03  5.627545e-03  5.627545e-03
-1.468071  5.651189e-03  5.651189e-03  5.651189e-03  5.651189e-03  5.651189e-03  5.651189e-03
-1.467062  5.674899e-03  5.674899e-03  5.674899e-03  5.674899e-03  5.674899e-03  5.674899e-03
-1.466054  5.698674e-03  5.698674e-03  5.698674e-03  5.698674e-03  5.698674e-03  5.698674e-03
-1.465045  5.722513e-03  5.722513e-03  5.722513e-03  5.722513e-03  5.722513e-03  5.722513e-03
-1.464036  5.746418e-03  5.746418e-03  5.746418e-03  5.746418e-03  5.746418e-03  5.746418e-03
-1.463027  5.770388e-03  5.770388e-03  5.770388e-03  5.770388e-03  5.770388e-03  5.770388e-03
-1.462018  5.794424e-03  5.794424e-03  5.794424e-03  5.794424e-03  5.794424e-03  5.794424e-03
-1.461010  5.818526e-03  5.818526e-03  5.818526e-03  5.818526e-03  5.818526e-03  5.818526e-03
-1.460001  5.842693e-03  5.842693e-03  5.842693e-03  5.842693e-03  5.842693e-03  5.842693e-03
-1.458992  5.866926e-03  5.866926e-03  5.866926e-03  5.866926e-03  5.866926e-03  5.866926e-03
-1.457983  5.891225e-03  5.891225e-03  5.891225e-03  5.891225e-03  5.891225e-03  5.891225e-03
-1.456975  5.915590e-03  5.915590e-03  5.915590e-03  5.915590e-03  5.915590e-03  5.915590e-03
-1.455966  5.940021e-03  5.940021e-03  5.940021e-03  5.940021e-03  5.940021e-03  5.940021e-03
-1.454957  5.964519e-03  5.964519e-03  5.964519e-03  5.964519e-03  5.964519e-03  5.964519e-03
-1.453948  5.989083e-03  5.989083e-03  5.989083e-03  5.989083e-03  5.989083e-03  5.989083e-03
-1.452939  6.013714e-03  6.013714e-03  6.013714e-03  6.013714e-03  6.013714e-03  6.013714e-03
-1.451931  6.038412e-03  6.038412e-03  6.038412e-03  6.038412e-03  6.038412e-03  6.038412e-03
-1.450922  6.063177e-03  6.063177e-03  6.063177e-03  6.063177e-03  6.063177e-03  6.063177e-03
-1.449913  6.088009e-03  6.088009e-03  6.088009e-03  6.088009e-03  6.088009e-03  6.088009e-03
-1.448904  6.112908e-03  6.112908e-03  6.112908e-03  6.112908e-03  6.112908e-03  6.112908e-03
-1.447896  6.137874e-03  6.137874e-03  6.137874e-03  6.137874e-03  6.137874e-03  6.137874e-03
-1.446887  6.162908e-03  6.162908e-03  6.162908e-03  6.162908e-03  6.162908e-03  6.162908e-03
-1.445878  6.188010e-03  6.188010e-03  6.188010e-03  6.188010e-03  6.188010e-03  6.188010e-03
-1.444869  6.213179e-03  6.213179e-03  6.213179e-03  6.213179e-03  6.213179e-03  6.213179e-03
-1.443861  6.238416e-03  6.238416e-03  6.238416e-03  6.238416e-03  6.238416e-03  6.238416e-03
-1.442852  6.263721e-03  6.263721e-03  6.263721e-03  6.263721e-03  6.263721e-03  6.263721e-03
-1.441843  6.289094e-03  6.289094e-03  6.289094e-03  6.289094e-03  6.289094e-03  6.289094e-03
-1.440834  6.314536e-03  6.314536e-03  6.314536e-03  6.314536e-03  6.314536e-03  6.314536e-03
-1.439825  6.340046e-03  6.340046e-03  6.340046e-03  6.340046e-03  6.340046e-03  6.340046e-03
-1.438817  6.365624e-03  6.365624e-03  6.365624e-03  6.365624e-03  6.365624e-03  6.365624e-03
-1.437808  6.391271e-03  6.391271e-03  6.391271e-03  6.391271e-03  6.391271e-03  6.391271e-03
-1.436799  6.416987e-03  6.416987e-03  6.416987e-03  6.416987e-03  6.416987e-03  6.416987e-03
-1.435790  6.442772e-03  6.442772e-03  6.442772e-03  6.442772e-03  6.442772e-03  6.442772e-03
-1.434782  6.468626e-03  6.468626e-03  6.468626e-03  6.468626e-03  6.468626e-03  6.468626e-03
-1.433773  6.494550e-03  6.494550e-03  6.494550e-03  6.494550e-03  6.494550e-03  6.494550e-03
-1.432764  6.520543e-03  6.520543e-03  6.520543e-03  6.520543e-03  6.520543e-03  6.520543e-03
-1.431755  6.546605e-03  6.546605e-03  6.546605e-03  6.546605e-03  6.546605e-03  6.546605e-03
-1.430746  6.572737e-03  6.572737e-03  6.572737e-03  6.572737e-03  6.572737e-03  6.572737e-03
-1.429738  6.598939e-03  6.598939e-03  6.598939e-03  6.598939e-03  6.598939e-03  6.598939e-03
-1.428729  6.625211e-03  6.625211e-03  6.625211e-03  6.625211e-03  6.625211e-03  6.625211e-03
-1.427720  6.651553e-03  6.651553e-03  6.651553e-03  6.651553e-03  6.651553e-03  6.651553e-03
-1.426711  6.677965e-03  6.677965e-03  6.677965e-03  6.677965e-03  6.677965e-03  6.677965e-03
-1.425703  6.704447e-03  6.704447e-03  6.704447e-03  6.704447e-03  6.704447e-03  6.704447e-03
-1.424694  6.731000e-03  6.731000e-03  6.731000e-03  6.731000e-03  6.731000e-03  6.731000e-03
-1.423685  6.757624e-03  6.757624e-03  6.757624e-03  6.757624e-03  6.757624e-03  6.757624e-03
-1.422676  6.784318e-03  6.784318e-03  6.784318e-03  6.784318e-03  6.784318e-03  6.784318e-03
-1.421668  6.811084e-03  6.811084e-03  6.811084e-03  6.811084e-03  6.811084e-03  6.811084e-03
-1.420659  6.837921e-03  6.837921e-03  6.837921e-03  6.837921e-03  6.837921e-03  6.837921e-03
-1.419650  6.864828e-03  6.864828e-03  6.864828e-03  6.864828e-03  6.864828e-03  6.864828e-03
-1.418641  6.891808e-03  6.891808e-03  6.891808e-03  6.891808e-03  6.891808e-03  6.891808e-03
-1.417632  6.918858e-03  6.918858e-03  6.918858e-03  6.918858e-03  6.918858e-03  6.918858e-03
-1.416624  6.945981e-03  6.945981e-03  6.945981e-03  6.945981e-03  6.945981e-03  6.945981e-03
-1.415615  6.973175e-03  6.973175e-03  6.973175e-03  6.973175e-03  6.973175e-03  6.973175e-03
-1.414606  7.000441e-03  7.000441e-03  7.000441e-03  7.000441e-03  7.000441e-03  7.000441e-03
-1.413597  7.027780e-03  7.027780e-03  7.027780e-03  7.027780e-03  7.027780e-03  7.027780e-03
-1.412589  7.055190e-03  7.055190e-03  7.055190e-03  7.055190e-03  7.055190e-03  7.055190e-03
-1.411580  7.082674e-03  7.082674e-03  7.082674e-03  7.082674e-03  7.082674e-03  7.082674e-03
-1.410571  7.110229e-03  7.110229e-03  7.110229e-03  7.110229e-03  7.110229e-03  7.110229e-03
-1.409562  7.137858e-03  7.137858e-03  7.137858e-03  7.137858e-03  7.137858e-03  7.137858e-03
-1.408553  7.165559e-03  7.165559e-03  7.165559e-03  7.165559e-03  7.165559e-03  7.165559e-03
-1.407545  7.193333e-03  7.193333e-03  7.193333e-03  7.193333e-03  7.193333e-03  7.193333e-03
-1.406536  7.221181e-03  7.221181e-03  7.221181e-03  7.221181e-03  7.221181e-03  7.221181e-03
-1.405527  7.249101e-03  7.249101e-03  7.249101e-03  7.249101e-03  7.249101e-03  7.249101e-03
-1.404518  7.277095e-03  7.277095e-03  7.277095e-03  7.277095e-03  7.277095e-03  7.277095e-03
-1.403510  7.305163e-03  7.305163e-03  7.305163e-03  7.305163e-03  7.305163e-03  7.305163e-03
-1.402501  7.333305e-03  7.333305e-03  7.333305e-03  7.333305e-03  7.333305e-03  7.333305e-03
-1.401492  7.361520e-03  7.361520e-03  7.361520e-03  7.361520e-03  7.361520e-03  7.361520e-03
-1.400483  7.389810e-03  7.389810e-03  7.389810e-03  7.389810e-03  7.389810e-03  7.389810e-03
-1.399474  7.418174e-03  7.418174e-03  7.418174e-03  7.418174e-03  7.418174e-03  7.418174e-03
-1.398466  7.446612e-03  7.446612e-03  7.446612e-03  7.446612e-03  7.446612e-03  7.446612e-03
-1.397457  7.475125e-03  7.475125e-03  7.475125e-03  7.475125e-03  7.475125e-03  7.475125e-03
-1.396448  7.503712e-03  7.503712e-03  7.503712e-03  7.503712e-03  7.503712e-03  7.503712e-03
-1.395439  7.532374e-03  7.532374e-03  7.532374e-03  7.532374e-03  7.532374e-03  7.532374e-03
-1.394431  7.561112e-03  7.561112e-03  7.561112e-03  7.561112e-03  7.561112e-03  7.561112e-03
-1.393422  7.589924e-03  7.589924e-03  7.589924e-03  7.589924e-03  7.589924e-03  7.589924e-03
-1.392413  7.618812e-03  7.618812e-03  7.618812e-03  7.618812e-03  7.618812e-03  7.618812e-03
-1.391404  7.647775e-03  7.647775e-03  7.647775e-03  7.647775e-03  7.647775e-03  7.647775e-03
-1.390396  7.676814e-03  7.676814e-03  7.676814e-03  7.676814e-03  7.676814e-03  7.676814e-03
-1.389387  7.705928e-03  7.705928e-03  7.705928e-03  7.705928e-03  7.705928e-03  7.705928e-03
-1.388378  7.735119e-03  7.735119e-03  7.735119e-03  7.735119e-03  7.735119e-03  7.735119e-03
-1.387369  7.764385e-03  7.764385e-03  7.764385e-03  7.764385e-03  7.764385e-03  7.764385e-03
-1.386360  7.793728e-03  7.793728e-03  7.793728e-03  7.793728e-03  7.793728e-03  7.793728e-03
-1.385352  7.823148e-03  7.823148e-03  7.823148e-03  7.823148e-03  7.823148e-03  7.823148e-03
-1.384343  7.852643e-03  7.852643e-03  7.852643e-03  7.852643e-03  7.852643e-03  7.852643e-03
-1.383334  7.882216e-03  7.882216e-03  7.882216e-03  7.882216e-03  7.882216e-03  7.882216e-03
-1.382325  7.911865e-03  7.911865e-03  7.911865e-03  7.911865e-03  7.911865e-03  7.911865e-03
-1.381317  7.941592e-03  7.941592e-03  7.941592e-03  7.941592e-03  7.941592e-03  7.941592e-03
-1.380308  7.971395e-03  7.971395e-03  7.971395e-03  7.971395e-03  7.971395e-03  7.971395e-03
-1.379299  8.001276e-03  8.001276e-03  8.001276e-03  8.001276e-03  8.001276e-03  8.001276e-03
-1.378290  8.031235e-03  8.031235e-03  8.031235e-03  8.031235e-03  8.031235e-03  8.031235e-03
-1.377281  8.061271e-03  8.061271e-03  8.061271e-03  8.061271e-03  8.061271e-03  8.061271e-03
-1.376273  8.091385e-03  8.091385e-03  8.091385e-03  8.091385e-03  8.091385e-03  8.091385e-03
-1.375264  8.121577e-03  8.121577e-03  8.121577e-03  8.121577e-03  8.121577e-03  8.121577e-03
-1.374255  8.151848e-03  8.151848e-03  8.151848e-03  8.151848e-03  8.151848e-03  8.151848e-03
-1.373246  8.182196e-03  8.182196e-03  8.182196e-03  8.182196e-03  8.182196e-03  8.182196e-03
-1.372238  8.212623e-03  8.212623e-03  8.212623e-03  8.212623e-03  8.212623e-03  8.212623e-03
-1.371229  8.243129e-03  8.243129e-03  8.243129e-03  8.243129e-03  8.243129e-03  8.243129e-03
-1.370220  8.273714e-03  8.273714e-03  8.273714e-03  8.273714e-03  8.273714e-03  8.273714e-03
-1.369211  8.304377e-03  8.304377e-03  8.304377e-03  8.304377e-03  8.304377e-03  8.304377e-03
-1.368202  8.335120e-03  8.335120e-03  8.335120e-03  8.335120e-03  8.335120e-03  8.335120e-03
-1.367194  8.365942e-03  8.365942e-03  8.365942e-03  8.365942e-03  8.365942e-03  8.365942e-03
-1.366185  8.396844e-03  8.396844e-03  8.396844e-03  8.396844e-03  8.396844e-03  8.396844e-03
-1.365176  8.427825e-03  8.427825e-03  8.427825e-03  8.427825e-03  8.427825e-03  8.427825e-03
-1.364167  8.458886e-03  8.458886e-03  8.458886e-03  8.458886e-03  8.458886e-03  8.458886e-03
-1.363159  8.490027e-03  8.490027e-03  8.490027e-03  8.490027e-03  8.490027e-03  8.490027e-03
-1.362150  8.521248e-03  8.521248e-03  8.521248e-03  8.521248e-03  8.521248e-03  8.521248e-03
-1.361141  8.552550e-03  8.552550e-03  8.552550e-03  8.552550e-03  8.552550e-03  8.552550e-03
-1.360132  8.583932e-03  8.583932e-03  8.583932e-03  8.583932e-03  8.583932e-03  8.583932e-03
-1.359124  8.615395e-03  8.615395e-03  8.615395e-03  8.615395e-03  8.615395e-03  8.615395e-03
-1.358115  8.646938e-03  8.646938e-03  8.646938e-03  8.646938e-03  8.646938e-03  8.646938e-03
-1.357106  8.678563e-03  8.678563e-03  8.678563e-03  8.678563e-03  8.678563e-03  8.678563e-03
-1.356097  8.710269e-03  8.710269e-03  8.710269e-03  8.710269e-03  8.710269e-03  8.710269e-03
-1.355088  8.742056e-03  8.742056e-03  8.742056e-03  8.742056e-03  8.742056e-03  8.742056e-03
-1.354080  8.773924e-03  8.773924e-03  8.773924e-03  8.773924e-03  8.773924e-03  8.773924e-03
-1.353071  8.805875e-03  8.805875e-03  8.805875e-03  8.805875e-03  8.805875e-03  8.805875e-03
-1.352062  8.837907e-03  8.837907e-03  8.837907e-03  8.837907e-03  8.837907e-03  8.837907e-03
-1.351053  8.870021e-03  8.870021e-03  8.870021e-03  8.870021e-03  8.870021e-03  8.870021e-03
-1.350045  8.902218e-03  8.902218e-03  8.902218e-03  8.902218e-03  8.902218e-03  8.902218e-03
-1.349036  8.934496e-03  8.934496e-03  8.934496e-03  8.934496e-03  8.934496e-03  8.934496e-03
-1.348027  8.966858e-03  8.966858e-03  8.966858e-03  8.966858e-03  8.966858e-03  8.966858e-03
-1.347018  8.999302e-03  8.999302e-03  8.999302e-03  8.999302e-03  8.999302e-03  8.999302e-03
-1.346009  9.031829e-03  9.031829e-03  9.031829e-03  9.031829e-03  9.031829e-03  9.031829e-03
-1.345001  9.064439e-03  9.064439e-03  9.064439e-03  9.064439e-03  9.064439e-03  9.064439e-03
-1.343992  9.097132e-03  9.097132e-03  9.097132e-03  9.097132e-03  9.097132e-03  9.097132e-03
-1.342983  9.129909e-03  9.129909e-03  9.129909e-03  9.129909e-03  9.129909e-03  9.129909e-03
-1.341974  9.162770e-03  9.162770e-03  9.162770e-03  9.162770e-03  9.162770e-03  9.162770e-03
-1.340966  9.195714e-03  9.195714e-03  9.195714e-03  9.195714e-03  9.195714e-03  9.195714e-03
-1.339957  9.228742e-03  9.228742e-03  9.228742e-03  9.228742e-03  9.228742e-03  9.228742e-03
-1.338948  9.261854e-03  9.261854e-03  9.261854e-03  9.261854e-03  9.261854e-03  9.261854e-03
-1.337939  9.295051e-03  9.295051e-03  9.295051e-03  9.295051e-03  9.295051e-03  9.295051e-03
-1.336930  9.328332e-03  9.328332e-03  9.328332e-03  9.328332e-03  9.328332e-03  9.328332e-03
-1.335922  9.361698e-03  9.361698e-03  9.361698e-03  9.361698e-03  9.361698e-03  9.361698e-03
-1.334913  9.395149e-03  9.395149e-03  9.395149e-03  9.395149e-03  9.395149e-03  9.395149e-03
-1.333904  9.428685e-03  9.428685e-03  9.428685e-03  9.428685e-03  9.428685e-03  9.428685e-03
-1.332895  9.462306e-03  9.462306e-03  9.462306e-03  9.462306e-03  9.462306e-03  9.462306e-03
-1.331887  9.496012e-03  9.496012e-03  9.496012e-03  9.496012e-03  9.496012e-03  9.496012e-03
-1.330878  9.529804e-03  9.529804e-03  9.529804e-03  9.529804e-03  9.529804e-03  9.529804e-03
-1.329869  9.563682e-03  9.563682e-03  9.563682e-03  9.563682e-03  9.563682e-03  9.563682e-03
-1.328860  9.597645e-03  9.597645e-03  9.597645e-03  9.597645e-03  9.597645e-03  9.597645e-03
-1.327852  9.631695e-03  9.631695e-03  9.631695e-03  9.631695e-03  9.631695e-03  9.631695e-03
-1.326843  9.665831e-03  9.665831e-03  9.665831e-03  9.665831e-03  9.665831e-03  9.665831e-03
-1.325834  9.700054e-03  9.700054e-03  9.700054e-03  9.700054e-03  9.700054e-03  9.700054e-03
-1.324825  9.734364e-03  9.734364e-03  9.734364e-03  9.734364e-03  9.734364e-03  9.734364e-03
-1.323816  9.768760e-03  9.768760e-03  9.768760e-03  9.768760e-03  9.768760e-03  9.768760e-03
-1.322808  9.803243e-03  9.803243e-03  9.803243e-03  9.803243e-03  9.803243e-03  9.803243e-03
-1.321799  9.837814e-03  9.837814e-03  9.837814e-03  9.837814e-03  9.837814e-03  9.837814e-03
-1.320790  9.872472e-03  9.872472e-03  9.872472e-03  9.872472e-03  9.872472e-03  9.872472e-03
-1.319781  9.907217e-03  9.907217e-03  9.907217e-03  9.907217e-03  9.907217e-03  9.907217e-03
-1.318773  9.942051e-03  9.942051e-03  9.942051e-03  9.942051e-03  9.942051e-03  9.942051e-03
-1.317764  9.976972e-03  9.976972e-03  9.976972e-03  9.976972e-03  9.976972e-03  9.976972e-03
-1.316755  1.001198e-02  1.001198e-02  1.001198e-02  1.001198e-02  1.001198e-02  1.001198e-02
-1.315746  1.004708e-02  1.004708e-02  1.004708e-02  1.004708e-02  1.004708e-02  1.004708e-02
-1.314737  1.008227e-02  1.008227e-02  1.008227e-02  1.008227e-02  1.008227e-02  1.008227e-02
-1.313729  1.011754e-02  1.011754e-02  1.011754e-02  1.011754e-02  1.011754e-02  1.011754e-02
-1.312720  1.015291e-02  1.015291e-02  1.015291e-02  1.015291e-02  1.015291e-02  1.015291e-02
-1.311711  1.018836e-02  1.018836e-02  1.018836e-02  1.018836e-02  1.018836e-02  1.018836e-02
-1.310702  1.022390e-02  1.022390e-02  1.022390e-02  1.022390e-02  1.022390e-02  1.022390e-02
-1.309694  1.025953e-02  1.025953e-02  1.025953e-02  1.025953e-02  1.025953e-02  1.025953e-02
-1.308685  1.029526e-02  1.029526e-02  1.029526e-02  1.029526e-02  1.029526e-02  1.029526e-02
-1.307676  1.033107e-02  1.033107e-02  1.033107e-02  1.033107e-02  1.033107e-02  1.033107e-02
-1.306667  1.036697e-02  1.036697e-02  1.036697e-02  1.036697e-02  1.036697e-02  1.036697e-02
-1.305658  1.040296e-02  1.040296e-02  1.040296e-02  1.040296e-02  1.040296e-02  1.040296e-02
-1.304650  1.043904e-02  1.043904e-02  1.043904e-02  1.043904e-02  1.043904e-02  1.043904e-02
-1.303641  1.047522e-02  1.047522e-02  1.047522e-02  1.047522e-02  1.047522e-02  1.047522e-02
-1.302632  1.051148e-02  1.051148e-02  1.051148e-02  1.051148e-02  1.051148e-02  1.051148e-02
-1.301623  1.054784e-02  1.054784e-02  1.054784e-02  1.054784e-02  1.054784e-02  1.054784e-02
-1.300615  1.058428e-02  1.058428e-02  1.058428e-02  1.058428e-02  1.058428e-02  1.058428e-02
-1.299606  1.062082e-02  1.062082e-02  1.062082e-02  1.062082e-02  1.062082e-02  1.062082e-02
-1.298597  1.065745e-02  1.065745e-02  1.065745e-02  1.065745e-02  1.065745e-02  1.065745e-02
-1.297588  1.069417e-02  1.069417e-02  1.069417e-02  1.069417e-02  1.069417e-02  1.069417e-02
-1.296580  1.073099e-02  1.073099e-02  1.073099e-02  1.073099e-02  1.073099e-02  1.073099e-02
-1.295571  1.076789e-02  1.076789e-02  1.076789e-02  1.076789e-02  1.076789e-02  1.076789e-02
-1.294562  1.080489e-02  1.080489e-02  1.080489e-02  1.080489e-02  1.080489e-02  1.080489e-02
-1.293553  1.084198e-02  1.084198e-02  1.084198e-02  1.084198e-02  1.084198e-02  1.084198e-02
-1.292544  1.087917e-02  1.087917e-02  1.087917e-02  1.087917e-02  1.087917e-02  1.087917e-02
-1.291536  1.091644e-02  1.091644e-02  1.091644e-02  1.091644e-02  1.091644e-02  1.091644e-02
-1.290527  1.095381e-02  1.095381e-02  1.095381e-02  1.095381e-02  1.095381e-02  1.095381e-02
-1.289518  1.099128e-02  1.099128e-02  1.099128e-02  1.099128e-02  1.099128e-02  1.099128e-02
-1.288509  1.102883e-02  1.102883e-02  1.102883e-02  1.102883e-02  1.102883e-02  1.102883e-02
-1.287501  1.106649e-02  1.106649e-02  1.106649e-02  1.106649e-02  1.106649e-02  1.106649e-02
-1.286492  1.110423e-02  1.110423e-02  1.110423e-02  1.110423e-02  1.110423e-02  1.110423e-02
-1.285483  1.114207e-02  1.114207e-02  1.114207e-02  1.114207e-02  1.114207e-02  1.114207e-02
-1.284474  1.118000e-02  1.118000e-02  1.118000e-02  1.118000e-02  1.118000e-02  1.118000e-02
-1.283465  1.121803e-02  1.121803e-02  1.121803e-02  1.121803e-02  1.121803e-02  1.121803e-02
-1.282457  1.125616e-02  1.125616e-02  1.125616e-02  1.125616e-02  1.125616e-02  1.125616e-02
-1.281448  1.129437e-02  1.129437e-02  1.129437e-02  1.129437e-02  1.129437e-02  1.129437e-02
-1.280439  1.133269e-02  1.133269e-02  1.133269e-02  1.133269e-02  1.133269e-02  1.133269e-02
-1.279430  1.137110e-02  1.137110e-02  1.137110e-02  1.137110e-02  1.137110e-02  1.137110e-02
-1.278422  1.140960e-02  1.140960e-02  1.140960e-02  1.140960e-02  1.140960e-02  1.140960e-02
-1.277413  1.144820e-02  1.144820e-02  1.144820e-02  1.144820e-02  1.144820e-02  1.144820e-02
-1.276404  1.148690e-02  1.148690e-02  1.148690e-02  1.148690e-02  1.148690e-02  1.148690e-02
-1.275395  1.152569e-02  1.152569e-02  1.152569e-02  1.152569e-02  1.152569e-02  1.152569e-02
-1.274387  1.156458e-02  1.156458e-02  1.156458e-02  1.156458e-02  1.156458e-02  1.156458e-02
-1.273378  1.160357e-02  1.160357e-02  1.160357e-02  1.160357e-02  1.160357e-02  1.160357e-02
-1.272369  1.164265e-02  1.164265e-02  1.164265e-02  1.164265e-02  1.164265e-02  1.164265e-02
-1.271360  1.168184e-02  1.168184e-02  1.168184e-02  1.168184e-02  1.168184e-02  1.168184e-02
-1.270351  1.172111e-02  1.172111e-02  1.172111e-02  1.172111e-02  1.172111e-02  1.172111e-02
-1.269343  1.176049e-02  1.176049e-02  1.176049e-02  1.176049e-02  1.176049e-02  1.176049e-02
-1.268334  1.179996e-02  1.179996e-02  1.179996e-02  1.179996e-02  1.179996e-02  1.179996e-02
-1.267325  1.183953e-02  1.183953e-02  1.183953e-02  1.183953e-02  1.183953e-02  1.183953e-02
-1.266316  1.187920e-02  1.187920e-02  1.187920e-02  1.187920e-02  1.187920e-02  1.187920e-02
-1.265308  1.191897e-02  1.191897e-02  1.191897e-02  1.191897e-02  1.191897e-02  1.191897e-02
-1.264299  1.195884e-02  1.195884e-02  1.195884e-02  1.195884e-02  1.195884e-02  1.195884e-02
-1.263290  1.199881e-02  1.199881e-02  1.199881e-02  1.199881e-02  1.199881e-02  1.199881e-02
-1.262281  1.203887e-02  1.203887e-02  1.203887e-02  1.203887e-02  1.203887e-02  1.203887e-02
-1.261272  1.207903e-02  1.207903e-02  1.207903e-02  1.207903e-02  1.207903e-02  1.207903e-02
-1.260264  1.211930e-02  1.211930e-02  1.211930e-02  1.211930e-02  1.211930e-02  1.211930e-02
-1.259255  1.215966e-02  1.215966e-02  1.215966e-02  1.215966e-02  1.215966e-02  1.215966e-02
-1.258246  1.220013e-02  1.220013e-02  1.220013e-02  1.220013e-02  1.220013e-02  1.220013e-02
-1.257237  1.224069e-02  1.224069e-02  1.224069e-02  1.224069e-02  1.224069e-02  1.224069e-02
-1.256229  1.228135e-02  1.228135e-02  1.228135e-02  1.228135e-02  1.228135e-02  1.228135e-02
-1.255220  1.232212e-02  1.232212e-02  1.232212e-02  1.232212e-02  1.232212e-02  1.232212e-02
-1.254211  1.236298e-02  1.236298e-02  1.236298e-02  1.236298e-02  1.236298e-02  1.236298e-02
-1.253202  1.240395e-02  1.240395e-02  1.240395e-02  1.240395e-02  1.240395e-02  1.240395e-02
-1.252193  1.244502e-02  1.244502e-02  1.244502e-02  1.244502e-02  1.244502e-02  1.244502e-02
-1.251185  1.248619e-02  1.248619e-02  1.248619e-02  1.248619e-02  1.248619e-02  1.248619e-02
-1.250176  1.252746e-02  1.252746e-02  1.252746e-02  1.252746e-02  1.252746e-02  1.252746e-02
-1.249167  1.256883e-02  1.256883e-02  1.256883e-02  1.256883e-02  1.256883e-02  1.256883e-02
-1.248158  1.261031e-02  1.261031e-02  1.261031e-02  1.261031e-02  1.261031e-02  1.261031e-02
-1.247150  1.265188e-02  1.265188e-02  1.265188e-02  1.265188e-02  1.265188e-02  1.265188e-02
-1.246141  1.269356e-02  1.269356e-02  1.269356e-02  1.269356e-02  1.269356e-02  1.269356e-02
-1.245132  1.273535e-02  1.273535e-02  1.273535e-02  1.273535e-02  1.273535e-02  1.273535e-02
-1.244123  1.277723e-02  1.277723e-02  1.277723e-02  1.277723e-02  1.277723e-02  1.277723e-02
-1.243115  1.281922e-02  1.281922e-02  1.281922e-02  1.281922e-02  1.281922e-02  1.281922e-02
-1.242106  1.286132e-02  1.286132e-02  1.286132e-02  1.286132e-02  1.286132e-02  1.286132e-02
-1.241097  1.290351e-02  1.290351e-02  1.290351e-02  1.290351e-02  1.290351e-02  1.290351e-02
-1.240088  1.294581e-02  1.294581e-02  1.294581e-02  1.294581e-02  1.294581e-02  1.294581e-02
-1.239079  1.298822e-02  1.298822e-02  1.298822e-02  1.298822e-02  1.298822e-02  1.298822e-02
-1.238071  1.303073e-02  1.303073e-02  1.303073e-02  1.303073e-02  1.303073e-02  1.303073e-02
-1.237062  1.307334e-02  1.307334e-02  1.307334e-02  1.307334e-02  1.307334e-02  1.307334e-02
-1.236053  1.311606e-02  1.311606e-02  1.311606e-02  1.311606e-02  1.311606e-02  1.311606e-02
-1.235044  1.315888e-02  1.315888e-02  1.315888e-02  1.315888e-02  1.315888e-02  1.315888e-02
-1.234036  1.320181e-02  1.320181e-02  1.320181e-02  1.320181e-02  1.320181e-02  1.320181e-02
-1.233027  1.324485e-02  1.324485e-02  1.324485e-02  1.324485e-02  1.324485e-02  1.324485e-02
-1.232018  1.328799e-02  1.328799e-02  1.328799e-02  1.328799e-02  1.328799e-02  1.328799e-02
-1.231009  1.333124e-02  1.333124e-02  1.333124e-02  1.333124e-02  1.333124e-02  1.333124e-02
-1.230000  1.337459e-02  1.337459e-02  1.337459e-02  1.337459e-02  1.337459e-02  1.337459e-02
-1.228992  1.341805e-02  1.341805e-02  1.341805e-02  1.341805e-02  1.341805e-02  1.341805e-02
-1.227983  1.346162e-02  1.346162e-02  1.346162e-02  1.346162e-02  1.346162e-02  1.346162e-02
-1.226974  1.350529e-02  1.350529e-02  1.350529e-02  1.350529e-02  1.350529e-02  1.350529e-02
-1.225965  1.354907e-02  1.354907e-02  1.354907e-02  1.354907e-02  1.354907e-02  1.354907e-02
-1.224957  1.359296e-02  1.359296e-02  1.359296e-02  1.359296e-02  1.359296e-02  1.359296e-02
-1.223948  1.363695e-02  1.363695e-02  1.363695e-02  1.363695e-02  1.363695e-02  1.363695e-02
-1.222939  1.368106e-02  1.368106e-02  1.368106e-02  1.368106e-02  1.368106e-02  1.368106e-02
-1.221930  1.372527e-02  1.372527e-02  1.372527e-02  1.372527e-02  1.372527e-02  1.372527e-02
-1.220921  1.376959e-02  1.376959e-02  1.376959e-02  1.376959e-02  1.376959e-02  1.376959e-02
-1.219913  1.381402e-02  1.381402e-02  1.381402e-02  1.381402e-02  1.381402e-02  1.381402e-02
-1.218904  1.385856e-02  1.385856e-02  1.385856e-02  1.385856e-02  1.385856e-02  1.385856e-02
-1.217895  1.390320e-02  1.390320e-02  1.390320e-02  1.390320e-02  1.390320e-02  1.390320e-02
-1.216886  1.394796e-02  1.394796e-02  1.394796e-02  1.394796e-02  1.394796e-02  1.394796e-02
-1.215878  1.399282e-02  1.399282e-02  1.399282e-02  1.399282e-02  1.399282e-02  1.399282e-02
-1.214869  1.403780e-02  1.403780e-02  1.403780e-02  1.403780e-02  1.403780e-02  1.403780e-02
-1.213860  1.408289e-02  1.408289e-02  1.408289e-02  1.408289e-02  1.408289e-02  1.408289e-02
-1.212851  1.412808e-02  1.412808e-02  1.412808e-02  1.412808e-02  1.412808e-02  1.412808e-02
-1.211843  1.417339e-02  1.417339e-02  1.417339e-02  1.417339e-02  1.417339e-02  1.417339e-02
-1.210834  1.421881e-02  1.421881e-02  1.421881e-02  1.421881e-02  1.421881e-02  1.421881e-02
-1.209825  1.426433e-02  1.426433e-02  1.426433e-02  1.426433e-02  1.426433e-02  1.426433e-02
-1.208816  1.430997e-02  1.430997e-02  1.430997e-02  1.430997e-02  1.430997e-02  1.430997e-02
-1.207807  1.435573e-02  1.435573e-02  1.435573e-02  1.435573e-02  1.435573e-02  1.435573e-02
-1.206799  1.440159e-02  1.440159e-02  1.440159e-02  1.440159e-02  1.440159e-02  1.440159e-02
-1.205790  1.444756e-02  1.444756e-02  1.444756e-02  1.444756e-02  1.444756e-02  1.444756e-02
-1.204781  1.449365e-02  1.449365e-02  1.449365e-02  1.449365e-02  1.449365e-02  1.449365e-02
-1.203772  1.453985e-02  1.453985e-02  1.453985e-02  1.453985e-02  1.453985e-02  1.453985e-02
-1.202764  1.458617e-02  1.458617e-02  1.458617e-02  1.458617e-02  1.458617e-02  1.458617e-02
-1.201755  1.463259e-02  1.463259e-02  1.463259e-02  1.463259e-02  1.463259e-02  1.463259e-02
-1.200746  1.467913e-02  1.467913e-02  1.467913e-02  1.467913e-02  1.467913e-02  1.467913e-02
-1.199737  1.472578e-02  1.472578e-02  1.472578e-02  1.472578e-02  1.472578e-02  1.472578e-02
-1.198728  1.477255e-02  1.477255e-02  1.477255e-02  1.477255e-02  1.477255e-02  1.477255e-02
-1.197720  1.481943e-02  1.481943e-02  1.481943e-02  1.481943e-02  1.481943e-02  1.481943e-02
-1.196711  1.486643e-02  1.486643e-02  1.486643e-02  1.486643e-02  1.486643e-02  1.486643e-02
-1.195702  1.491354e-02  1.491354e-02  1.491354e-02  1.491354e-02  1.491354e-02  1.491354e-02
-1.194693  1.496076e-02  1.496076e-02  1.496076e-02  1.496076e-02  1.496076e-02  1.496076e-02
-1.193685  1.500810e-02  1.500810e-02  1.500810e-02  1.500810e-02  1.500810e-02  1.500810e-02
-1.192676  1.505556e-02  1.505556e-02  1.505556e-02  1.505556e-02  1.505556e-02  1.505556e-02
-1.191667  1.510313e-02  1.510313e-02  1.510313e-02  1.510313e-02  1.510313e-02  1.510313e-02
-1.190658  1.515081e-02  1.515081e-02  1.515081e-02  1.515081e-02  1.515081e-02  1.515081e-02
-1.189649  1.519861e-02  1.519861e-02  1.519861e-02  1.519861e-02  1.519861e-02  1.519861e-02
-1.188641  1.524653e-02  1.524653e-02  1.524653e-02  1.524653e-02  1.524653e-02  1.524653e-02
-1.187632  1.529457e-02  1.529457e-02  1.529457e-02  1.529457e-02  1.529457e-02  1.529457e-02
-1.186623  1.534272e-02  1.534272e-02  1.534272e-02  1.534272e-02  1.534272e-02  1.534272e-02
-1.185614  1.539099e-02  1.539099e-02  1.539099e-02  1.539099e-02  1.539099e-02  1.539099e-02
-1.184606  1.543938e-02  1.543938e-02  1.543938e-02  1.543938e-02  1.543938e-02  1.543938e-02
-1.183597  1.548788e-02  1.548788e-02  1.548788e-02  1.548788e-02  1.548788e-02  1.548788e-02
-1.182588  1.553650e-02  1.553650e-02  1.553650e-02  1.553650e-02  1.553650e-02  1.553650e-02
-1.181579  1.558524e-02  1.558524e-02  1.558524e-02  1.558524e-02  1.558524e-02  1.558524e-02
-1.180571  1.563410e-02  1.563410e-02  1.563410e-02  1.563410e-02  1.563410e-02  1.563410e-02
-1.179562  1.568308e-02  1.568308e-02  1.568308e-02  1.568308e-02  1.568308e-02  1.568308e-02
-1.178553  1.573218e-02  1.573218e-02  1.573218e-02  1.573218e-02  1.573218e-02  1.573218e-02
-1.177544  1.578139e-02  1.578139e-02  1.578139e-02  1.578139e-02  1.578139e-02  1.578139e-02
-1.176535  1.583073e-02  1.583073e-02  1.583073e-02  1.583073e-02  1.583073e-02  1.583073e-02
-1.175527  1.588018e-02  1.588018e-02  1.588018e-02  1.588018e-02  1.588018e-02  1.588018e-02
-1.174518  1.592976e-02  1.592976e-02  1.592976e-02  1.592976e-02  1.592976e-02  1.592976e-02
-1.173509  1.597945e-02  1.597945e-02  1.597945e-02  1.597945e-02  1.597945e-02  1.597945e-02
-1.172500  1.602927e-02  1.602927e-02  1.602927e-02  1.602927e-02  1.602927e-02  1.602927e-02
-1.171492  1.607921e-02  1.607921e-02  1.607921e-02  1.607921e-02  1.607921e-02  1.607921e-02
-1.170483  1.612927e-02  1.612927e-02  1.612927e-02  1.612927e-02  1.612927e-02  1.612927e-02
-1.169474  1.617945e-02  1.617945e-02  1.617945e-02  1.617945e-02  1.617945e-02  1.617945e-02
-1.168465  1.622975e-02  1.622975e-02  1.622975e-02  1.622975e-02  1.622975e-02  1.622975e-02
-1.167456  1.628017e-02  1.628017e-02  1.628017e-02  1.628017e-02  1.628017e-02  1.628017e-02
-1.166448  1.633071e-02  1.633071e-02  1.633071e-02  1.633071e-02  1.633071e-02  1.633071e-02
-1.165439  1.638138e-02  1.638138e-02  1.638138e-02  1.638138e-02  1.638138e-02  1.638138e-02
-1.164430  1.643217e-02  1.643217e-02  1.643217e-02  1.643217e-02  1.643217e-02  1.643217e-02
-1.163421  1.648309e-02  1.648309e-02  1.648309e-02  1.648309e-02  1.648309e-02  1.648309e-02
-1.162413  1.653412e-02  1.653412e-02  1.653412e-02  1.653412e-02  1.653412e-02  1.653412e-02
-1.161404  1.658528e-02  1.658528e-02  1.658528e-02  1.658528e-02  1.658528e-02  1.658528e-02
-1.160395  1.663657e-02  1.663657e-02  1.663657e-02  1.663657e-02  1.663657e-02  1.663657e-02
-1.159386  1.668798e-02  1.668798e-02  1.668798e-02  1.668798e-02  1.668798e-02  1.668798e-02
-1.158378  1.673951e-02  1.673951e-02  1.673951e-02  1.673951e-02  1.673951e-02  1.673951e-02
-1.157369  1.679117e-02  1.679117e-02  1.679117e-02  1.679117e-02  1.679117e-02  1.679117e-02
-1.156360  1.684295e-02  1.684295e-02  1.684295e-02  1.684295e-02  1.684295e-02  1.684295e-02
-1.155351  1.689485e-02  1.689485e-02  1.689485e-02  1.689485e-02  1.689485e-02  1.689485e-02
-1.154342  1.694689e-02  1.694689e-02  1.694689e-02  1.694689e-02  1.694689e-02  1.694689e-02
-1.153334  1.699905e-02  1.699905e-02  1.699905e-02  1.699905e-02  1.699905e-02  1.699905e-02
-1.152325  1.705133e-02  1.705133e-02  1.705133e-02  1.705133e-02  1.705133e-02  1.705133e-02
-1.151316  1.710374e-02  1.710374e-02  1.710374e-02  1.710374e-02  1.710374e-02  1.710374e-02
-1.150307  1.715628e-02  1.715628e-02  1.715628e-02  1.715628e-02  1.715628e-02  1.715628e-02
-1.149299  1.720894e-02  1.720894e-02  1.720894e-02  1.720894e-02  1.720894e-02  1.720894e-02
-1.148290  1.726174e-02  1.726174e-02  1.726174e-02  1.726174e-02  1.726174e-02  1.726174e-02
-1.147281  1.731466e-02  1.731466e-02  1.731466e-02  1.731466e-02  1.731466e-02  1.731466e-02
-1.146272  1.736770e-02  1.736770e-02  1.736770e-02  1.736770e-02  1.736770e-02  1.736770e-02
-1.145263  1.742088e-02  1.742088e-02  1.742088e-02  1.742088e-02  1.742088e-02  1.742088e-02
-1.144255  1.747418e-02  1.747418e-02  1.747418e-02  1.747418e-02  1.747418e-02  1.747418e-02
-1.143246  1.752761e-02  1.752761e-02  1.752761e-02  1.752761e-02  1.752761e-02  1.752761e-02
-1.142237  1.758118e-02  1.758118e-02  1.758118e-02  1.758118e-02  1.758118e-02  1.758118e-02
-1.141228  1.763487e-02  1.763487e-02  1.763487e-02  1.763487e-02  1.763487e-02  1.763487e-02
-1.140220  1.768869e-02  1.768869e-02  1.768869e-02  1.768869e-02  1.768869e-02  1.768869e-02
-1.139211  1.774264e-02  1.774264e-02  1.774264e-02  1.774264e-02  1.774264e-02  1.774264e-02
-1.138202  1.779672e-02  1.779672e-02  1.779672e-02  1.779672e-02  1.779672e-02  1.779672e-02
-1.137193  1.785093e-02  1.785093e-02  1.785093e-02  1.785093e-02  1.785093e-02  1.785093e-02
-1.136184  1.790527e-02  1.790527e-02  1.790527e-02  1.790527e-02  1.790527e-02  1.790527e-02
-1.135176  1.795974e-02  1.795974e-02  1.795974e-02  1.795974e-02  1.795974e-02  1.795974e-02
-1.134167  1.801434e-02  1.801434e-02  1.801434e-02  1.801434e-02  1.801434e-02  1.801434e-02
-1.133158  1.806908e-02  1.806908e-02  1.806908e-02  1.806908e-02  1.806908e-02  1.806908e-02
-1.132149  1.812394e-02  1.812394e-02  1.812394e-02  1.812394e-02  1.812394e-02  1.812394e-02
-1.131141  1.817894e-02  1.817894e-02  1.817894e-02  1.817894e-02  1.817894e-02  1.817894e-02
-1.130132  1.823407e-02  1.823407e-02  1.823407e-02  1.823407e-02  1.823407e-02  1.823407e-02
-1.129123  1.828934e-02  1.828934e-02  1.828934e-02  1.828934e-02  1.828934e-02  1.828934e-02
-1.128114  1.834473e-02  1.834473e-02  1.834473e-02  1.834473e-02  1.834473e-02  1.834473e-02
-1.127106  1.840026e-02  1.840026e-02  1.840026e-02  1.840026e-02  1.840026e-02  1.840026e-02
-1.126097  1.845593e-02  1.845593e-02  1.845593e-02  1.845593e-02  1.845593e-02  1.845593e-02
-1.125088  1.851172e-02  1.851172e-02  1.851172e-02  1.851172e-02  1.851172e-02  1.851172e-02
-1.124079  1.856766e-02  1.856766e-02  1.856766e-02  1.856766e-02  1.856766e-02  1.856766e-02
-1.123070  1.862372e-02  1.862372e-02  1.862372e-02  1.862372e-02  1.862372e-02  1.862372e-02
-1.122062  1.867992e-02  1.867992e-02  1.867992e-02  1.867992e-02  1.867992e-02  1.867992e-02
-1.121053  1.873626e-02  1.873626e-02  1.873626e-02  1.873626e-02  1.873626e-02  1.873626e-02
-1.120044  1.879273e-02  1.879273e-02  1.879273e-02  1.879273e-02  1.879273e-02  1.879273e-02
-1.119035  1.884934e-02  1.884934e-02  1.884934e-02  1.884934e-02  1.884934e-02  1.884934e-02
-1.118027  1.890608e-02  1.890608e-02  1.890608e-02  1.890608e-02  1.890608e-02  1.890608e-02
-1.117018  1.896296e-02  1.896296e-02  1.896296e-02  1.896296e-02  1.896296e-02  1.896296e-02
-1.116009  1.901998e-02  1.901998e-02  1.901998e-02  1.901998e-02  1.901998e-02  1.901998e-02
-1.115000  1.907713e-02  1.907713e-02  1.907713e-02  1.907713e-02  1.907713e-02  1.907713e-02
-1.113991  1.913442e-02  1.913442e-02  1.913442e-02  1.913442e-02  1.913442e-02  1.913442e-02
-1.112983  1.919185e-02  1.919185e-02  1.919185e-02  1.919185e-02  1.919185e-02  1.919185e-02
-1.111974  1.924942e-02  1.924942e-02  1.924942e-02  1.924942e-02  1.924942e-02  1.924942e-02
-1.110965  1.930712e-02  1.930712e-02  1.930712e-02  1.930712e-02  1.930712e-02  1.930712e-02
-1.109956  1.936497e-02  1.936497e-02  1.936497e-02  1.936497e-02  1.936497e-02  1.936497e-02
-1.108948  1.942295e-02  1.942295e-02  1.942295e-02  1.942295e-02  1.942295e-02  1.942295e-02
-1.107939  1.948107e-02  1.948107e-02  1.948107e-02  1.948107e-02  1.948107e-02  1.948107e-02
-1.106930  1.953933e-02  1.953933e-02  1.953933e-02  1.953933e-02  1.953933e-02  1.953933e-02
-1.105921  1.959773e-02  1.959773e-02  1.959773e-02  1.959773e-02  1.959773e-02  1.959773e-02
-1.104912  1.965627e-02  1.965627e-02  1.965627e-02  1.965627e-02  1.965627e-02  1.965627e-02
-1.103904  1.971495e-02  1.971495e-02  1.971495e-02  1.971495e-02  1.971495e-02  1.971495e-02
-1.102895  1.977377e-02  1.977377e-02  1.977377e-02  1.977377e-02  1.977377e-02  1.977377e-02
-1.101886  1.983274e-02  1.983274e-02  1.983274e-02  1.983274e-02  1.983274e-02  1.983274e-02
-1.100877  1.989184e-02  1.989184e-02  1.989184e-02  1.989184e-02  1.989184e-02  1.989184e-02
-1.099869  1.995109e-02  1.995109e-02  1.995109e-02  1.995109e-02  1.995109e-02  1.995109e-02
-1.098860  2.001047e-02  2.001047e-02  2.001047e-02  2.001047e-02  2.001047e-02  2.001047e-02
-1.097851  2.007000e-02  2.007000e-02  2.007000e-02  2.007000e-02  2.007000e-02  2.007000e-02
-1.096842  2.012968e-02  2.012968e-02  2.012968e-02  2.012968e-02  2.012968e-02  2.012968e-02
-1.095834  2.018949e-02  2.018949e-02  2.018949e-02  2.018949e-02  2.018949e-02  2.018949e-02
-1.094825  2.024945e-02  2.024945e-02  2.024945e-02  2.024945e-02  2.024945e-02  2.024945e-02
-1.093816  2.030955e-02  2.030955e-02  2.030955e-02  2.030955e-02  2.030955e-02  2.030955e-02
-1.092807  2.036980e-02  2.036980e-02  2.036980e-02  2.036980e-02  2.036980e-02  2.036980e-02
-1.091798  2.043019e-02  2.043019e-02  2.043019e-02  2.043019e-02  2.043019e-02  2.043019e-02
-1.090790  2.049073e-02  2.049073e-02  2.049073e-02  2.049073e-02  2.049073e-02  2.049073e-02
-1.089781  2.055141e-02  2.055141e-02  2.055141e-02  2.055141e-02  2.055141e-02  2.055141e-02
-1.088772  2.061223e-02  2.061223e-02  2.061223e-02  2.061223e-02  2.061223e-02  2.061223e-02
-1.087763  2.067320e-02  2.067320e-02  2.067320e-02  2.067320e-02  2.067320e-02  2.067320e-02
-1.086755  2.073432e-02  2.073432e-02  2.073432e-02  2.073432e-02  2.073432e-02  2.073432e-02
-1.085746  2.079558e-02  2.079558e-02  2.079558e-02  2.079558e-02  2.079558e-02  2.079558e-02
-1.084737  2.085699e-02  2.085699e-02  2.085699e-02  2.085699e-02  2.085699e-02  2.085699e-02
-1.083728  2.091855e-02  2.091855e-02  2.091855e-02  2.091855e-02  2.091855e-02  2.091855e-02
-1.082719  2.098025e-02  2.098025e-02  2.098025e-02  2.098025e-02  2.098025e-02  2.098025e-02
-1.081711  2.104210e-02  2.104210e-02  2.104210e-02  2.104210e-02  2.104210e-02  2.104210e-02
-1.080702  2.110410e-02  2.110410e-02  2.110410e-02  2.110410e-02  2.110410e-02  2.110410e-02
-1.079693  2.116625e-02  2.116625e-02  2.116625e-02  2.116625e-02  2.116625e-02  2.116625e-02
-1.078684  2.122855e-02  2.122855e-02  2.122855e-02  2.122855e-02  2.122855e-02  2.122855e-02
-1.077676  2.129099e-02  2.129099e-02  2.129099e-02  2.129099e-02  2.129099e-02  2.129099e-02
-1.076667  2.135359e-02  2.135359e-02  2.135359e-02  2.135359e-02  2.135359e-02  2.135359e-02
-1.075658  2.141633e-02  2.141633e-02  2.141633e-02  2.141633e-02  2.141633e-02  2.141633e-02
-1.074649  2.147922e-02  2.147922e-02  2.147922e-02  2.147922e-02  2.147922e-02  2.147922e-02
-1.073640  2.154227e-02  2.154227e-02  2.154227e-02  2.154227e-02  2.154227e-02  2.154227e-02
-1.072632  2.160546e-02  2.160546e-02  2.160546e-02  2.160546e-02  2.160546e-02  2.160546e-02
-1.071623  2.166881e-02  2.166881e-02  2.166881e-02  2.166881e-02  2.166881e-02  2.166881e-02
-1.070614  2.173230e-02  2.173230e-02  2.173230e-02  2.173230e-02  2.173230e-02  2.173230e-02
-1.069605  2.179595e-02  2.179595e-02  2.179595e-02  2.179595e-02  2.179595e-02  2.179595e-02
-1.068597  2.185975e-02  2.185975e-02  2.185975e-02  2.185975e-02  2.185975e-02  2.185975e-02
-1.067588  2.192370e-02  2.192370e-02  2.192370e-02  2.192370e-02  2.192370e-02  2.192370e-02
-1.066579  2.198781e-02  2.198781e-02  2.198781e-02  2.198781e-02  2.198781e-02  2.198781e-02
-1.065570  2.205207e-02  2.205207e-02  2.205207e-02  2.205207e-02  2.205207e-02  2.205207e-02
-1.064562  2.211648e-02  2.211648e-02  2.211648e-02  2.211648e-02  2.211648e-02  2.211648e-02
-1.063553  2.218104e-02  2.218104e-02  2.218104e-02  2.218104e-02  2.218104e-02  2.218104e-02
-1.062544  2.224576e-02  2.224576e-02  2.224576e-02  2.224576e-02  2.224576e-02  2.224576e-02
-1.061535  2.231064e-02  2.231064e-02  2.231064e-02  2.231064e-02  2.231064e-02  2.231064e-02
-1.060526  2.237566e-02  2.237566e-02  2.237566e-02  2.237566e-02  2.237566e-02  2.237566e-02
-1.059518  2.244085e-02  2.244085e-02  2.244085e-02  2.244085e-02  2.244085e-02  2.244085e-02
-1.058509  2.250619e-02  2.250619e-02  2.250619e-02  2.250619e-02  2.250619e-02  2.250619e-02
-1.057500  2.257168e-02  2.257168e-02  2.257168e-02  2.257168e-02  2.257168e-02  2.257168e-02
-1.056491  2.263733e-02  2.263733e-02  2.263733e-02  2.263733e-02  2.263733e-02  2.263733e-02
-1.055483  2.270314e-02  2.270314e-02  2.270314e-02  2.270314e-02  2.270314e-02  2.270314e-02
-1.054474  2.276910e-02  2.276910e-02  2.276910e-02  2.276910e-02  2.276910e-02  2.276910e-02
-1.053465  2.283522e-02  2.283522e-02  2.283522e-02  2.283522e-02  2.283522e-02  2.283522e-02
-1.052456  2.290150e-02  2.290150e-02  2.290150e-02  2.290150e-02  2.290150e-02  2.290150e-02
-1.051447  2.296794e-02  2.296794e-02  2.296794e-02  2.296794e-02  2.296794e-02  2.296794e-02
-1.050439  2.303453e-02  2.303453e-02  2.303453e-02  2.303453e-02  2.303453e-02  2.303453e-02
-1.049430  2.310129e-02  2.310129e-02  2.310129e-02  2.310129e-02  2.310129e-02  2.310129e-02
-1.048421  2.316820e-02  2.316820e-02  2.316820e-02  2.316820e-02  2.316820e-02  2.316820e-02
-1.047412  2.323527e-02  2.323527e-02  2.323527e-02  2.323527e-02  2.323527e-02  2.323527e-02
-1.046404  2.330250e-02  2.330250e-02  2.330250e-02  2.330250e-02  2.330250e-02  2.330250e-02
-1.045395  2.336990e-02  2.336990e-02  2.336990e-02  2.336990e-02  2.336990e-02  2.336990e-02
-1.044386  2.343745e-02  2.343745e-02  2.343745e-02  2.343745e-02  2.343745e-02  2.343745e-02
-1.043377  2.350516e-02  2.350516e-02  2.350516e-02  2.350516e-02  2.350516e-02  2.350516e-02
-1.042369  2.357303e-02  2.357303e-02  2.357303e-02  2.357303e-02  2.357303e-02  2.357303e-02
-1.041360  2.364107e-02  2.364107e-02  2.364107e-02  2.364107e-02  2.364107e-02  2.364107e-02
-1.040351  2.370927e-02  2.370927e-02  2.370927e-02  2.370927e-02  2.370927e-02  2.370927e-02
-1.039342  2.377763e-02  2.377763e-02  2.377763e-02  2.377763e-02  2.377763e-02  2.377763e-02
-1.038333  2.384615e-02  2.384615e-02  2.384615e-02  2.384615e-02  2.384615e-02  2.384615e-02
-1.037325  2.391484e-02  2.391484e-02  2.391484e-02  2.391484e-02  2.391484e-02  2.391484e-02
-1.036316  2.398369e-02  2.398369e-02  2.398369e-02  2.398369e-02  2.398369e-02  2.398369e-02
-1.035307  2.405270e-02  2.405270e-02  2.405270e-02  2.405270e-02  2.405270e-02  2.405270e-02
-1.034298  2.412187e-02  2.412187e-02  2.412187e-02  2.412187e-02  2.412187e-02  2.412187e-02
-1.033290  2.419122e-02  2.419122e-02  2.419122e-02  2.419122e-02  2.419122e-02  2.419122e-02
-1.032281  2.426072e-02  2.426072e-02  2.426072e-02  2.426072e-02  2.426072e-02  2.426072e-02
-1.031272  2.433039e-02  2.433039e-02  2.433039e-02  2.433039e-02  2.433039e-02  2.433039e-02
-1.030263  2.440023e-02  2.440023e-02  2.440023e-02  2.440023e-02  2.440023e-02  2.440023e-02
-1.029254  2.447023e-02  2.447023e-02  2.447023e-02  2.447023e-02  2.447023e-02  2.447023e-02
-1.028246  2.454040e-02  2.454040e-02  2.454040e-02  2.454040e-02  2.454040e-02  2.454040e-02
-1.027237  2.461074e-02  2.461074e-02  2.461074e-02  2.461074e-02  2.461074e-02  2.461074e-02
-1.026228  2.468124e-02  2.468124e-02  2.468124e-02  2.468124e-02  2.468124e-02  2.468124e-02
-1.025219  2.475191e-02  2.475191e-02  2.475191e-02  2.475191e-02  2.475191e-02  2.475191e-02
-1.024211  2.482275e-02  2.482275e-02  2.482275e-02  2.482275e-02  2.482275e-02  2.482275e-02
-1.023202  2.489376e-02  2.489376e-02  2.489376e-02  2.489376e-02  2.489376e-02  2.489376e-02
-1.022193  2.496494e-02  2.496494e-02  2.496494e-02  2.496494e-02  2.496494e-02  2.496494e-02
-1.021184  2.503628e-02  2.503628e-02  2.503628e-02  2.503628e-02  2.503628e-02  2.503628e-02
-1.020175  2.510779e-02  2.510779e-02  2.510779e-02  2.510779e-02  2.510779e-02  2.510779e-02
-1.019167  2.517948e-02  2.517948e-02  2.517948e-02  2.517948e-02  2.517948e-02  2.517948e-02
-1.018158  2.525133e-02  2.525133e-02  2.525133e-02  2.525133e-02  2.525133e-02  2.525133e-02
-1.017149  2.532336e-02  2.532336e-02  2.532336e-02  2.532336e-02  2.532336e-02  2.532336e-02
-1.016140  2.539555e-02  2.539555e-02  2.539555e-02  2.539555e-02  2.539555e-02  2.539555e-02
-1.015132  2.546792e-02  2.546792e-02  2.546792e-02  2.546792e-02  2.546792e-02  2.546792e-02
-1.014123  2.554046e-02  2.554046e-02  2.554046e-02  2.554046e-02  2.554046e-02  2.554046e-02
-1.013114  2.561317e-02  2.561317e-02  2.561317e-02  2.561317e-02  2.561317e-02  2.561317e-02
-1.012105  2.568605e-02  2.568605e-02  2.568605e-02  2.568605e-02  2.568605e-02  2.568605e-02
-1.011097  2.575911e-02  2.575911e-02  2.575911e-02  2.575911e-02  2.575911e-02  2.575911e-02
-1.010088  2.583234e-02  2.583234e-02  2.583234e-02  2.583234e-02  2.583234e-02  2.583234e-02
-1.009079  2.590574e-02  2.590574e-02  2.590574e-02  2.590574e-02  2.590574e-02  2.590574e-02
-1.008070  2.597932e-02  2.597932e-02  2.597932e-02  2.597932e-02  2.597932e-02  2.597932e-02
-1.007061  2.605307e-02  2.605307e-02  2.605307e-02  2.605307e-02  2.605307e-02  2.605307e-02
-1.006053  2.612700e-02  2.612700e-02  2.612700e-02  2.612700e-02  2.612700e-02  2.612700e-02
-1.005044  2.620110e-02  2.620110e-02  2.620110e-02  2.620110e-02  2.620110e-02  2.620110e-02
-1.004035  2.627538e-02  2.627538e-02  2.627538e-02  2.627538e-02  2.627538e-02  2.627538e-02
-1.003026  2.634984e-02  2.634984e-02  2.634984e-02  2.634984e-02  2.634984e-02  2.634984e-02
-1.002018  2.642447e-02  2.642447e-02  2.642447e-02  2.642447e-02  2.642447e-02  2.642447e-02
-1.001009  2.649928e-02  2.649928e-02  2.649928e-02  2.649928e-02  2.649928e-02  2.649928e-02
-1.000000  2.657426e-02  2.657426e-02  2.657426e-02  2.657426e-02  2.657426e-02  2.657426e-02
