# Electron neutrino-oxygen scattering cross section 5MeV-60MeV (10^-8 cm^2/GeV) #
# log(energy in GeV)       nu_e       nu_mu       nu_tau       nu_e_bar       nu_mu_bar       nu_tau_bar #

       -2.30103             0          0           0                  0          0               0
       -2.29973             0          0           0                  0          0               0
       -2.29843             0          0           0                  0          0               0
       -2.29713             0          0           0                  0          0               0
       -2.29583             0          0           0                  0          0               0
       -2.29452             0          0           0                  0          0               0
       -2.29322             0          0           0                  0          0               0
       -2.29192             0          0           0                  0          0               0
       -2.29062             0          0           0                  0          0               0
       -2.28932             0          0           0                  0          0               0
       -2.28802             0          0           0                  0          0               0
       -2.28672             0          0           0                  0          0               0
       -2.28542             0          0           0                  0          0               0
       -2.28412             0          0           0                  0          0               0
       -2.28282             0          0           0                  0          0               0
       -2.28151             0          0           0                  0          0               0
       -2.28021             0          0           0                  0          0               0
       -2.27891             0          0           0                  0          0               0
       -2.27761             0          0           0                  0          0               0
       -2.27631             0          0           0                  0          0               0
       -2.27501             0          0           0                  0          0               0
       -2.27371             0          0           0                  0          0               0
       -2.27241             0          0           0                  0          0               0
       -2.27111             0          0           0                  0          0               0
       -2.26981             0          0           0                  0          0               0
        -2.2685             0          0           0                  0          0               0
        -2.2672             0          0           0                  0          0               0
        -2.2659             0          0           0                  0          0               0
        -2.2646             0          0           0                  0          0               0
        -2.2633             0          0           0                  0          0               0
         -2.262             0          0           0                  0          0               0
        -2.2607             0          0           0                  0          0               0
        -2.2594             0          0           0                  0          0               0
        -2.2581             0          0           0                  0          0               0
       -2.25679             0          0           0                  0          0               0
       -2.25549             0          0           0                  0          0               0
       -2.25419             0          0           0                  0          0               0
       -2.25289             0          0           0                  0          0               0
       -2.25159             0          0           0                  0          0               0
       -2.25029             0          0           0                  0          0               0
       -2.24899             0          0           0                  0          0               0
       -2.24769             0          0           0                  0          0               0
       -2.24639             0          0           0                  0          0               0
       -2.24509             0          0           0                  0          0               0
       -2.24378             0          0           0                  0          0               0
       -2.24248             0          0           0                  0          0               0
       -2.24118             0          0           0                  0          0               0
       -2.23988             0          0           0                  0          0               0
       -2.23858             0          0           0                  0          0               0
       -2.23728             0          0           0                  0          0               0
       -2.23598             0          0           0                  0          0               0
       -2.23468             0          0           0                  0          0               0
       -2.23338             0          0           0                  0          0               0
       -2.23208             0          0           0                  0          0               0
       -2.23077             0          0           0                  0          0               0
       -2.22947             0          0           0                  0          0               0
       -2.22817             0          0           0                  0          0               0
       -2.22687             0          0           0                  0          0               0
       -2.22557             0          0           0                  0          0               0
       -2.22427             0          0           0                  0          0               0
       -2.22297             0          0           0                  0          0               0
       -2.22167             0          0           0                  0          0               0
       -2.22037             0          0           0                  0          0               0
       -2.21907             0          0           0                  0          0               0
       -2.21776             0          0           0                  0          0               0
       -2.21646             0          0           0                  0          0               0
       -2.21516             0          0           0                  0          0               0
       -2.21386             0          0           0                  0          0               0
       -2.21256             0          0           0                  0          0               0
       -2.21126             0          0           0                  0          0               0
       -2.20996             0          0           0                  0          0               0
       -2.20866             0          0           0                  0          0               0
       -2.20736             0          0           0                  0          0               0
       -2.20605             0          0           0                  0          0               0
       -2.20475             0          0           0                  0          0               0
       -2.20345             0          0           0                  0          0               0
       -2.20215             0          0           0                  0          0               0
       -2.20085             0          0           0                  0          0               0
       -2.19955             0          0           0                  0          0               0
       -2.19825             0          0           0                  0          0               0
       -2.19695             0          0           0                  0          0               0
       -2.19565             0          0           0                  0          0               0
       -2.19435             0          0           0                  0          0               0
       -2.19304             0          0           0                  0          0               0
       -2.19174             0          0           0                  0          0               0
       -2.19044             0          0           0                  0          0               0
       -2.18914             0          0           0                  0          0               0
       -2.18784             0          0           0                  0          0               0
       -2.18654             0          0           0                  0          0               0
       -2.18524             0          0           0                  0          0               0
       -2.18394             0          0           0                  0          0               0
       -2.18264             0          0           0                  0          0               0
       -2.18134             0          0           0                  0          0               0
       -2.18003             0          0           0                  0          0               0
       -2.17873             0          0           0                  0          0               0
       -2.17743             0          0           0                  0          0               0
       -2.17613             0          0           0                  0          0               0
       -2.17483             0          0           0                  0          0               0
       -2.17353             0          0           0                  0          0               0
       -2.17223             0          0           0                  0          0               0
       -2.17093             0          0           0                  0          0               0
       -2.16963             0          0           0                  0          0               0
       -2.16832             0          0           0                  0          0               0
       -2.16702             0          0           0                  0          0               0
       -2.16572             0          0           0                  0          0               0
       -2.16442             0          0           0                  0          0               0
       -2.16312             0          0           0                  0          0               0
       -2.16182             0          0           0                  0          0               0
       -2.16052             0          0           0                  0          0               0
       -2.15922             0          0           0                  0          0               0
       -2.15792             0          0           0                  0          0               0
       -2.15662             0          0           0                  0          0               0
       -2.15531             0          0           0                  0          0               0
       -2.15401             0          0           0                  0          0               0
       -2.15271             0          0           0                  0          0               0
       -2.15141             0          0           0                  0          0               0
       -2.15011             0          0           0                  0          0               0
       -2.14881             0          0           0                  0          0               0
       -2.14751             0          0           0                  0          0               0
       -2.14621             0          0           0                  0          0               0
       -2.14491             0          0           0                  0          0               0
       -2.14361             0          0           0                  0          0               0
        -2.1423             0          0           0                  0          0               0
         -2.141             0          0           0                  0          0               0
        -2.1397             0          0           0                  0          0               0
        -2.1384             0          0           0                  0          0               0
        -2.1371             0          0           0                  0          0               0
        -2.1358             0          0           0                  0          0               0
        -2.1345             0          0           0                  0          0               0
        -2.1332             0          0           0                  0          0               0
        -2.1319             0          0           0                  0          0               0
        -2.1306             0          0           0                  0          0               0
       -2.12929             0          0           0                  0          0               0
       -2.12799             0          0           0                  0          0               0
       -2.12669             0          0           0                  0          0               0
       -2.12539             0          0           0                  0          0               0
       -2.12409             0          0           0                  0          0               0
       -2.12279             0          0           0                  0          0               0
       -2.12149             0          0           0                  0          0               0
       -2.12019             0          0           0                  0          0               0
       -2.11889             0          0           0                  0          0               0
       -2.11758             0          0           0                  0          0               0
       -2.11628             0          0           0                  0          0               0
       -2.11498             0          0           0                  0          0               0
       -2.11368             0          0           0                  0          0               0
       -2.11238             0          0           0                  0          0               0
       -2.11108             0          0           0                  0          0               0
       -2.10978             0          0           0                  0          0               0
       -2.10848             0          0           0                  0          0               0
       -2.10718             0          0           0                  0          0               0
       -2.10588             0          0           0                  0          0               0
       -2.10457             0          0           0                  0          0               0
       -2.10327             0          0           0                  0          0               0
       -2.10197             0          0           0                  0          0               0
       -2.10067             0          0           0                  0          0               0
       -2.09937             0          0           0                  0          0               0
       -2.09807             0          0           0                  0          0               0
       -2.09677             0          0           0                  0          0               0
       -2.09547             0          0           0                  0          0               0
       -2.09417             0          0           0                  0          0               0
       -2.09287             0          0           0                  0          0               0
       -2.09156             0          0           0                  0          0               0
       -2.09026             0          0           0                  0          0               0
       -2.08896             0          0           0                  0          0               0
       -2.08766             0          0           0                  0          0               0
       -2.08636             0          0           0                  0          0               0
       -2.08506             0          0           0                  0          0               0
       -2.08376             0          0           0                  0          0               0
       -2.08246             0          0           0                  0          0               0
       -2.08116             0          0           0                  0          0               0
       -2.07985             0          0           0                  0          0               0
       -2.07855             0          0           0                  0          0               0
       -2.07725             0          0           0                  0          0               0
       -2.07595             0          0           0                  0          0               0
       -2.07465             0          0           0                  0          0               0
       -2.07335             0          0           0                  0          0               0
       -2.07205             0          0           0                  0          0               0
       -2.07075             0          0           0                  0          0               0
       -2.06945             0          0           0                  0          0               0
       -2.06815             0          0           0                  0          0               0
       -2.06684             0          0           0                  0          0               0
       -2.06554             0          0           0                  0          0               0
       -2.06424             0          0           0                  0          0               0
       -2.06294             0          0           0                  0          0               0
       -2.06164             0          0           0                  0          0               0
       -2.06034             0          0           0                  0          0               0
       -2.05904             0          0           0                  0          0               0
       -2.05774             0          0           0                  0          0               0
       -2.05644             0          0           0                  0          0               0
       -2.05514             0          0           0                  0          0               0
       -2.05383             0          0           0                  0          0               0
       -2.05253             0          0           0                  0          0               0
       -2.05123             0          0           0                  0          0               0
       -2.04993             0          0           0                  0          0               0
       -2.04863             0          0           0                  0          0               0
       -2.04733             0          0           0                  0          0               0
       -2.04603             0          0           0                  0          0               0
       -2.04473             0          0           0                  0          0               0
       -2.04343             0          0           0                  0          0               0
       -2.04213             0          0           0                  0          0               0
       -2.04082             0          0           0                  0          0               0
       -2.03952             0          0           0                  0          0               0
       -2.03822             0          0           0                  0          0               0
       -2.03692             0          0           0                  0          0               0
       -2.03562             0          0           0                  0          0               0
       -2.03432             0          0           0                  0          0               0
       -2.03302             0          0           0                  0          0               0
       -2.03172             0          0           0                  0          0               0
       -2.03042             0          0           0                  0          0               0
       -2.02911             0          0           0                  0          0               0
       -2.02781             0          0           0                  0          0               0
       -2.02651             0          0           0                  0          0               0
       -2.02521             0          0           0                  0          0               0
       -2.02391             0          0           0                  0          0               0
       -2.02261             0          0           0                  0          0               0
       -2.02131             0          0           0                  0          0               0
       -2.02001             0          0           0                  0          0               0
       -2.01871             0          0           0                  0          0               0
       -2.01741             0          0           0                  0          0               0
        -2.0161             0          0           0                  0          0               0
        -2.0148             0          0           0                  0          0               0
        -2.0135             0          0           0                  0          0               0
        -2.0122             0          0           0                  0          0               0
        -2.0109             0          0           0                  0          0               0
        -2.0096             0          0           0                  0          0               0
        -2.0083             0          0           0                  0          0               0
         -2.007             0          0           0                  0          0               0
        -2.0057             0          0           0                  0          0               0
        -2.0044             0          0           0                  0          0               0
       -2.00309             0          0           0                  0          0               0
       -2.00179             0          0           0                  0          0               0
       -2.00049             0          0           0                  0          0               0
       -1.99919             0          0           0                  0          0               0
       -1.99789             0          0           0                  0          0               0
       -1.99659             0          0           0                  0          0               0
       -1.99529             0          0           0                  0          0               0
       -1.99399             0          0           0                  0          0               0
       -1.99269             0          0           0                  0          0               0
       -1.99138             0          0           0                  0          0               0
       -1.99008             0          0           0                  0          0               0
       -1.98878             0          0           0                  0          0               0
       -1.98748             0          0           0                  0          0               0
       -1.98618             0          0           0                  0          0               0
       -1.98488             0          0           0                  0          0               0
       -1.98358             0          0           0                  0          0               0
       -1.98228             0          0           0                  0          0               0
       -1.98098             0          0           0                  0          0               0
       -1.97968             0          0           0                  0          0               0
       -1.97837             0          0           0                  0          0               0
       -1.97707             0          0           0                  0          0               0
       -1.97577             0          0           0                  0          0               0
       -1.97447             0          0           0                  0          0               0
       -1.97317             0          0           0                  0          0               0
       -1.97187             0          0           0                  0          0               0
       -1.97057             0          0           0                  0          0               0
       -1.96927             0          0           0                  0          0               0
       -1.96797             0          0           0                  0          0               0
       -1.96667             0          0           0                  0          0               0
       -1.96536             0          0           0                  0          0               0
       -1.96406             0          0           0                  0          0               0
       -1.96276             0          0           0                  0          0               0
       -1.96146             0          0           0                  0          0               0
       -1.96016             0          0           0                  0          0               0
       -1.95886             0          0           0                  0          0               0
       -1.95756             0          0           0                  0          0               0
       -1.95626             0          0           0                  0          0               0
       -1.95496             0          0           0                  0          0               0
       -1.95365             0          0           0                  0          0               0
       -1.95235             0          0           0                  0          0               0
       -1.95105             0          0           0                  0          0               0
       -1.94975             0          0           0                  0          0               0
       -1.94845             0          0           0                  0          0               0
       -1.94715             0          0           0                  0          0               0
       -1.94585             0          0           0                  0          0               0
       -1.94455             0          0           0                  0          0               0
       -1.94325             0          0           0                  0          0               0
       -1.94195             0          0           0                  0          0               0
       -1.94064             0          0           0                  0          0               0
       -1.93934             0          0           0                  0          0               0
       -1.93804             0          0           0                  0          0               0
       -1.93674             0          0           0                  0          0               0
       -1.93544             0          0           0                  0          0               0
       -1.93414             0          0           0                  0          0               0
       -1.93284             0          0           0                  0          0               0
       -1.93154             0          0           0                  0          0               0
       -1.93024             0          0           0                  0          0               0
       -1.92894             0          0           0                  0          0               0
       -1.92763             0          0           0                  0          0               0
       -1.92633             0          0           0                  0          0               0
       -1.92503             0          0           0                  0          0               0
       -1.92373             0          0           0                  0          0               0
       -1.92243             0          0           0                  0          0               0
       -1.92113             0          0           0                  0          0               0
       -1.91983             0          0           0                  0          0               0
       -1.91853             0          0           0                  0          0               0
       -1.91723             0          0           0                  0          0               0
       -1.91593             0          0           0                  0          0               0
       -1.91462             0          0           0                  0          0               0
       -1.91332             0          0           0                  0          0               0
       -1.91202             0          0           0                  0          0               0
       -1.91072             0          0           0                  0          0               0
       -1.90942             0          0           0                  0          0               0
       -1.90812             0          0           0                  0          0               0
       -1.90682             0          0           0                  0          0               0
       -1.90552             0          0           0                  0          0               0
       -1.90422             0          0           0                  0          0               0
       -1.90291             0          0           0                  0          0               0
       -1.90161             0          0           0                  0          0               0
       -1.90031             0          0           0                  0          0               0
       -1.89901             0          0           0                  0          0               0
       -1.89771             0          0           0                  0          0               0
       -1.89641             0          0           0                  0          0               0
       -1.89511             0          0           0                  0          0               0
       -1.89381             0          0           0                  0          0               0
       -1.89251             0          0           0                  0          0               0
       -1.89121             0          0           0                  0          0               0
        -1.8899             0          0           0                  0          0               0
        -1.8886             0          0           0                  0          0               0
        -1.8873             0          0           0                  0          0               0
         -1.886             0          0           0                  0          0               0
        -1.8847             0          0           0                  0          0               0
        -1.8834             0          0           0                  0          0               0
        -1.8821             0          0           0                  0          0               0
        -1.8808             0          0           0                  0          0               0
        -1.8795             0          0           0                  0          0               0
        -1.8782             0          0           0                  0          0               0
       -1.87689             0          0           0                  0          0               0
       -1.87559             0          0           0                  0          0               0
       -1.87429             0          0           0                  0          0               0
       -1.87299             0          0           0                  0          0               0
       -1.87169             0          0           0                  0          0               0
       -1.87039             0          0           0                  0          0               0
       -1.86909             0          0           0                  0          0               0
       -1.86779             0          0           0                  0          0               0
       -1.86649             0          0           0                  0          0               0
       -1.86518             0          0           0        6.71636e-06          0               0
       -1.86388             0          0           0        1.36181e-05          0               0
       -1.86258             0          0           0        2.03535e-05          0               0
       -1.86128             0          0           0        2.69281e-05          0               0
       -1.85998             0          0           0        3.33471e-05          0               0
       -1.85868             0          0           0        3.96158e-05          0               0
       -1.85738             0          0           0        4.57393e-05          0               0
       -1.85608             0          0           0        5.17228e-05          0               0
       -1.85478             0          0           0        5.75714e-05          0               0
       -1.85348             0          0           0        6.32901e-05          0               0
       -1.85217             0          0           0        6.88839e-05          0               0
       -1.85087             0          0           0        7.43577e-05          0               0
       -1.84957             0          0           0        7.97163e-05          0               0
       -1.84827             0          0           0        8.49647e-05          0               0
       -1.84697             0          0           0        9.01075e-05          0               0
       -1.84567             0          0           0        9.51495e-05          0               0
       -1.84437             0          0           0        0.000100095          0               0
       -1.84307             0          0           0         0.00010495          0               0
       -1.84177             0          0           0        0.000109717          0               0
       -1.84047             0          0           0        0.000114402          0               0
       -1.83916             0          0           0        0.000119008          0               0
       -1.83786             0          0           0        0.000123542          0               0
       -1.83656             0          0           0        0.000128005          0               0
       -1.83526             0          0           0        0.000132404          0               0
       -1.83396             0          0           0        0.000136743          0               0
       -1.83266             0          0           0        0.000141025          0               0
       -1.83136             0          0           0        0.000145254          0               0
       -1.83006             0          0           0        0.000149436          0               0
       -1.82876             0          0           0        0.000153573          0               0
       -1.82746             0          0           0         0.00015767          0               0
       -1.82615             0          0           0        0.000161731          0               0
       -1.82485             0          0           0         0.00016576          0               0
       -1.82355             0          0           0        0.000169761          0               0
       -1.82225             0          0           0        0.000173738          0               0
       -1.82095             0          0           0        0.000177693          0               0
       -1.81965             0          0           0        0.000181632          0               0
       -1.81835             0          0           0        0.000185558          0               0
       -1.81705             0          0           0        0.000189474          0               0
       -1.81575             0          0           0        0.000193385          0               0
       -1.81444             0          0           0        0.000197293          0               0
       -1.81314             0          0           0        0.000201203          0               0
       -1.81184             0          0           0        0.000205117          0               0
       -1.81054             0          0           0         0.00020904          0               0
       -1.80924             0          0           0        0.000212974          0               0
       -1.80794             0          0           0        0.000216923          0               0
       -1.80664             0          0           0         0.00022089          0               0
       -1.80534             0          0           0        0.000224879          0               0
       -1.80404             0          0           0        0.000228893          0               0
       -1.80274             0          0           0        0.000232935          0               0
       -1.80143             0          0           0        0.000237009          0               0
       -1.80013             0          0           0        0.000241116          0               0
       -1.79883             0          0           0        0.000245261          0               0
       -1.79753             0          0           0        0.000249447          0               0
       -1.79623             0          0           0        0.000253676          0               0
       -1.79493             0          0           0        0.000257952          0               0
       -1.79363             0          0           0        0.000262277          0               0
       -1.79233             0          0           0        0.000266654          0               0
       -1.79103             0          0           0        0.000271086          0               0
       -1.78973             0          0           0        0.000275577          0               0
       -1.78842             0          0           0        0.000280128          0               0
       -1.78712             0          0           0        0.000284742          0               0
       -1.78582             0          0           0        0.000289423          0               0
       -1.78452             0          0           0        0.000294173          0               0
       -1.78322             0          0           0        0.000298994          0               0
       -1.78192             0          0           0        0.000303889          0               0
       -1.78062             0          0           0        0.000308861          0               0
       -1.77932             0          0           0        0.000313912          0               0
       -1.77802             0          0           0        0.000319045          0               0
       -1.77671             0          0           0        0.000324262          0               0
       -1.77541             0          0           0        0.000329566          0               0
       -1.77411             0          0           0        0.000334958          0               0
       -1.77281             0          0           0        0.000340442          0               0
       -1.77151             0          0           0        0.000346019          0               0
       -1.77021             0          0           0        0.000351693          0               0
       -1.76891             0          0           0        0.000357464          0               0
       -1.76761             0          0           0        0.000363336          0               0
       -1.76631             0          0           0        0.000369311          0               0
       -1.76501             0          0           0         0.00037539          0               0
        -1.7637             0          0           0        0.000381577          0               0
        -1.7624             0          0           0        0.000387872          0               0
        -1.7611             0          0           0        0.000394278          0               0
        -1.7598             0          0           0        0.000400797          0               0
        -1.7585             0          0           0        0.000407432          0               0
        -1.7572             0          0           0        0.000414183          0               0
        -1.7559             0          0           0        0.000421054          0               0
        -1.7546             0          0           0        0.000428048          0               0
        -1.7533             0          0           0        0.000435172          0               0
         -1.752             0          0           0        0.000442428          0               0
       -1.75069             0          0           0        0.000449824          0               0
       -1.74939             0          0           0        0.000457364          0               0
       -1.74809             0          0           0        0.000465052          0               0
       -1.74679             0          0           0        0.000472893          0               0
       -1.74549             0          0           0        0.000480893          0               0
       -1.74419             0          0           0        0.000489055          0               0
       -1.74289             0          0           0        0.000497385          0               0
       -1.74159             0          0           0        0.000505886          0               0
       -1.74029             0          0           0        0.000514565          0               0
       -1.73899             0          0           0        0.000523424          0               0
       -1.73768             0          0           0        0.000532468          0               0
       -1.73638             0          0           0        0.000541701          0               0
       -1.73508             0          0           0        0.000551129          0               0
       -1.73378             0          0           0        0.000560754          0               0
       -1.73248             0          0           0        0.000570581          0               0
       -1.73118             0          0           0        0.000580614          0               0
       -1.72988             0          0           0        0.000590857          0               0
       -1.72858             0          0           0        0.000601313          0               0
       -1.72728             0          0           0        0.000611988          0               0
       -1.72597             0          0           0        0.000622884          0               0
       -1.72467             0          0           0        0.000634005          0               0
       -1.72337             0          0           0        0.000645356          0               0
       -1.72207             0          0           0        0.000656938          0               0
       -1.72077             0          0           0        0.000668757          0               0
       -1.71947             0          0           0        0.000680816          0               0
       -1.71817             0          0           0        0.000693118          0               0
       -1.71687             0          0           0        0.000705666          0               0
       -1.71557             0          0           0        0.000718464          0               0
       -1.71427             0          0           0        0.000731516          0               0
       -1.71296             0          0           0        0.000744823          0               0
       -1.71166             0          0           0        0.000758391          0               0
       -1.71036             0          0           0        0.000772221          0               0
       -1.70906             0          0           0        0.000786317          0               0
       -1.70776             0          0           0        0.000800681          0               0
       -1.70646             0          0           0        0.000815318          0               0
       -1.70516             0          0           0        0.000830229          0               0
       -1.70386             0          0           0        0.000845417          0               0
       -1.70256             0          0           0        0.000860886          0               0
       -1.70126             0          0           0        0.000876639          0               0
       -1.69995             0          0           0        0.000892677          0               0
       -1.69865             0          0           0        0.000909003          0               0
       -1.69735             0          0           0        0.000925624          0               0
       -1.69605             0          0           0        0.000942548          0               0
       -1.69475             0          0           0        0.000959788          0               0
       -1.69345             0          0           0        0.000977352          0               0
       -1.69215             0          0           0        0.000995252          0               0
       -1.69085             0          0           0          0.0010135          0               0
       -1.68955             0          0           0          0.0010321          0               0
       -1.68824             0          0           0         0.00105107          0               0
       -1.68694             0          0           0         0.00107041          0               0
       -1.68564             0          0           0         0.00109014          0               0
       -1.68434             0          0           0         0.00111026          0               0
       -1.68304             0          0           0         0.00113079          0               0
       -1.68174             0          0           0         0.00115173          0               0
       -1.68044             0          0           0         0.00117309          0               0
       -1.67914             0          0           0         0.00119489          0               0
       -1.67784             0          0           0         0.00121712          0               0
       -1.67654             0          0           0         0.00123981          0               0
       -1.67523             0          0           0         0.00126295          0               0
       -1.67393             0          0           0         0.00128656          0               0
       -1.67263             0          0           0         0.00131064          0               0
       -1.67133             0          0           0          0.0013352          0               0
       -1.67003             0          0           0         0.00136026          0               0
       -1.66873             0          0           0         0.00138582          0               0
       -1.66743             0          0           0         0.00141188          0               0
       -1.66613             0          0           0         0.00143845          0               0
       -1.66483             0          0           0         0.00146555          0               0
       -1.66353             0          0           0         0.00149318          0               0
       -1.66222             0          0           0         0.00152134          0               0
       -1.66092             0          0           0         0.00155005          0               0
       -1.65962             0          0           0         0.00157931          0               0
       -1.65832             0          0           0         0.00160913          0               0
       -1.65702             0          0           0         0.00163951          0               0
       -1.65572             0          0           0         0.00167046          0               0
       -1.65442             0          0           0           0.001702          0               0
       -1.65312             0          0           0         0.00173411          0               0
       -1.65182             0          0           0         0.00176682          0               0
       -1.65051             0          0           0         0.00180013          0               0
       -1.64921             0          0           0         0.00183404          0               0
       -1.64791             0          0           0         0.00186855          0               0
       -1.64661             0          0           0         0.00190369          0               0
       -1.64531             0          0           0         0.00193945          0               0
       -1.64401             0          0           0         0.00197586          0               0
       -1.64271             0          0           0         0.00201292          0               0
       -1.64141             0          0           0         0.00205064          0               0
       -1.64011             0          0           0         0.00208904          0               0
       -1.63881             0          0           0         0.00212813          0               0
        -1.6375             0          0           0         0.00216791          0               0
        -1.6362             0          0           0         0.00220841          0               0
        -1.6349             0          0           0         0.00224964          0               0
        -1.6336             0          0           0          0.0022916          0               0
        -1.6323             0          0           0          0.0023343          0               0
         -1.631             0          0           0         0.00237776          0               0
        -1.6297             0          0           0         0.00242198          0               0
        -1.6284             0          0           0         0.00246698          0               0
        -1.6271             0          0           0         0.00251277          0               0
        -1.6258             0          0           0         0.00255936          0               0
       -1.62449             0          0           0         0.00260675          0               0
       -1.62319             0          0           0         0.00265496          0               0
       -1.62189             0          0           0         0.00270399          0               0
       -1.62059             0          0           0         0.00275386          0               0
       -1.61929             0          0           0         0.00280458          0               0
       -1.61799             0          0           0         0.00285615          0               0
       -1.61669             0          0           0         0.00290858          0               0
       -1.61539             0          0           0         0.00296188          0               0
       -1.61409             0          0           0         0.00301606          0               0
       -1.61279             0          0           0         0.00307113          0               0
       -1.61148             0          0           0          0.0031271          0               0
       -1.61018             0          0           0         0.00318397          0               0
       -1.60888             0          0           0         0.00324176          0               0
       -1.60758             0          0           0         0.00330046          0               0
       -1.60628             0          0           0          0.0033601          0               0
       -1.60498             0          0           0         0.00342067          0               0
       -1.60368             0          0           0         0.00348218          0               0
       -1.60238             0          0           0         0.00354464          0               0
       -1.60108             0          0           0         0.00360806          0               0
       -1.59977             0          0           0         0.00367246          0               0
       -1.59847             0          0           0         0.00373784          0               0
       -1.59717             0          0           0         0.00380424          0               0
       -1.59587             0          0           0         0.00387166          0               0
       -1.59457             0          0           0         0.00394013          0               0
       -1.59327             0          0           0         0.00400967          0               0
       -1.59197             0          0           0         0.00408028          0               0
       -1.59067             0          0           0           0.004152          0               0
       -1.58937             0          0           0         0.00422482          0               0
       -1.58807             0          0           0         0.00429878          0               0
       -1.58676             0          0           0         0.00437389          0               0
       -1.58546             0          0           0         0.00445015          0               0
       -1.58416             0          0           0          0.0045276          0               0
       -1.58286             0          0           0         0.00460624          0               0
       -1.58156             0          0           0         0.00468609          0               0
       -1.58026             0          0           0         0.00476716          0               0
       -1.57896             0          0           0         0.00484947          0               0
       -1.57766             0          0           0         0.00493304          0               0
       -1.57636             0          0           0         0.00501787          0               0
       -1.57506             0          0           0         0.00510398          0               0
       -1.57375             0          0           0         0.00519138          0               0
       -1.57245             0          0           0          0.0052801          0               0
       -1.57115             0          0           0         0.00537013          0               0
       -1.56985             0          0           0          0.0054615          0               0
       -1.56855             0          0           0         0.00555422          0               0
       -1.56725             0          0           0         0.00564829          0               0
       -1.56595             0          0           0         0.00574373          0               0
       -1.56465             0          0           0         0.00584056          0               0
       -1.56335             0          0           0         0.00593878          0               0
       -1.56204             0          0           0         0.00603841          0               0
       -1.56074             0          0           0         0.00613946          0               0
       -1.55944             0          0           0         0.00624194          0               0
       -1.55814             0          0           0         0.00634587          0               0
       -1.55684             0          0           0         0.00645128          0               0
       -1.55554             0          0           0         0.00655819          0               0
       -1.55424             0          0           0         0.00666663          0               0
       -1.55294             0          0           0         0.00677662          0               0
       -1.55164             0          0           0         0.00688818          0               0
       -1.55034             0          0           0         0.00700135          0               0
       -1.54903             0          0           0         0.00711613          0               0
       -1.54773             0          0           0         0.00723256          0               0
       -1.54643             0          0           0         0.00735065          0               0
       -1.54513             0          0           0         0.00747043          0               0
       -1.54383             0          0           0         0.00759192          0               0
       -1.54253             0          0           0         0.00771514          0               0
       -1.54123             0          0           0         0.00784011          0               0
       -1.53993             0          0           0         0.00796684          0               0
       -1.53863             0          0           0         0.00809537          0               0
       -1.53733             0          0           0         0.00822571          0               0
       -1.53602             0          0           0         0.00835788          0               0
       -1.53472             0          0           0         0.00849189          0               0
       -1.53342             0          0           0         0.00862778          0               0
       -1.53212             0          0           0         0.00876554          0               0
       -1.53082             0          0           0         0.00890521          0               0
       -1.52952             0          0           0          0.0090468          0               0
       -1.52822             0          0           0         0.00919032          0               0
       -1.52692             0          0           0          0.0093358          0               0
       -1.52562             0          0           0         0.00948326          0               0
       -1.52432             0          0           0         0.00963269          0               0
       -1.52301             0          0           0         0.00978413          0               0
       -1.52171             0          0           0         0.00993759          0               0
       -1.52041             0          0           0          0.0100931          0               0
       -1.51911             0          0           0          0.0102506          0               0
       -1.51781             0          0           0          0.0104102          0               0
       -1.51651             0          0           0          0.0105719          0               0
       -1.51521             0          0           0          0.0107357          0               0
       -1.51391             0          0           0          0.0109016          0               0
       -1.51261             0          0           0          0.0110697          0               0
        -1.5113             0          0           0          0.0112398          0               0
          -1.51             0          0           0          0.0114122          0               0
        -1.5087             0          0           0          0.0115867          0               0
        -1.5074             0          0           0          0.0117633          0               0
        -1.5061             0          0           0          0.0119422          0               0
        -1.5048             0          0           0          0.0121233          0               0
        -1.5035             0          0           0          0.0123066          0               0
        -1.5022             0          0           0          0.0124922          0               0
        -1.5009             0          0           0          0.0126799          0               0
        -1.4996             0          0           0            0.01287          0               0
       -1.49829             0          0           0          0.0130623          0               0
       -1.49699             0          0           0          0.0132569          0               0
       -1.49569             0          0           0          0.0134537          0               0
       -1.49439             0          0           0          0.0136529          0               0
       -1.49309             0          0           0          0.0138544          0               0
       -1.49179             0          0           0          0.0140582          0               0
       -1.49049             0          0           0          0.0142644          0               0
       -1.48919             0          0           0          0.0144728          0               0
       -1.48789             0          0           0          0.0146837          0               0
       -1.48659             0          0           0          0.0148969          0               0
       -1.48528             0          0           0          0.0151125          0               0
       -1.48398             0          0           0          0.0153306          0               0
       -1.48268             0          0           0          0.0155513          0               0
       -1.48138             0          0           0          0.0157745          0               0
       -1.48008             0          0           0          0.0160005          0               0
       -1.47878             0          0           0          0.0162291          0               0
       -1.47748             0          0           0          0.0164605          0               0
       -1.47618             0          0           0          0.0166948          0               0
       -1.47488             0          0           0          0.0169319          0               0
       -1.47357             0          0           0           0.017172          0               0
       -1.47227             0          0           0           0.017415          0               0
       -1.47097             0          0           0          0.0176611          0               0
       -1.46967             0          0           0          0.0179103          0               0
       -1.46837             0          0           0          0.0181627          0               0
       -1.46707             0          0           0          0.0184182          0               0
       -1.46577             0          0           0          0.0186769          0               0
       -1.46447             0          0           0           0.018939          0               0
       -1.46317             0          0           0          0.0192043          0               0
       -1.46187             0          0           0          0.0194731          0               0
       -1.46056             0          0           0          0.0197453          0               0
       -1.45926             0          0           0          0.0200209          0               0
       -1.45796             0          0           0             0.0203          0               0
       -1.45666             0          0           0          0.0205828          0               0
       -1.45536             0          0           0          0.0208691          0               0
       -1.45406             0          0           0           0.021159          0               0
       -1.45276             0          0           0          0.0214525          0               0
       -1.45146             0          0           0          0.0217496          0               0
       -1.45016             0          0           0          0.0220502          0               0
       -1.44886             0          0           0          0.0223544          0               0
       -1.44755             0          0           0          0.0226621          0               0
       -1.44625             0          0           0          0.0229733          0               0
       -1.44495             0          0           0          0.0232881          0               0
       -1.44365             0          0           0          0.0236063          0               0
       -1.44235             0          0           0          0.0239279          0               0
       -1.44105             0          0           0           0.024253          0               0
       -1.43975             0          0           0          0.0245815          0               0
       -1.43845             0          0           0          0.0249135          0               0
       -1.43715             0          0           0          0.0252488          0               0
       -1.43585             0          0           0          0.0255875          0               0
       -1.43454             0          0           0          0.0259295          0               0
       -1.43324             0          0           0          0.0262749          0               0
       -1.43194             0          0           0          0.0266236          0               0
       -1.43064             0          0           0          0.0269756          0               0
       -1.42934             0          0           0          0.0273309          0               0
       -1.42804             0          0           0          0.0276894          0               0
       -1.42674             0          0           0          0.0280513          0               0
       -1.42544             0          0           0          0.0284163          0               0
       -1.42414             0          0           0          0.0287846          0               0
       -1.42283             0          0           0          0.0291562          0               0
       -1.42153             0          0           0          0.0295313          0               0
       -1.42023             0          0           0          0.0299098          0               0
       -1.41893             0          0           0          0.0302918          0               0
       -1.41763             0          0           0          0.0306775          0               0
       -1.41633             0          0           0          0.0310668          0               0
       -1.41503             0          0           0          0.0314599          0               0
       -1.41373             0          0           0          0.0318568          0               0
       -1.41243             0          0           0          0.0322576          0               0
       -1.41113             0          0           0          0.0326623          0               0
       -1.40982             0          0           0           0.033071          0               0
       -1.40852             0          0           0          0.0334837          0               0
       -1.40722             0          0           0          0.0339007          0               0
       -1.40592             0          0           0          0.0343217          0               0
       -1.40462             0          0           0          0.0347471          0               0
       -1.40332             0          0           0          0.0351767          0               0
       -1.40202             0          0           0          0.0356107          0               0
       -1.40072             0          0           0          0.0360491          0               0
       -1.39942             0          0           0           0.036492          0               0
       -1.39812             0          0           0          0.0369394          0               0
       -1.39681             0          0           0          0.0373914          0               0
       -1.39551             0          0           0           0.037848          0               0
       -1.39421             0          0           0          0.0383093          0               0
       -1.39291             0          0           0          0.0387753          0               0
       -1.39161             0          0           0          0.0392461          0               0
       -1.39031             0          0           0          0.0397217          0               0
       -1.38901             0          0           0          0.0402022          0               0
       -1.38771             0          0           0          0.0406875          0               0
       -1.38641             0          0           0          0.0411778          0               0
        -1.3851             0          0           0          0.0416731          0               0
        -1.3838             0          0           0          0.0421735          0               0
        -1.3825             0          0           0          0.0426789          0               0
        -1.3812             0          0           0          0.0431894          0               0
        -1.3799             0          0           0           0.043705          0               0
        -1.3786             0          0           0          0.0442259          0               0
        -1.3773             0          0           0           0.044752          0               0
         -1.376             0          0           0          0.0452833          0               0
        -1.3747             0          0           0            0.04582          0               0
        -1.3734             0          0           0          0.0463619          0               0
       -1.37209             0          0           0          0.0469093          0               0
       -1.37079             0          0           0           0.047462          0               0
       -1.36949             0          0           0          0.0480202          0               0
       -1.36819             0          0           0          0.0485839          0               0
       -1.36689             0          0           0           0.049153          0               0
       -1.36559             0          0           0          0.0497277          0               0
       -1.36429             0          0           0          0.0503079          0               0
       -1.36299             0          0           0          0.0508937          0               0
       -1.36169             0          0           0          0.0514851          0               0
       -1.36039             0          0           0          0.0520822          0               0
       -1.35908             0          0           0           0.052685          0               0
       -1.35778             0          0           0          0.0532934          0               0
       -1.35648             0          0           0          0.0539076          0               0
       -1.35518             0          0           0          0.0545275          0               0
       -1.35388             0          0           0          0.0551532          0               0
       -1.35258             0          0           0          0.0557847          0               0
       -1.35128             0          0           0           0.056422          0               0
       -1.34998             0          0           0          0.0570651          0               0
       -1.34868             0          0           0          0.0577141          0               0
       -1.34738             0          0           0           0.058369          0               0
       -1.34607             0          0           0          0.0590298          0               0
       -1.34477             0          0           0          0.0596965          0               0
       -1.34347             0          0           0          0.0603692          0               0
       -1.34217             0          0           0          0.0610479          0               0
       -1.34087             0          0           0          0.0617327          0               0
       -1.33957             0          0           0          0.0624236          0               0
       -1.33827             0          0           0          0.0631206          0               0
       -1.33697             0          0           0          0.0638237          0               0
       -1.33567             0          0           0          0.0645331          0               0
       -1.33436             0          0           0          0.0652487          0               0
       -1.33306             0          0           0          0.0659705          0               0
       -1.33176             0          0           0          0.0666987          0               0
       -1.33046             0          0           0          0.0674332          0               0
       -1.32916             0          0           0           0.068174          0               0
       -1.32786             0          0           0          0.0689213          0               0
       -1.32656             0          0           0           0.069675          0               0
       -1.32526             0          0           0          0.0704351          0               0
       -1.32396             0          0           0          0.0712017          0               0
       -1.32266             0          0           0          0.0719748          0               0
       -1.32135             0          0           0          0.0727545          0               0
       -1.32005             0          0           0          0.0735407          0               0
       -1.31875             0          0           0          0.0743335          0               0
       -1.31745             0          0           0          0.0751329          0               0
       -1.31615             0          0           0          0.0759389          0               0
       -1.31485             0          0           0          0.0767516          0               0
       -1.31355             0          0           0           0.077571          0               0
       -1.31225             0          0           0          0.0783971          0               0
       -1.31095             0          0           0          0.0792299          0               0
       -1.30965             0          0           0          0.0800694          0               0
       -1.30834             0          0           0          0.0809157          0               0
       -1.30704             0          0           0          0.0817687          0               0
       -1.30574             0          0           0          0.0826286          0               0
       -1.30444             0          0           0          0.0834953          0               0
       -1.30314             0          0           0          0.0843688          0               0
       -1.30184             0          0           0          0.0852492          0               0
       -1.30054             0          0           0          0.0861364          0               0
       -1.29924             0          0           0          0.0870304          0               0
       -1.29794             0          0           0          0.0879314          0               0
       -1.29663             0          0           0          0.0888391          0               0
       -1.29533             0          0           0          0.0897537          0               0
       -1.29403             0          0           0          0.0906752          0               0
       -1.29273             0          0           0          0.0916034          0               0
       -1.29143             0          0           0          0.0925384          0               0
       -1.29013             0          0           0          0.0934802          0               0
       -1.28883             0          0           0          0.0944287          0               0
       -1.28753             0          0           0           0.095384          0               0
       -1.28623             0          0           0           0.096346          0               0
       -1.28493             0          0           0          0.0973147          0               0
       -1.28362             0          0           0          0.0982902          0               0
       -1.28232             0          0           0          0.0992723          0               0
       -1.28102             0          0           0           0.100261          0               0
       -1.27972             0          0           0           0.101257          0               0
       -1.27842             0          0           0           0.102259          0               0
       -1.27712             0          0           0           0.103267          0               0
       -1.27582             0          0           0           0.104283          0               0
       -1.27452             0          0           0           0.105305          0               0
       -1.27322             0          0           0           0.106333          0               0
       -1.27192             0          0           0           0.107368          0               0
       -1.27061             0          0           0            0.10841          0               0
       -1.26931             0          0           0           0.109458          0               0
       -1.26801             0          0           0           0.110512          0               0
       -1.26671             0          0           0           0.111573          0               0
       -1.26541             0          0           0           0.112641          0               0
       -1.26411             0          0           0           0.113715          0               0
       -1.26281             0          0           0           0.114795          0               0
       -1.26151             0          0           0           0.115882          0               0
       -1.26021             0          0           0           0.116975          0               0
        -1.2589             0          0           0           0.118074          0               0
        -1.2576             0          0           0            0.11918          0               0
        -1.2563             0          0           0           0.120293          0               0
         -1.255             0          0           0           0.121412          0               0
        -1.2537             0          0           0           0.122539          0               0
        -1.2524             0          0           0           0.123673          0               0
        -1.2511             0          0           0           0.124814          0               0
        -1.2498             0          0           0           0.125963          0               0
        -1.2485             0          0           0            0.12712          0               0
        -1.2472             0          0           0           0.128285          0               0
       -1.24589             0          0           0           0.129458          0               0
       -1.24459             0          0           0            0.13064          0               0
       -1.24329             0          0           0            0.13183          0               0
       -1.24199             0          0           0           0.133029          0               0
       -1.24069             0          0           0           0.134237          0               0
       -1.23939             0          0           0           0.135454          0               0
       -1.23809             0          0           0            0.13668          0               0
       -1.23679             0          0           0           0.137916          0               0
       -1.23549             0          0           0           0.139161          0               0
       -1.23419             0          0           0           0.140416          0               0
       -1.23288             0          0           0           0.141682          0               0
       -1.23158             0          0           0           0.142957          0               0
       -1.23028             0          0           0           0.144242          0               0
       -1.22898             0          0           0           0.145538          0               0
       -1.22768             0          0           0           0.146844          0               0
       -1.22638             0          0           0           0.148162          0               0
       -1.22508             0          0           0           0.149489          0               0
       -1.22378             0          0           0           0.150828          0               0
       -1.22248             0          0           0           0.152178          0               0
       -1.22118             0          0           0            0.15354          0               0
       -1.21987             0          0           0           0.154912          0               0
       -1.21857             0          0           0           0.156295          0               0
       -1.21727             0          0           0           0.157689          0               0
       -1.21597             0          0           0           0.159093          0               0
       -1.21467             0          0           0           0.160507          0               0
       -1.21337             0          0           0            0.16193          0               0
       -1.21207             0          0           0           0.163363          0               0
       -1.21077             0          0           0           0.164805          0               0
       -1.20947             0          0           0           0.166256          0               0
       -1.20816             0          0           0           0.167715          0               0
       -1.20686             0          0           0           0.169183          0               0
       -1.20556             0          0           0           0.170658          0               0
       -1.20426             0          0           0           0.172141          0               0
       -1.20296             0          0           0           0.173631          0               0
       -1.20166             0          0           0           0.175129          0               0
       -1.20036             0          0           0           0.176633          0               0
       -1.19906             0          0           0           0.178144          0               0
       -1.19776             0          0           0           0.179661          0               0
       -1.19646             0          0           0           0.181184          0               0
       -1.19515             0          0           0           0.182713          0               0
       -1.19385             0          0           0           0.184248          0               0
       -1.19255             0          0           0           0.185787          0               0
       -1.19125             0          0           0           0.187332          0               0
       -1.18995             0          0           0           0.188881          0               0
       -1.18865             0          0           0           0.190435          0               0
       -1.18735             0          0           0           0.191994          0               0
       -1.18605             0          0           0           0.193556          0               0
       -1.18475             0          0           0           0.195123          0               0
       -1.18345             0          0           0           0.196694          0               0
       -1.18214             0          0           0            0.19827          0               0
       -1.18084             0          0           0           0.199851          0               0
       -1.17954             0          0           0           0.201437          0               0
       -1.17824             0          0           0            0.20303          0               0
       -1.17694             0          0           0           0.204628          0               0
       -1.17564             0          0           0           0.206232          0               0
       -1.17434             0          0           0           0.207843          0               0
       -1.17304             0          0           0           0.209461          0               0
       -1.17174             0          0           0           0.211086          0               0
       -1.17043             0          0           0           0.212718          0               0
       -1.16913             0          0           0           0.214357          0               0
       -1.16783             0          0           0           0.216005          0               0
       -1.16653             0          0           0            0.21766          0               0
       -1.16523             0          0           0           0.219324          0               0
       -1.16393             0          0           0           0.220997          0               0
       -1.16263             0          0           0           0.222678          0               0
       -1.16133             0          0           0           0.224368          0               0
       -1.16003             0          0           0           0.226068          0               0
       -1.15873             0          0           0           0.227777          0               0
       -1.15742             0          0           0           0.229496          0               0
       -1.15612             0          0           0           0.231225          0               0
       -1.15482             0          0           0           0.232964          0               0
       -1.15352             0          0           0           0.234713          0               0
       -1.15222             0          0           0           0.236473          0               0
       -1.15092             0          0           0           0.238243          0               0
       -1.14962             0          0           0           0.240023          0               0
       -1.14832             0          0           0           0.241814          0               0
       -1.14702             0          0           0           0.243616          0               0
       -1.14572             0          0           0           0.245428          0               0
       -1.14441             0          0           0           0.247251          0               0
       -1.14311             0          0           0           0.249085          0               0
       -1.14181             0          0           0           0.250929          0               0
       -1.14051             0          0           0           0.252784          0               0
       -1.13921             0          0           0            0.25465          0               0
       -1.13791             0          0           0           0.256526          0               0
       -1.13661             0          0           0           0.258413          0               0
       -1.13531             0          0           0           0.260311          0               0
       -1.13401             0          0           0            0.26222          0               0
       -1.13271             0          0           0           0.264139          0               0
        -1.1314             0          0           0            0.26607          0               0
        -1.1301             0          0           0           0.268011          0               0
        -1.1288             0          0           0           0.269963          0               0
        -1.1275             0          0           0           0.271926          0               0
        -1.1262             0          0           0             0.2739          0               0
        -1.1249             0          0           0           0.275885          0               0
        -1.1236             0          0           0           0.277881          0               0
        -1.1223             0          0           0           0.279888          0               0
         -1.121             0          0           0           0.281906          0               0
       -1.11969             0          0           0           0.283935          0               0
       -1.11839             0          0           0           0.285974          0               0
       -1.11709             0          0           0           0.288025          0               0
       -1.11579             0          0           0           0.290087          0               0
       -1.11449             0          0           0            0.29216          0               0
       -1.11319             0          0           0           0.294244          0               0
       -1.11189             0          0           0           0.296338          0               0
       -1.11059             0          0           0           0.298444          0               0
       -1.10929             0          0           0           0.300561          0               0
       -1.10799             0          0           0           0.302689          0               0
       -1.10668             0          0           0           0.304828          0               0
       -1.10538             0          0           0           0.306978          0               0
       -1.10408             0          0           0           0.309139          0               0
       -1.10278             0          0           0           0.311311          0               0
       -1.10148             0          0           0           0.313494          0               0
       -1.10018             0          0           0           0.315688          0               0
       -1.09888             0          0           0           0.317893          0               0
       -1.09758             0          0           0           0.320109          0               0
       -1.09628             0          0           0           0.322336          0               0
       -1.09498             0          0           0           0.324575          0               0
       -1.09367             0          0           0           0.326824          0               0
       -1.09237             0          0           0           0.329085          0               0
       -1.09107             0          0           0           0.331358          0               0
       -1.08977             0          0           0           0.333642          0               0
       -1.08847             0          0           0           0.335938          0               0
       -1.08717             0          0           0           0.338247          0               0
       -1.08587             0          0           0           0.340567          0               0
       -1.08457             0          0           0           0.342901          0               0
       -1.08327             0          0           0           0.345246          0               0
       -1.08196             0          0           0           0.347605          0               0
       -1.08066             0          0           0           0.349976          0               0
       -1.07936             0          0           0           0.352361          0               0
       -1.07806             0          0           0           0.354759          0               0
       -1.07676             0          0           0            0.35717          0               0
       -1.07546             0          0           0           0.359594          0               0
       -1.07416             0          0           0           0.362032          0               0
       -1.07286             0          0           0           0.364484          0               0
       -1.07156             0          0           0            0.36695          0               0
       -1.07026             0          0           0            0.36943          0               0
       -1.06895             0          0           0           0.371924          0               0
       -1.06765             0          0           0           0.374432          0               0
       -1.06635             0          0           0           0.376954          0               0
       -1.06505             0          0           0           0.379491          0               0
       -1.06375             0          0           0           0.382043          0               0
       -1.06245             0          0           0           0.384609          0               0
       -1.06115             0          0           0           0.387191          0               0
       -1.05985             0          0           0           0.389787          0               0
       -1.05855             0          0           0           0.392398          0               0
       -1.05725             0          0           0           0.395025          0               0
       -1.05594             0          0           0           0.397666          0               0
       -1.05464             0          0           0           0.400323          0               0
       -1.05334             0          0           0           0.402996          0               0
       -1.05204             0          0           0           0.405684          0               0
       -1.05074             0          0           0           0.408388          0               0
       -1.04944             0          0           0           0.411107          0               0
       -1.04814             0          0           0           0.413843          0               0
       -1.04684             0          0           0           0.416594          0               0
       -1.04554             0          0           0           0.419361          0               0
       -1.04424             0          0           0           0.422144          0               0
       -1.04293             0          0           0           0.424941          0               0
       -1.04163             0          0           0           0.427752          0               0
       -1.04033             0          0           0           0.430575          0               0
       -1.03903             0          0           0           0.433409          0               0
       -1.03773             0          0           0           0.436253          0               0
       -1.03643             0          0           0           0.439105          0               0
       -1.03513             0          0           0           0.441964          0               0
       -1.03383             0          0           0            0.44483          0               0
       -1.03253             0          0           0           0.447701          0               0
       -1.03122             0          0           0           0.450575          0               0
       -1.02992             0          0           0           0.453453          0               0
       -1.02862             0          0           0           0.456332          0               0
       -1.02732             0          0           0           0.459211          0               0
       -1.02602             0          0           0            0.46209          0               0
       -1.02472             0          0           0           0.464968          0               0
       -1.02342             0          0           0           0.467842          0               0
       -1.02212             0          0           0           0.470714          0               0
       -1.02082             0          0           0            0.47358          0               0
       -1.01952             0          0           0           0.476441          0               0
       -1.01821             0          0           0           0.479294          0               0
       -1.01691             0          0           0            0.48214          0               0
       -1.01561             0          0           0           0.484978          0               0
       -1.01431             0          0           0           0.487805          0               0
       -1.01301             0          0           0           0.490622          0               0
       -1.01171             0          0           0           0.493428          0               0
       -1.01041             0          0           0            0.49622          0               0
       -1.00911             0          0           0           0.498999          0               0
       -1.00781             0          0           0           0.501764          0               0
       -1.00651             0          0           0           0.504514          0               0
        -1.0052             0          0           0           0.507247          0               0
        -1.0039             0          0           0           0.509963          0               0
        -1.0026             0          0           0           0.512661          0               0
        -1.0013             0          0           0            0.51534          0               0
             -1             0          0           0              0.518          0               0
