-2.30103 0.00216392 0 0 0 0 0
-2.29973 0.00220431 0 0 0 0 0
-2.29843 0.00224546 0 0 0 0 0
-2.29712 0.00228725 0 0 0 0 0
-2.29582 0.00232955 0 0 0 0 0
-2.29452 0.00237222 0 0 0 0 0
-2.29322 0.00241514 0 0 0 0 0
-2.29191 0.00245818 0 0 0 0 0
-2.29061 0.00250127 0 0 0 0 0
-2.28931 0.00254442 0 0 0 0 0
-2.28801 0.00258765 0 0 0 0 0
-2.2867 0.00263098 0 0 0 0 0
-2.2854 0.00267443 0 0 0 0 0
-2.2841 0.00271803 0 0 0 0 0
-2.2828 0.0027618 0 0 0 0 0
-2.2815 0.00280594 0 0 0 0 0
-2.28019 0.00285064 0 0 0 0 0
-2.27889 0.00289614 0 0 0 0 0
-2.27759 0.00294264 0 0 0 0 0
-2.27629 0.00299036 0 0 0 0 0
-2.27498 0.00303952 0 0 0 0 0
-2.27368 0.00309005 0 0 0 0 0
-2.27238 0.00314169 0 0 0 0 0
-2.27108 0.00319414 0 0 0 0 0
-2.26977 0.00324714 0 0 0 0 0
-2.26847 0.00330038 0 0 0 0 0
-2.26717 0.00335359 0 0 0 0 0
-2.26587 0.00340662 0 0 0 0 0
-2.26456 0.00345954 0 0 0 0 0
-2.26326 0.00351245 0 0 0 0 0
-2.26196 0.00356543 0 0 0 0 0
-2.26066 0.00361857 0 0 0 0 0
-2.25936 0.00367197 0 0 0 0 0
-2.25805 0.00372574 0 0 0 0 0
-2.25675 0.00378007 0 0 0 0 0
-2.25545 0.00383513 0 0 0 0 0
-2.25415 0.00389111 0 0 0 0 0
-2.25284 0.00394821 0 0 0 0 0
-2.25154 0.00400661 0 0 0 0 0
-2.25024 0.00406619 0 0 0 0 0
-2.24894 0.00412621 0 0 0 0 0
-2.24763 0.00418581 0 0 0 0 0
-2.24633 0.00424414 0 0 0 0 0
-2.24503 0.00430033 0 0 0 0 0
-2.24373 0.00435355 0 0 0 0 0
-2.24243 0.0044044 0 0 0 0 0
-2.24112 0.00445598 0 0 0 0 0
-2.23982 0.0045116 0 0 0 0 0
-2.23852 0.00457463 0 0 0 0 0
-2.23722 0.00464842 0 0 0 0 0
-2.23591 0.00473623 0 0 0 0 0
-2.23461 0.00483798 0 0 0 0 0
-2.23331 0.00495031 0 0 0 0 0
-2.23201 0.0050697 0 0 0 0 0
-2.2307 0.0051926 0 0 0 0 0
-2.2294 0.00531546 0 0 0 0 0
-2.2281 0.00543508 0 0 0 0 0
-2.2268 0.00555116 0 0 0 0 0
-2.22549 0.00566467 0 0 0 0 0
-2.22419 0.00577658 0 0 0 0 0
-2.22289 0.00588789 0 0 0 0 0
-2.22159 0.00599958 0 0 0 0 0
-2.22029 0.00611236 0 0 0 0 0
-2.21898 0.00622628 0 0 0 0 0
-2.21768 0.00634131 0 0 0 0 0
-2.21638 0.00645741 0 0 0 0 0
-2.21508 0.00657455 0 0 0 0 0
-2.21377 0.00669271 0 0 0 0 0
-2.21247 0.00681212 0 0 0 0 0
-2.21117 0.00693318 0 0 0 0 0
-2.20987 0.00705627 0 0 0 0 0
-2.20856 0.00718178 0 0 0 0 0
-2.20726 0.00731011 0 0 0 0 0
-2.20596 0.00744136 0 0 0 0 0
-2.20466 0.00757512 0 0 0 0 0
-2.20336 0.00771091 0 0 0 0 0
-2.20205 0.00784825 0 0 0 0 0
-2.20075 0.00798666 0 0 0 0 0
-2.19945 0.00812574 0 0 0 0 0
-2.19815 0.00826563 0 0 0 0 0
-2.19684 0.0084066 0 0 0 0 0
-2.19554 0.00854892 0 0 0 0 0
-2.19424 0.00869288 0 0 0 0 0
-2.19294 0.00883874 0 0 0 0 0
-2.19163 0.00898647 0 0 0 0 0
-2.19033 0.00913588 0 0 0 0 0
-2.18903 0.00928678 0 0 0 0 0
-2.18773 0.00943896 0 0 0 0 0
-2.18642 0.00959223 0 0 0 0 0
-2.18512 0.00974679 0 0 0 0 0
-2.18382 0.00990316 0 0 0 0 0
-2.18252 0.0100619 0 0 0 0 0
-2.18122 0.0102236 0 0 0 0 0
-2.17991 0.0103888 0 0 0 0 0
-2.17861 0.0105575 0 0 0 0 0
-2.17731 0.010729 0 0 0 0 0
-2.17601 0.0109027 0 0 0 0 0
-2.1747 0.011078 0 0 0 0 0
-2.1734 0.011254 0 0 0 0 0
-2.1721 0.0114305 0 0 0 0 0
-2.1708 0.0116079 0 0 0 0 0
-2.16949 0.0117866 0 0 0 0 0
-2.16819 0.0119667 0 0 0 0 0
-2.16689 0.0121488 0 0 0 0 0
-2.16559 0.0123329 0 0 0 0 0
-2.16429 0.012519 0 0 0 0 0
-2.16298 0.012707 0 0 0 0 0
-2.16168 0.0128967 0 0 0 0 0
-2.16038 0.0130882 0 0 0 0 0
-2.15908 0.0132813 0 0 0 0 0
-2.15777 0.0134761 0 0 0 0 0
-2.15647 0.0136727 0 0 0 0 0
-2.15517 0.0138711 0 0 0 0 0
-2.15387 0.0140712 0 0 0 0 0
-2.15256 0.0142731 0 0 0 0 0
-2.15126 0.0144768 0 0 0 0 0
-2.14996 0.0146823 0 0 0 0 0
-2.14866 0.0148897 0 0 0 0 0
-2.14735 0.0150989 0 0 0 0 0
-2.14605 0.0153099 0 0 0 0 0
-2.14475 0.0155226 0 0 0 0 0
-2.14345 0.0157369 0 0 0 0 0
-2.14215 0.0159529 0 0 0 0 0
-2.14084 0.0161705 0 0 0 0 0
-2.13954 0.01639 0 0 0 0 0
-2.13824 0.0166116 0 0 0 0 0
-2.13694 0.0168356 0 0 0 0 0
-2.13563 0.017062 0 0 0 0 0
-2.13433 0.0172909 0 0 0 0 0
-2.13303 0.0175218 0 0 0 0 0
-2.13173 0.0177546 0 0 0 0 0
-2.13042 0.0179889 0 0 0 0 0
-2.12912 0.0182246 0 0 0 0 0
-2.12782 0.0184619 0 0 0 0 0
-2.12652 0.018701 0 0 0 0 0
-2.12522 0.0189419 0 0 0 0 0
-2.12391 0.0191849 0 0 0 0 0
-2.12261 0.0194299 0 0 0 0 0
-2.12131 0.0196766 0 0 0 0 0
-2.12001 0.0199248 0 0 0 0 0
-2.1187 0.0201744 0 0 0 0 0
-2.1174 0.0204254 0 0 0 0 0
-2.1161 0.0206787 0 0 0 0 0
-2.1148 0.0209348 0 0 0 0 0
-2.11349 0.0211946 0 0 0 0 0
-2.11219 0.0214585 0 0 0 0 0
-2.11089 0.0217259 0 0 0 0 0
-2.10959 0.0219957 0 0 0 0 0
-2.10828 0.022267 0 0 0 0 0
-2.10698 0.0225389 0 0 0 0 0
-2.10568 0.0228114 0 0 0 0 0
-2.10438 0.0230849 0 0 0 0 0
-2.10308 0.0233602 0 0 0 0 0
-2.10177 0.0236375 0 0 0 0 0
-2.10047 0.0239172 0 0 0 0 0
-2.09917 0.0241992 0 0 0 0 0
-2.09787 0.0244833 0 0 0 0 0
-2.09656 0.0247694 0 0 0 0 0
-2.09526 0.0250573 0 0 0 0 0
-2.09396 0.0253472 0 0 0 0 0
-2.09266 0.025639 0 0 0 0 0
-2.09135 0.0259329 0 0 0 0 0
-2.09005 0.0262287 0 0 0 0 0
-2.08875 0.0265266 0 0 0 0 0
-2.08745 0.0268265 0 0 0 0 0
-2.08615 0.0271283 0 0 0 0 0
-2.08484 0.0274321 0 0 0 0 0
-2.08354 0.0277379 0 0 0 0 0
-2.08224 0.0280459 0 0 0 0 0
-2.08094 0.0283562 0 0 0 0 0
-2.07963 0.0286687 0 0 0 0 0
-2.07833 0.0289832 0 0 0 0 0
-2.07703 0.0292992 0 0 0 0 0
-2.07573 0.0296164 0 0 0 0 0
-2.07442 0.0299347 0 0 0 0 0
-2.07312 0.0302553 0 0 0 0 0
-2.07182 0.0305797 0 0 0 0 0
-2.07052 0.0309095 0 0 0 0 0
-2.06921 0.0312456 0 0 0 0 0
-2.06791 0.0315864 0 0 0 0 0
-2.06661 0.0319298 0 0 0 0 0
-2.06531 0.0322737 0 0 0 0 0
-2.06401 0.0326167 0 0 0 0 0
-2.0627 0.0329598 0 0 0 0 0
-2.0614 0.0333041 0 0 0 0 0
-2.0601 0.0336507 0 0 0 0 0
-2.0588 0.0340003 0 0 0 0 0
-2.05749 0.0343526 0 0 0 0 0
-2.05619 0.0347073 0 0 0 0 0
-2.05489 0.0350642 0 0 0 0 0
-2.05359 0.035423 0 0 0 0 0
-2.05228 0.0357839 0 0 0 0 0
-2.05098 0.0361473 0 0 0 0 0
-2.04968 0.0365131 0 0 0 0 0
-2.04838 0.0368815 0 0 0 0 0
-2.04708 0.0372523 0 0 0 0 0
-2.04577 0.0376253 0 0 0 0 0
-2.04447 0.0380004 0 0 0 0 0
-2.04317 0.0383777 0 0 0 0 0
-2.04187 0.0387572 0 0 0 0 0
-2.04056 0.0391389 0 0 0 0 0
-2.03926 0.0395229 0 0 0 0 0
-2.03796 0.0399093 0 0 0 0 0
-2.03666 0.040298 0 0 0 0 0
-2.03535 0.0406891 0 0 0 0 0
-2.03405 0.0410825 0 0 0 0 0
-2.03275 0.0414781 0 0 0 0 0
-2.03145 0.0418758 0 0 0 0 0
-2.03014 0.0422757 0 0 0 0 0
-2.02884 0.0426791 0 0 0 0 0
-2.02754 0.0430873 0 0 0 0 0
-2.02624 0.0435015 0 0 0 0 0
-2.02494 0.0439215 0 0 0 0 0
-2.02363 0.0443453 0 0 0 0 0
-2.02233 0.0447707 0 0 0 0 0
-2.02103 0.0451961 0 0 0 0 0
-2.01973 0.045622 0 0 0 0 0
-2.01842 0.0460496 0 0 0 0 0
-2.01712 0.0464799 0 0 0 0 0
-2.01582 0.0469135 0 0 0 0 0
-2.01452 0.04735 0 0 0 0 0
-2.01321 0.0477892 0 0 0 0 0
-2.01191 0.0482308 0 0 0 0 0
-2.01061 0.0486749 0 0 0 0 0
-2.00931 0.0491216 0 0 0 0 0
-2.00801 0.049571 0 0 0 0 0
-2.0067 0.050023 0 0 0 0 0
-2.0054 0.0504778 0 0 0 0 0
-2.0041 0.0509352 0 0 0 0 0
-2.0028 0.0513952 0 0 0 0 0
-2.00149 0.0518579 0 0 0 0 0
-2.00019 0.0523233 0 0 0 0 0
-1.99889 0.0527914 0 0 0 0 0
-1.99759 0.0532622 0 0 0 0 0
-1.99628 0.0537357 0 0 0 0 0
-1.99498 0.0542118 0 0 0 0 0
-1.99368 0.0546906 0 0 0 0 0
-1.99238 0.0551721 0 0 0 0 0
-1.99107 0.0556564 0 0 0 0 0
-1.98977 0.0561433 0 0 0 0 0
-1.98847 0.0566329 0 0 0 0 0
-1.98717 0.0571252 0 0 0 0 0
-1.98587 0.0576203 0 0 0 0 0
-1.98456 0.0581181 0 0 0 0 0
-1.98326 0.0586186 0 0 0 0 0
-1.98196 0.0591218 0 0 0 0 0
-1.98066 0.0596278 0 0 0 0 0
-1.97935 0.0601365 0 0 0 0 0
-1.97805 0.060648 0 0 0 0 0
-1.97675 0.0611622 0 0 0 0 0
-1.97545 0.0616791 0 0 0 0 0
-1.97414 0.0621988 0 0 0 0 0
-1.97284 0.0627213 0 0 0 0 0
-1.97154 0.0632465 0 0 0 0 0
-1.97024 0.0637745 0 0 0 0 0
-1.96894 0.0643053 0 0 0 0 0
-1.96763 0.0648388 0 0 0 0 0
-1.96633 0.0653751 0 0 0 0 0
-1.96503 0.0659142 0 0 0 0 0
-1.96373 0.0664561 0 0 0 0 0
-1.96242 0.0670007 0 0 0 0 0
-1.96112 0.0675482 0 0 0 0 0
-1.95982 0.0680985 0 0 0 0 0
-1.95852 0.0686515 0 0 0 0 0
-1.95721 0.0692074 0 0 0 0 0
-1.95591 0.0697661 0 0 0 0 0
-1.95461 0.0703276 0 0 0 0 0
-1.95331 0.0708919 0 0 0 0 0
-1.952 0.0714591 0 0 0 0 0
-1.9507 0.0720291 0 0 0 0 0
-1.9494 0.0726019 0 0 0 0 0
-1.9481 0.0731776 0 0 0 0 0
-1.9468 0.0737561 0 0 0 0 0
-1.94549 0.0743374 0 0 0 0 0
-1.94419 0.0749216 0 0 0 0 0
-1.94289 0.0755086 0 0 0 0 0
-1.94159 0.0760986 0 0 0 0 0
-1.94028 0.0766914 0 0 0 0 0
-1.93898 0.0772871 0 0 0 0 0
-1.93768 0.0778856 0 0 0 0 0
-1.93638 0.078487 0 0 0 0 0
-1.93507 0.0790914 0 0 0 0 0
-1.93377 0.0796986 0 0 0 0 0
-1.93247 0.0803087 0 0 0 0 0
-1.93117 0.0809217 0 0 0 0 0
-1.92987 0.0815376 0 0 0 0 0
-1.92856 0.0821564 0 0 0 0 0
-1.92726 0.0827781 0 0 0 0 0
-1.92596 0.0834029 0 0 0 0 0
-1.92466 0.0840305 0 0 0 0 0
-1.92335 0.0846611 0 0 0 0 0
-1.92205 0.0852945 0 0 0 0 0
-1.92075 0.0859308 0 0 0 0 0
-1.91945 0.0865702 0 0 0 0 0
-1.91814 0.0872124 0 0 0 0 0
-1.91684 0.0878577 0 0 0 0 0
-1.91554 0.0885059 0 0 0 0 0
-1.91424 0.089157 0 0 0 0 0
-1.91293 0.0898111 0 0 0 0 0
-1.91163 0.0904682 0 0 0 0 0
-1.91033 0.0911283 0 0 0 0 0
-1.90903 0.0917914 0 0 0 0 0
-1.90773 0.0924575 0 0 0 0 0
-1.90642 0.0931266 0 0 0 0 0
-1.90512 0.0937987 0 0 0 0 0
-1.90382 0.0944738 0 0 0 0 0
-1.90252 0.0951519 0 0 0 0 0
-1.90121 0.0958331 0 0 0 0 0
-1.89991 0.0965172 0 0 0 0 0
-1.89861 0.0972044 0 0 0 0 0
-1.89731 0.0978946 0 0 0 0 0
-1.896 0.0985881 0 0 0 0 0
-1.8947 0.0992847 0 0 0 0 0
-1.8934 0.0999838 0 0 0 0 0
-1.8921 0.100684 0 0 0 0 0
-1.8908 0.101388 0 0 0 0 0
-1.88949 0.102099 0 0 0 0 0
-1.88819 0.102821 0 0 0 0 0
-1.88689 0.103548 0 0 0 0 0
-1.88559 0.104278 0 0 0 0 0
-1.88428 0.105008 0 0 0 0 0
-1.88298 0.10574 0 0 0 0 0
-1.88168 0.106476 0 0 0 0 0
-1.88038 0.107216 0 0 0 0 0
-1.87907 0.10796 0 0 0 0 0
-1.87777 0.108707 0 0 0 0 0
-1.87647 0.109457 0 0 0 0 0
-1.87517 0.110211 0 0 0 0 0
-1.87386 0.110969 0 0 0 0 0
-1.87256 0.111731 0 0 0 0 0
-1.87126 0.112496 0 0 0 0 0
-1.86996 0.113264 0 0 0 0 0
-1.86866 0.114037 0 0 0 0 0
-1.86735 0.114813 0 0 0 0 0
-1.86605 0.115593 0 0 0 0 0
-1.86475 0.116377 0 0 0 0 0
-1.86345 0.117164 0 0 0 0 0
-1.86214 0.117955 0 0 0 0 0
-1.86084 0.118749 0 0 0 0 0
-1.85954 0.119548 0 0 0 0 0
-1.85824 0.12035 0 0 0 0 0
-1.85693 0.121156 0 0 0 0 0
-1.85563 0.121965 0 0 0 0 0
-1.85433 0.122779 0 0 0 0 0
-1.85303 0.123596 0 0 0 0 0
-1.85173 0.124417 0 0 0 0 0
-1.85042 0.125241 0 0 0 0 0
-1.84912 0.126069 0 0 0 0 0
-1.84782 0.126901 0 0 0 0 0
-1.84652 0.127737 0 0 0 0 0
-1.84521 0.128577 0 0 0 0 0
-1.84391 0.12942 0 0 0 0 0
-1.84261 0.130267 0 0 0 0 0
-1.84131 0.131119 0 0 0 0 0
-1.84 0.131976 0 0 0 0 0
-1.8387 0.132836 0 0 0 0 0
-1.8374 0.1337 0 0 0 0 0
-1.8361 0.134568 0 0 0 0 0
-1.8348 0.135439 0 0 0 0 0
-1.83349 0.136314 0 0 0 0 0
-1.83219 0.137193 0 0 0 0 0
-1.83089 0.138076 0 0 0 0 0
-1.82959 0.138964 0 0 0 0 0
-1.82828 0.139856 0 0 0 0 0
-1.82698 0.140753 0 0 0 0 0
-1.82568 0.141654 0 0 0 0 0
-1.82438 0.142558 0 0 0 0 0
-1.82307 0.143467 0 0 0 0 0
-1.82177 0.144379 0 0 0 0 0
-1.82047 0.145295 0 0 0 0 0
-1.81917 0.146216 0 0 0 0 0
-1.81786 0.147141 0 0 0 0 0
-1.81656 0.14807 0 0 0 0 0
-1.81526 0.149003 0 0 0 0 0
-1.81396 0.14994 0 0 0 0 0
-1.81266 0.150881 0 0 0 0 0
-1.81135 0.151827 0 0 0 0 0
-1.81005 0.152777 0 0 0 0 0
-1.80875 0.15373 0 0 0 0 0
-1.80745 0.154688 0 0 0 0 0
-1.80614 0.155651 0 0 0 0 0
-1.80484 0.156618 0 0 0 0 0
-1.80354 0.157585 0 0 0 0 0
-1.80224 0.158558 0 0 0 0 0
-1.80093 0.159554 0 0 0 0 0
-1.79963 0.160578 0 0 0 0 0
-1.79833 0.161609 0 0 0 0 0
-1.79703 0.162633 0 0 0 0 0
-1.79573 0.163657 0 0 0 0 0
-1.79442 0.164691 0 0 0 0 0
-1.79312 0.165731 0 0 0 0 0
-1.79182 0.166777 0 0 0 0 0
-1.79052 0.167829 0 0 0 0 0
-1.78921 0.168888 0 0 0 0 0
-1.78791 0.169953 0 0 0 0 0
-1.78661 0.171024 0 0 0 0 0
-1.78531 0.172103 0 0 0 0 0
-1.784 0.173187 0 0 0 0 0
-1.7827 0.174278 0 0 0 0 0
-1.7814 0.175375 0 0 0 0 0
-1.7801 0.176479 0 0 0 0 0
-1.77879 0.17759 0 0 0 0 0
-1.77749 0.178707 0 0 0 0 0
-1.77619 0.179831 0 0 0 0 0
-1.77489 0.180963 0 0 0 0 0
-1.77359 0.182104 0 0 0 0 0
-1.77228 0.183252 0 0 0 0 0
-1.77098 0.184406 0 0 0 0 0
-1.76968 0.185566 0 0 0 0 0
-1.76838 0.186733 0 0 0 0 0
-1.76707 0.187907 0 0 0 0 0
-1.76577 0.189088 0 0 0 0 0
-1.76447 0.190276 0 0 0 0 0
-1.76317 0.191471 0 0 0 0 0
-1.76186 0.192672 0 0 0 0 0
-1.76056 0.19388 0 0 0 0 0
-1.75926 0.195097 0 0 0 0 0
-1.75796 0.196322 0 0 0 0 0
-1.75666 0.197546 0 0 0 0 0
-1.75535 0.198774 0 0 0 0 0
-1.75405 0.200043 0 0 0 0 0
-1.75275 0.201358 0 0 0 0 0
-1.75145 0.202672 0 0 0 0 0
-1.75014 0.203971 0 0 0 0 0
-1.74884 0.205276 0 0 0 0 0
-1.74754 0.206596 0 0 0 0 0
-1.74624 0.207926 0 0 0 0 0
-1.74493 0.209264 0 0 0 0 0
-1.74363 0.210612 0 0 0 0 0
-1.74233 0.21197 0 0 0 0 0
-1.74103 0.213338 0 0 0 0 0
-1.73972 0.214715 0 0 0 0 0
-1.73842 0.216102 0 0 0 0 0
-1.73712 0.217499 0 0 0 0 0
-1.73582 0.218906 0 0 0 0 0
-1.73452 0.220323 0 0 0 0 0
-1.73321 0.22175 0 0 0 0 0
-1.73191 0.223187 0 0 0 0 0
-1.73061 0.224633 0 0 0 0 0
-1.72931 0.22609 0 0 0 0 0
-1.728 0.227556 0 0 0 0 0
-1.7267 0.229033 0 0 0 0 0
-1.7254 0.230519 0 0 0 0 0
-1.7241 0.232016 0 0 0 0 0
-1.72279 0.233522 0 0 0 0 0
-1.72149 0.235039 0 0 0 0 0
-1.72019 0.236565 0 0 0 0 0
-1.71889 0.238101 0 0 0 0 0
-1.71759 0.239648 0 0 0 0 0
-1.71628 0.241204 0 0 0 0 0
-1.71498 0.24277 0 0 0 0 0
-1.71368 0.244347 0 0 0 0 0
-1.71238 0.245933 0 0 0 0 0
-1.71107 0.24753 0 0 0 0 0
-1.70977 0.249137 0 0 0 0 0
-1.70847 0.250754 0 0 0 0 0
-1.70717 0.25238 0 0 0 0 0
-1.70586 0.254017 0 0 0 0 0
-1.70456 0.25567 0 0 0 0 0
-1.70326 0.257336 0 0 0 0 0
-1.70196 0.259011 0 0 0 0 0
-1.70065 0.260694 0 0 0 0 0
-1.69935 0.262389 0 0 0 0 0
-1.69805 0.264094 0 0 0 0 0
-1.69675 0.265811 0 0 0 0 0
-1.69545 0.267537 0 0 0 0 0
-1.69414 0.269274 0 0 0 0 0
-1.69284 0.271023 0 0 0 0 0
-1.69154 0.272785 0 0 0 0 0
-1.69024 0.274561 0 0 0 0 0
-1.68893 0.276346 0 0 0 0 0
-1.68763 0.278141 0 0 0 0 0
-1.68633 0.279948 0 0 0 0 0
-1.68503 0.281766 0 0 0 0 0
-1.68372 0.283595 0 0 0 0 0
-1.68242 0.285436 0 0 0 0 0
-1.68112 0.287288 0 0 0 0 0
-1.67982 0.289151 0 0 0 0 0
-1.67852 0.291025 0 0 0 0 0
-1.67721 0.292911 0 0 0 0 0
-1.67591 0.294808 0 0 0 0 0
-1.67461 0.296716 0 0 0 0 0
-1.67331 0.298635 0 0 0 0 0
-1.672 0.300566 0 0 0 0 0
-1.6707 0.302509 0 0 0 0 0
-1.6694 0.304463 0 0 0 0 0
-1.6681 0.306428 0 0 0 0 0
-1.66679 0.308404 0 0 0 0 0
-1.66549 0.310392 0 0 0 0 0
-1.66419 0.312392 0 0 0 0 0
-1.66289 0.314404 0 0 0 0 0
-1.66158 0.316427 0 0 0 0 0
-1.66028 0.318462 0 0 0 0 0
-1.65898 0.320508 0 0 0 0 0
-1.65768 0.322566 0 0 0 0 0
-1.65638 0.324635 0 0 0 0 0
-1.65507 0.326716 0 0 0 0 0
-1.65377 0.328809 0 0 0 0 0
-1.65247 0.33091 0 0 0 0 0
-1.65117 0.333034 0 0 0 0 0
-1.64986 0.335183 0 0 0 0 0
-1.64856 0.337338 0 0 0 0 0
-1.64726 0.339502 0 0 0 0 0
-1.64596 0.341681 0 0 0 0 0
-1.64465 0.343872 0 0 0 0 0
-1.64335 0.346076 0 0 0 0 0
-1.64205 0.348294 0 0 0 0 0
-1.64075 0.350524 0 0 0 0 0
-1.63945 0.352768 0 0 0 0 0
-1.63814 0.355025 0 0 0 0 0
-1.63684 0.357295 0 0 0 0 0
-1.63554 0.359579 0 0 0 0 0
-1.63424 0.361875 0 0 0 0 0
-1.63293 0.364185 0 0 0 0 0
-1.63163 0.366511 0 0 0 0 0
-1.63033 0.368851 0 0 0 0 0
-1.62903 0.371205 0 0 0 0 0
-1.62772 0.373573 0 0 0 0 0
-1.62642 0.375953 0 0 0 0 0
-1.62512 0.378348 0 0 0 0 0
-1.62382 0.380756 0 0 0 0 0
-1.62251 0.383178 0 0 0 0 0
-1.62121 0.385614 0 0 0 0 0
-1.61991 0.388063 0 0 0 0 0
-1.61861 0.390527 0 0 0 0 0
-1.61731 0.393004 0 0 0 0 0
-1.616 0.395495 0 0 0 0 0
-1.6147 0.398001 0 0 0 0 0
-1.6134 0.40052 0 0 0 0 0
-1.6121 0.403054 0 0 0 0 0
-1.61079 0.405601 0 0 0 0 0
-1.60949 0.408162 0 0 0 0 0
-1.60819 0.410737 0 0 0 0 0
-1.60689 0.413327 0 0 0 0 0
-1.60558 0.415931 0 0 0 0 0
-1.60428 0.418547 0 0 0 0 0
-1.60298 0.421179 0 0 0 0 0
-1.60168 0.423827 0 0 0 0 0
-1.60038 0.426485 0 0 0 0 0
-1.59907 0.429159 0 0 0 0 0
-1.59777 0.431848 0 0 0 0 0
-1.59647 0.434551 0 0 0 0 0
-1.59517 0.437269 0 0 0 0 0
-1.59386 0.439998 0 0 0 0 0
-1.59256 0.442744 0 0 0 0 0
-1.59126 0.445505 0 0 0 0 0
-1.58996 0.448278 0 0 0 0 0
-1.58865 0.451067 0 0 0 0 0
-1.58735 0.453867 0 0 0 0 0
-1.58605 0.456684 0 0 0 0 0
-1.58475 0.459516 0 0 0 0 0
-1.58344 0.462361 0 0 0 0 0
-1.58214 0.465224 0 0 0 0 0
-1.58084 0.468097 0 0 0 0 0
-1.57954 0.470984 0 0 0 0 0
-1.57824 0.473889 0 0 0 0 0
-1.57693 0.476809 0 0 0 0 0
-1.57563 0.479741 0 0 0 0 0
-1.57433 0.482687 0 0 0 0 0
-1.57303 0.485649 0 0 0 0 0
-1.57172 0.488626 0 0 0 0 0
-1.57042 0.491618 0 0 0 0 0
-1.56912 0.494626 0 0 0 0 0
-1.56782 0.497646 0 0 0 0 0
-1.56651 0.50068 0 0 0 0 0
-1.56521 0.503731 0 0 0 0 0
-1.56391 0.506796 0 0 0 0 0
-1.56261 0.509873 0 0 0 0 0
-1.56131 0.512969 0 0 0 0 0
-1.56 0.516079 0 0 0 0 0
-1.5587 0.519202 0 0 0 0 0
-1.5574 0.522342 0 0 0 0 0
-1.5561 0.525496 0 0 0 0 0
-1.55479 0.528667 0 0 0 0 0
-1.55349 0.531851 0 0 0 0 0
-1.55219 0.535049 0 0 0 0 0
-1.55089 0.538263 0 0 0 0 0
-1.54958 0.541492 0 0 0 0 0
-1.54828 0.544737 0 0 0 0 0
-1.54698 0.547999 0 0 0 0 0
-1.54568 0.551273 0 0 0 0 0
-1.54437 0.554564 0 0 0 0 0
-1.54307 0.557871 0 0 0 0 0
-1.54177 0.561191 0 0 0 0 0
-1.54047 0.564525 0 0 0 0 0
-1.53917 0.567878 0 0 0 0 0
-1.53786 0.571243 0 0 0 0 0
-1.53656 0.574628 0 0 0 0 0
-1.53526 0.578027 0 0 0 0 0
-1.53396 0.58144 0 0 0 0 0
-1.53265 0.584869 0 0 0 0 0
-1.53135 0.588315 0 0 0 0 0
-1.53005 0.591777 0 0 0 0 0
-1.52875 0.595255 0 0 0 0 0
-1.52744 0.598746 0 0 0 0 0
-1.52614 0.602256 0 0 0 0 0
-1.52484 0.60578 0 0 0 0 0
-1.52354 0.60932 0 0 0 0 0
-1.52224 0.612876 0 0 0 0 0
-1.52093 0.616447 0 0 0 0 0
-1.51963 0.620033 0 0 0 0 0
-1.51833 0.623638 0 0 0 0 0
-1.51703 0.627257 0 0 0 0 0
-1.51572 0.630892 0 0 0 0 0
-1.51442 0.634543 0 0 0 0 0
-1.51312 0.638211 0 0 0 0 0
-1.51182 0.641896 0 0 0 0 0
-1.51051 0.645598 0 0 0 0 0
-1.50921 0.649313 0 0 0 0 0
-1.50791 0.653046 0 0 0 0 0
-1.50661 0.656797 0 0 0 0 0
-1.5053 0.660561 0 0 0 0 0
-1.504 0.664343 0 0 0 0 0
-1.5027 0.668142 0 0 0 0 0
-1.5014 0.671956 0 0 0 0 0
-1.5001 0.675786 0 0 0 0 0
-1.49879 0.679635 0 0 0 0 0
-1.49749 0.683498 0 0 0 0 0
-1.49619 0.687378 0 0 0 0 0
-1.49489 0.691276 0 0 0 0 0
-1.49358 0.69519 0 0 0 0 0
-1.49228 0.699121 0 0 0 0 0
-1.49098 0.70307 0 0 0 0 0
-1.48968 0.707033 0 0 0 0 0
-1.48837 0.711015 0 0 0 0 0
-1.48707 0.715013 0 0 0 0 0
-1.48577 0.719027 0 0 0 0 0
-1.48447 0.723059 0 0 0 0 0
-1.48317 0.727108 0 0 0 0 0
-1.48186 0.731175 0 0 0 0 0
-1.48056 0.735256 0 0 0 0 0
-1.47926 0.739357 0 0 0 0 0
-1.47796 0.743474 0 0 0 0 0
-1.47665 0.747607 0 0 0 0 0
-1.47535 0.751758 0 0 0 0 0
-1.47405 0.755927 0 0 0 0 0
-1.47275 0.76011 0 0 0 0 0
-1.47144 0.764314 0 0 0 0 0
-1.47014 0.768534 0 0 0 0 0
-1.46884 0.77277 0 0 0 0 0
-1.46754 0.777024 0 0 0 0 0
-1.46623 0.781296 0 0 0 0 0
-1.46493 0.785586 0 0 0 0 0
-1.46363 0.789895 0 0 0 0 0
-1.46233 0.794218 0 0 0 0 0
-1.46103 0.798559 0 0 0 0 0
-1.45972 0.802921 0 0 0 0 0
-1.45842 0.807298 0 0 0 0 0
-1.45712 0.81169 0 0 0 0 0
-1.45582 0.816104 0 0 0 0 0
-1.45451 0.820536 0 0 0 0 0
-1.45321 0.824982 0 0 0 0 0
-1.45191 0.829448 0 0 0 0 0
-1.45061 0.833931 0 0 0 0 0
-1.4493 0.838433 0 0 0 0 0
-1.448 0.842954 0 0 0 0 0
-1.4467 0.847492 0 0 0 0 0
-1.4454 0.852046 0 0 0 0 0
-1.4441 0.856619 0 0 0 0 0
-1.44279 0.86121 0 0 0 0 0
-1.44149 0.865821 0 0 0 0 0
-1.44019 0.87045 0 0 0 0 0
-1.43889 0.875095 0 0 0 0 0
-1.43758 0.879758 0 0 0 0 0
-1.43628 0.884443 0 0 0 0 0
-1.43498 0.889141 0 0 0 0 0
-1.43368 0.893862 0 0 0 0 0
-1.43237 0.898599 0 0 0 0 0
-1.43107 0.903354 0 0 0 0 0
-1.42977 0.908128 0 0 0 0 0
-1.42847 0.912921 0 0 0 0 0
-1.42717 0.917733 0 0 0 0 0
-1.42586 0.922562 0 0 0 0 0
-1.42456 0.927412 0 0 0 0 0
-1.42326 0.932279 0 0 0 0 0
-1.42196 0.937164 0 0 0 0 0
-1.42065 0.942068 0 0 0 0 0
-1.41935 0.946991 0 0 0 0 0
-1.41805 0.951935 0 0 0 0 0
-1.41675 0.956896 0 0 0 0 0
-1.41544 0.961874 0 0 0 0 0
-1.41414 0.966873 0 0 0 0 0
-1.41284 0.97189 0 0 0 0 0
-1.41154 0.976926 0 0 0 0 0
-1.41023 0.981982 0 0 0 0 0
-1.40893 0.987058 0 0 0 0 0
-1.40763 0.992151 0 0 0 0 0
-1.40633 0.997263 0 0 0 0 0
-1.40503 1.0024 0 0 0 0 0
-1.40372 1.00755 0 0 0 0 0
-1.40242 1.01272 0 0 0 0 0
-1.40112 1.01791 0 0 0 0 0
-1.39982 1.02312 0 0 0 0 0
-1.39851 1.02836 0 0 0 0 0
-1.39721 1.03361 0 0 0 0 0
-1.39591 1.03887 0 0 0 0 0
-1.39461 1.04416 0 0 0 0 0
-1.3933 1.04947 0 0 0 0 0
-1.392 1.0548 0 0 0 0 0
-1.3907 1.06015 0 0 0 0 0
-1.3894 1.06552 0 0 0 0 0
-1.3881 1.07091 0 0 0 0 0
-1.38679 1.07631 0 0 0 0 0
-1.38549 1.08174 0 0 0 0 0
-1.38419 1.08719 0 0 0 0 0
-1.38289 1.09266 0 0 0 0 0
-1.38158 1.09815 0 0 0 0 0
-1.38028 1.10366 0 0 0 0 0
-1.37898 1.10919 0 0 0 0 0
-1.37768 1.11474 0 0 0 0 0
-1.37637 1.12031 0 0 0 0 0
-1.37507 1.1259 0 0 0 0 0
-1.37377 1.13151 0 0 0 0 0
-1.37247 1.13715 0 0 0 0 0
-1.37116 1.1428 0 0 0 0 0
-1.36986 1.14847 0 0 0 0 0
-1.36856 1.15417 0 0 0 0 0
-1.36726 1.15988 0 0 0 0 0
-1.36596 1.16561 0 0 0 0 0
-1.36465 1.17137 0 0 0 0 0
-1.36335 1.17715 0 0 0 0 0
-1.36205 1.18295 0 0 0 0 0
-1.36075 1.18876 0 0 0 0 0
-1.35944 1.1946 0 0 0 0 0
-1.35814 1.20046 0 0 0 0 0
-1.35684 1.20635 0 0 0 0 0
-1.35554 1.21225 0 0 0 0 0
-1.35423 1.21818 0 0 0 0 0
-1.35293 1.22412 0 0 0 0 0
-1.35163 1.23009 0 0 0 0 0
-1.35033 1.23607 0 0 0 0 0
-1.34903 1.24209 0 0 0 0 0
-1.34772 1.24811 0 0 0 0 0
-1.34642 1.25417 0 0 0 0 0
-1.34512 1.26024 0 0 0 0 0
-1.34382 1.26634 0 0 0 0 0
-1.34251 1.27245 0 0 0 0 0
-1.34121 1.27859 0 0 0 0 0
-1.33991 1.28475 0 0 0 0 0
-1.33861 1.29094 0 0 0 0 0
-1.3373 1.29714 0 0 0 0 0
-1.336 1.30336 0 0 0 0 0
-1.3347 1.30961 0 0 0 0 0
-1.3334 1.31588 0 0 0 0 0
-1.33209 1.32217 0 0 0 0 0
-1.33079 1.32849 0 0 0 0 0
-1.32949 1.33483 0 0 0 0 0
-1.32819 1.34118 0 0 0 0 0
-1.32689 1.34756 0 0 0 0 0
-1.32558 1.35397 0 0 0 0 0
-1.32428 1.36039 0 0 0 0 0
-1.32298 1.36684 0 0 0 0 0
-1.32168 1.37331 0 0 0 0 0
-1.32037 1.3798 0 0 0 0 0
-1.31907 1.38632 0 0 0 0 0
-1.31777 1.39286 0 0 0 0 0
-1.31647 1.39941 0 0 0 0 0
-1.31516 1.406 0 0 0 0 0
-1.31386 1.4126 0 0 0 0 0
-1.31256 1.41923 0 0 0 0 0
-1.31126 1.42588 0 0 0 0 0
-1.30996 1.43256 0 0 0 0 0
-1.30865 1.43926 0 0 0 0 0
-1.30735 1.44598 0 0 0 0 0
-1.30605 1.45272 0 0 0 0 0
-1.30475 1.45949 0 0 0 0 0
-1.30344 1.46628 0 0 0 0 0
-1.30214 1.47309 0 0 0 0 0
-1.30084 1.47993 0 0 0 0 0
-1.29954 1.48678 0 0 0 0 0
-1.29823 1.49367 0 0 0 0 0
-1.29693 1.50057 0 0 0 0 0
-1.29563 1.5075 0 0 0 0 0
-1.29433 1.51446 0 0 0 0 0
-1.29302 1.52144 0 0 0 0 0
-1.29172 1.52844 0 0 0 0 0
-1.29042 1.53546 0 0 0 0 0
-1.28912 1.54251 0 0 0 0 0
-1.28782 1.54958 0 0 0 0 0
-1.28651 1.55668 0 0 0 0 0
-1.28521 1.5638 0 0 0 0 0
-1.28391 1.57095 0 0 0 0 0
-1.28261 1.57811 0 0 0 0 0
-1.2813 1.58531 0 0 0 0 0
-1.28 1.59252 0 0 0 0 0
-1.2787 1.59977 0 0 0 0 0
-1.2774 1.60703 0 0 0 0 0
-1.27609 1.61432 0 0 0 0 0
-1.27479 1.62164 0 0 0 0 0
-1.27349 1.62898 0 0 0 0 0
-1.27219 1.63634 0 0 0 0 0
-1.27089 1.64373 0 0 0 0 0
-1.26958 1.65114 0 0 0 0 0
-1.26828 1.65858 0 0 0 0 0
-1.26698 1.66604 0 0 0 0 0
-1.26568 1.67353 0 0 0 0 0
-1.26437 1.68104 0 0 0 0 0
-1.26307 1.68858 0 0 0 0 0
-1.26177 1.69614 0 0 0 0 0
-1.26047 1.70373 0 0 0 0 0
-1.25916 1.71134 0 0 0 0 0
-1.25786 1.71898 0 0 0 0 0
-1.25656 1.72664 0 0 0 0 0
-1.25526 1.73433 0 0 0 0 0
-1.25395 1.74204 0 0 0 0 0
-1.25265 1.74979 0 0 0 0 0
-1.25135 1.75755 0 0 0 0 0
-1.25005 1.76534 0 0 0 0 0
-1.24875 1.77315 0 0 0 0 0
-1.24744 1.781 0 0 0 0 0
-1.24614 1.78887 0 0 0 0 0
-1.24484 1.79677 0 0 0 0 0
-1.24354 1.80468 0 0 0 0 0
-1.24223 1.81263 0 0 0 0 0
-1.24093 1.82059 0 0 0 0 0
-1.23963 1.82861 0 0 0 0 0
-1.23833 1.83663 0 0 0 0 0
-1.23702 1.84467 0 0 0 0 0
-1.23572 1.85275 0 0 0 0 0
-1.23442 1.86086 0 0 0 0 0
-1.23312 1.86899 0 0 0 0 0
-1.23182 1.87714 0 0 0 0 0
-1.23051 1.88532 0 0 0 0 0
-1.22921 1.89354 0 0 0 0 0
-1.22791 1.90177 0 0 0 0 0
-1.22661 1.91003 0 0 0 0 0
-1.2253 1.91832 0 0 0 0 0
-1.224 1.92664 0 0 0 0 0
-1.2227 1.93499 0 0 0 0 0
-1.2214 1.94336 0 0 0 0 0
-1.22009 1.95176 0 0 0 0 0
-1.21879 1.96018 0 0 0 0 0
-1.21749 1.96863 0 0 0 0 0
-1.21619 1.97712 0 0 0 0 0
-1.21488 1.98563 0 0 0 0 0
-1.21358 1.99416 0 0 0 0 0
-1.21228 2.00272 0 0 0 0 0
-1.21098 2.01131 0 0 0 0 0
-1.20968 2.01994 0 0 0 0 0
-1.20837 2.02857 0 0 0 0 0
-1.20707 2.03725 0 0 0 0 0
-1.20577 2.04596 0 0 0 0 0
-1.20447 2.05468 0 0 0 0 0
-1.20316 2.06344 0 0 0 0 0
-1.20186 2.07223 0 0 0 0 0
-1.20056 2.08104 0 0 0 0 0
-1.19926 2.08988 0 0 0 0 0
-1.19795 2.09875 0 0 0 0 0
-1.19665 2.10765 0 0 0 0 0
-1.19535 2.11657 0 0 0 0 0
-1.19405 2.12554 0 0 0 0 0
-1.19275 2.13452 0 0 0 0 0
-1.19144 2.14353 0 0 0 0 0
-1.19014 2.15258 0 0 0 0 0
-1.18884 2.16165 0 0 0 0 0
-1.18754 2.17075 0 0 0 0 0
-1.18623 2.17987 0 0 0 0 0
-1.18493 2.18903 0 0 0 0 0
-1.18363 2.19822 0 0 0 0 0
-1.18233 2.20743 0 0 0 0 0
-1.18102 2.21668 0 0 0 0 0
-1.17972 2.22596 0 0 0 0 0
-1.17842 2.23526 0 0 0 0 0
-1.17712 2.2446 0 0 0 0 0
-1.17581 2.25396 0 0 0 0 0
-1.17451 2.26336 0 0 0 0 0
-1.17321 2.27278 0 0 0 0 0
-1.17191 2.28224 0 0 0 0 0
-1.17061 2.29171 0 0 0 0 0
-1.1693 2.30123 0 0 0 0 0
-1.168 2.31077 0 0 0 0 0
-1.1667 2.32034 0 0 0 0 0
-1.1654 2.32995 0 0 0 0 0
-1.16409 2.33958 0 0 0 0 0
-1.16279 2.34925 0 0 0 0 0
-1.16149 2.35894 0 0 0 0 0
-1.16019 2.36867 0 0 0 0 0
-1.15888 2.37843 0 0 0 0 0
-1.15758 2.38821 0 0 0 0 0
-1.15628 2.39802 0 0 0 0 0
-1.15498 2.40787 0 0 0 0 0
-1.15368 2.41776 0 0 0 0 0
-1.15237 2.42766 0 0 0 0 0
-1.15107 2.4376 0 0 0 0 0
-1.14977 2.44758 0 0 0 0 0
-1.14847 2.45758 0 0 0 0 0
-1.14716 2.46761 0 0 0 0 0
-1.14586 2.47768 0 0 0 0 0
-1.14456 2.48777 0 0 0 0 0
-1.14326 2.4979 0 0 0 0 0
-1.14195 2.50806 0 0 0 0 0
-1.14065 2.51826 0 0 0 0 0
-1.13935 2.52849 0 0 0 0 0
-1.13805 2.53874 0 0 0 0 0
-1.13674 2.54902 0 0 0 0 0
-1.13544 2.55936 0 0 0 0 0
-1.13414 2.56971 0 0 0 0 0
-1.13284 2.58009 0 0 0 0 0
-1.13154 2.59051 0 0 0 0 0
-1.13023 2.60096 0 0 0 0 0
-1.12893 2.61144 0 0 0 0 0
-1.12763 2.62195 0 0 0 0 0
-1.12633 2.6325 0 0 0 0 0
-1.12502 2.64308 0 0 0 0 0
-1.12372 2.6537 0 0 0 0 0
-1.12242 2.66434 0 0 0 0 0
-1.12112 2.67502 0 0 0 0 0
-1.11981 2.68573 0 0 0 0 0
-1.11851 2.69648 0 0 0 0 0
-1.11721 2.70726 0 0 0 0 0
-1.11591 2.71807 0 0 0 0 0
-1.11461 2.72891 0 0 0 0 0
-1.1133 2.73979 0 0 0 0 0
-1.112 2.7507 0 0 0 0 0
-1.1107 2.76165 0 0 0 0 0
-1.1094 2.77264 0 0 0 0 0
-1.10809 2.78365 0 0 0 0 0
-1.10679 2.7947 0 0 0 0 0
-1.10549 2.80578 0 0 0 0 0
-1.10419 2.81689 0 0 0 0 0
-1.10288 2.82805 0 0 0 0 0
-1.10158 2.83923 0 0 0 0 0
-1.10028 2.85045 0 0 0 0 0
-1.09898 2.8617 0 0 0 0 0
-1.09767 2.873 0 0 0 0 0
-1.09637 2.88431 0 0 0 0 0
-1.09507 2.89567 0 0 0 0 0
-1.09377 2.90706 0 0 0 0 0
-1.09247 2.9185 0 0 0 0 0
-1.09116 2.92995 0 0 0 0 0
-1.08986 2.94145 0 0 0 0 0
-1.08856 2.95299 0 0 0 0 0
-1.08726 2.96456 0 0 0 0 0
-1.08595 2.97616 0 0 0 0 0
-1.08465 2.9878 0 0 0 0 0
-1.08335 2.99948 0 0 0 0 0
-1.08205 3.01119 0 0 0 0 0
-1.08074 3.02294 0 0 0 0 0
-1.07944 3.03472 0 0 0 0 0
-1.07814 3.04654 0 0 0 0 0
-1.07684 3.0584 0 0 0 0 0
-1.07554 3.07028 0 0 0 0 0
-1.07423 3.08221 0 0 0 0 0
-1.07293 3.09418 0 0 0 0 0
-1.07163 3.10618 0 0 0 0 0
-1.07033 3.11821 0 0 0 0 0
-1.06902 3.13029 0 0 0 0 0
-1.06772 3.1424 0 0 0 0 0
-1.06642 3.15455 0 0 0 0 0
-1.06512 3.16673 0 0 0 0 0
-1.06381 3.17896 0 0 0 0 0
-1.06251 3.19121 0 0 0 0 0
-1.06121 3.2035 0 0 0 0 0
-1.05991 3.21584 0 0 0 0 0
-1.0586 3.22821 0 0 0 0 0
-1.0573 3.24062 0 0 0 0 0
-1.056 3.25306 0 0 0 0 0
-1.0547 3.26555 0 0 0 0 0
-1.0534 3.27807 0 0 0 0 0
-1.05209 3.29063 0 0 0 0 0
-1.05079 3.30323 0 0 0 0 0
-1.04949 3.31586 0 0 0 0 0
-1.04819 3.32853 0 0 0 0 0
-1.04688 3.34125 0 0 0 0 0
-1.04558 3.354 0 0 0 0 0
-1.04428 3.36679 0 0 0 0 0
-1.04298 3.37963 0 0 0 0 0
-1.04167 3.39249 0 0 0 0 0
-1.04037 3.4054 0 0 0 0 0
-1.03907 3.41834 0 0 0 0 0
-1.03777 3.43132 0 0 0 0 0
-1.03647 3.44435 0 0 0 0 0
-1.03516 3.45741 0 0 0 0 0
-1.03386 3.47052 0 0 0 0 0
-1.03256 3.48366 0 0 0 0 0
-1.03126 3.49684 0 0 0 0 0
-1.02995 3.51006 0 0 0 0 0
-1.02865 3.52332 0 0 0 0 0
-1.02735 3.53662 0 0 0 0 0
-1.02605 3.54997 0 0 0 0 0
-1.02474 3.56334 0 0 0 0 0
-1.02344 3.57676 0 0 0 0 0
-1.02214 3.59023 0 0 0 0 0
-1.02084 3.60374 0 0 0 0 0
-1.01953 3.61727 0 0 0 0 0
-1.01823 3.63086 0 0 0 0 0
-1.01693 3.64448 0 0 0 0 0
-1.01563 3.65815 0 0 0 0 0
-1.01433 3.67186 0 0 0 0 0
-1.01302 3.6856 0 0 0 0 0
-1.01172 3.69939 0 0 0 0 0
-1.01042 3.71322 0 0 0 0 0
-1.00912 3.72709 0 0 0 0 0
-1.00781 3.74101 0 0 0 0 0
-1.00651 3.75497 0 0 0 0 0
-1.00521 3.76896 0 0 0 0 0
-1.00391 3.783 0 0 0 0 0
-1.0026 3.79708 0 0 0 0 0
-1.0013 3.8112 0 0 0 0 0
-1 3.82537 0 0 0 0 0
