# Neutrino-13C charged current cross section (10^-38 cm^2/GeV) #
# log(energy in GeV)  nu_e      nu_mu      nu_tau      nu_e_bar      nu_mu_bar    nu_tau_bar #

-2.647817  6.733333e-06  0.000000e+00  0.000000e+00  0.000000e+00  0.000000e+00  0.000000e+00
-2.646170  8.489499e-06  0.000000e+00  0.000000e+00  0.000000e+00  0.000000e+00  0.000000e+00
-2.644522  1.042465e-05  0.000000e+00  0.000000e+00  0.000000e+00  0.000000e+00  0.000000e+00
-2.642874  1.253880e-05  0.000000e+00  0.000000e+00  0.000000e+00  0.000000e+00  0.000000e+00
-2.641226  1.483200e-05  0.000000e+00  0.000000e+00  0.000000e+00  0.000000e+00  0.000000e+00
-2.639578  1.730427e-05  0.000000e+00  0.000000e+00  0.000000e+00  0.000000e+00  0.000000e+00
-2.637931  1.995564e-05  0.000000e+00  0.000000e+00  0.000000e+00  0.000000e+00  0.000000e+00
-2.636283  2.278617e-05  0.000000e+00  0.000000e+00  0.000000e+00  0.000000e+00  0.000000e+00
-2.634635  2.579588e-05  0.000000e+00  0.000000e+00  0.000000e+00  0.000000e+00  0.000000e+00
-2.632987  2.898482e-05  0.000000e+00  0.000000e+00  0.000000e+00  0.000000e+00  0.000000e+00
-2.631339  3.235304e-05  0.000000e+00  0.000000e+00  0.000000e+00  0.000000e+00  0.000000e+00
-2.629691  3.590058e-05  0.000000e+00  0.000000e+00  0.000000e+00  0.000000e+00  0.000000e+00
-2.628044  3.962750e-05  0.000000e+00  0.000000e+00  0.000000e+00  0.000000e+00  0.000000e+00
-2.626396  4.353385e-05  0.000000e+00  0.000000e+00  0.000000e+00  0.000000e+00  0.000000e+00
-2.624748  4.761969e-05  0.000000e+00  0.000000e+00  0.000000e+00  0.000000e+00  0.000000e+00
-2.623100  5.188507e-05  0.000000e+00  0.000000e+00  0.000000e+00  0.000000e+00  0.000000e+00
-2.621452  5.633005e-05  0.000000e+00  0.000000e+00  0.000000e+00  0.000000e+00  0.000000e+00
-2.619805  6.095471e-05  0.000000e+00  0.000000e+00  0.000000e+00  0.000000e+00  0.000000e+00
-2.618157  6.575911e-05  0.000000e+00  0.000000e+00  0.000000e+00  0.000000e+00  0.000000e+00
-2.616509  7.074330e-05  0.000000e+00  0.000000e+00  0.000000e+00  0.000000e+00  0.000000e+00
-2.614861  7.590738e-05  0.000000e+00  0.000000e+00  0.000000e+00  0.000000e+00  0.000000e+00
-2.613213  8.125141e-05  0.000000e+00  0.000000e+00  0.000000e+00  0.000000e+00  0.000000e+00
-2.611565  8.677547e-05  0.000000e+00  0.000000e+00  0.000000e+00  0.000000e+00  0.000000e+00
-2.609918  9.247964e-05  0.000000e+00  0.000000e+00  0.000000e+00  0.000000e+00  0.000000e+00
-2.608270  9.836400e-05  0.000000e+00  0.000000e+00  0.000000e+00  0.000000e+00  0.000000e+00
-2.606622  1.044286e-04  0.000000e+00  0.000000e+00  0.000000e+00  0.000000e+00  0.000000e+00
-2.604974  1.106736e-04  0.000000e+00  0.000000e+00  0.000000e+00  0.000000e+00  0.000000e+00
-2.603326  1.170991e-04  0.000000e+00  0.000000e+00  0.000000e+00  0.000000e+00  0.000000e+00
-2.601679  1.237051e-04  0.000000e+00  0.000000e+00  0.000000e+00  0.000000e+00  0.000000e+00
-2.600031  1.304917e-04  0.000000e+00  0.000000e+00  0.000000e+00  0.000000e+00  0.000000e+00
-2.598383  1.374591e-04  0.000000e+00  0.000000e+00  0.000000e+00  0.000000e+00  0.000000e+00
-2.596735  1.446073e-04  0.000000e+00  0.000000e+00  0.000000e+00  0.000000e+00  0.000000e+00
-2.595087  1.519364e-04  0.000000e+00  0.000000e+00  0.000000e+00  0.000000e+00  0.000000e+00
-2.593440  1.594466e-04  0.000000e+00  0.000000e+00  0.000000e+00  0.000000e+00  0.000000e+00
-2.591792  1.671380e-04  0.000000e+00  0.000000e+00  0.000000e+00  0.000000e+00  0.000000e+00
-2.590144  1.750106e-04  0.000000e+00  0.000000e+00  0.000000e+00  0.000000e+00  0.000000e+00
-2.588496  1.830646e-04  0.000000e+00  0.000000e+00  0.000000e+00  0.000000e+00  0.000000e+00
-2.586848  1.913001e-04  0.000000e+00  0.000000e+00  0.000000e+00  0.000000e+00  0.000000e+00
-2.585200  1.997172e-04  0.000000e+00  0.000000e+00  0.000000e+00  0.000000e+00  0.000000e+00
-2.583553  2.083160e-04  0.000000e+00  0.000000e+00  0.000000e+00  0.000000e+00  0.000000e+00
-2.581905  2.170967e-04  0.000000e+00  0.000000e+00  0.000000e+00  0.000000e+00  0.000000e+00
-2.580257  2.260594e-04  0.000000e+00  0.000000e+00  0.000000e+00  0.000000e+00  0.000000e+00
-2.578609  2.352042e-04  0.000000e+00  0.000000e+00  0.000000e+00  0.000000e+00  0.000000e+00
-2.576961  2.445313e-04  0.000000e+00  0.000000e+00  0.000000e+00  0.000000e+00  0.000000e+00
-2.575314  2.540407e-04  0.000000e+00  0.000000e+00  0.000000e+00  0.000000e+00  0.000000e+00
-2.573666  2.637326e-04  0.000000e+00  0.000000e+00  0.000000e+00  0.000000e+00  0.000000e+00
-2.572018  2.736072e-04  0.000000e+00  0.000000e+00  0.000000e+00  0.000000e+00  0.000000e+00
-2.570370  2.836646e-04  0.000000e+00  0.000000e+00  0.000000e+00  0.000000e+00  0.000000e+00
-2.568722  2.939049e-04  0.000000e+00  0.000000e+00  0.000000e+00  0.000000e+00  0.000000e+00
-2.567074  3.043284e-04  0.000000e+00  0.000000e+00  0.000000e+00  0.000000e+00  0.000000e+00
-2.565427  3.149350e-04  0.000000e+00  0.000000e+00  0.000000e+00  0.000000e+00  0.000000e+00
-2.563779  3.257251e-04  0.000000e+00  0.000000e+00  0.000000e+00  0.000000e+00  0.000000e+00
-2.562131  3.366987e-04  0.000000e+00  0.000000e+00  0.000000e+00  0.000000e+00  0.000000e+00
-2.560483  3.478560e-04  0.000000e+00  0.000000e+00  0.000000e+00  0.000000e+00  0.000000e+00
-2.558835  3.591972e-04  0.000000e+00  0.000000e+00  0.000000e+00  0.000000e+00  0.000000e+00
-2.557188  3.707224e-04  0.000000e+00  0.000000e+00  0.000000e+00  0.000000e+00  0.000000e+00
-2.555540  3.824318e-04  0.000000e+00  0.000000e+00  0.000000e+00  0.000000e+00  0.000000e+00
-2.553892  3.943256e-04  0.000000e+00  0.000000e+00  0.000000e+00  0.000000e+00  0.000000e+00
-2.552244  4.064039e-04  0.000000e+00  0.000000e+00  0.000000e+00  0.000000e+00  0.000000e+00
-2.550596  4.186669e-04  0.000000e+00  0.000000e+00  0.000000e+00  0.000000e+00  0.000000e+00
-2.548948  4.311148e-04  0.000000e+00  0.000000e+00  0.000000e+00  0.000000e+00  0.000000e+00
-2.547301  4.437478e-04  0.000000e+00  0.000000e+00  0.000000e+00  0.000000e+00  0.000000e+00
-2.545653  4.565660e-04  0.000000e+00  0.000000e+00  0.000000e+00  0.000000e+00  0.000000e+00
-2.544005  4.695697e-04  0.000000e+00  0.000000e+00  0.000000e+00  0.000000e+00  0.000000e+00
-2.542357  4.827589e-04  0.000000e+00  0.000000e+00  0.000000e+00  0.000000e+00  0.000000e+00
-2.540709  4.961340e-04  0.000000e+00  0.000000e+00  0.000000e+00  0.000000e+00  0.000000e+00
-2.539062  5.096951e-04  0.000000e+00  0.000000e+00  0.000000e+00  0.000000e+00  0.000000e+00
-2.537414  5.234424e-04  0.000000e+00  0.000000e+00  0.000000e+00  0.000000e+00  0.000000e+00
-2.535766  5.373760e-04  0.000000e+00  0.000000e+00  0.000000e+00  0.000000e+00  0.000000e+00
-2.534118  5.514963e-04  0.000000e+00  0.000000e+00  0.000000e+00  0.000000e+00  0.000000e+00
-2.532470  5.658034e-04  0.000000e+00  0.000000e+00  0.000000e+00  0.000000e+00  0.000000e+00
-2.530822  5.802974e-04  0.000000e+00  0.000000e+00  0.000000e+00  0.000000e+00  0.000000e+00
-2.529175  5.949787e-04  0.000000e+00  0.000000e+00  0.000000e+00  0.000000e+00  0.000000e+00
-2.527527  6.098474e-04  0.000000e+00  0.000000e+00  0.000000e+00  0.000000e+00  0.000000e+00
-2.525879  6.249038e-04  0.000000e+00  0.000000e+00  0.000000e+00  0.000000e+00  0.000000e+00
-2.524231  6.401480e-04  0.000000e+00  0.000000e+00  0.000000e+00  0.000000e+00  0.000000e+00
-2.522583  6.555803e-04  0.000000e+00  0.000000e+00  0.000000e+00  0.000000e+00  0.000000e+00
-2.520936  6.712009e-04  0.000000e+00  0.000000e+00  0.000000e+00  0.000000e+00  0.000000e+00
-2.519288  6.870100e-04  0.000000e+00  0.000000e+00  0.000000e+00  0.000000e+00  0.000000e+00
-2.517640  7.030078e-04  0.000000e+00  0.000000e+00  0.000000e+00  0.000000e+00  0.000000e+00
-2.515992  7.191946e-04  0.000000e+00  0.000000e+00  0.000000e+00  0.000000e+00  0.000000e+00
-2.514344  7.355707e-04  0.000000e+00  0.000000e+00  0.000000e+00  0.000000e+00  0.000000e+00
-2.512696  7.521362e-04  0.000000e+00  0.000000e+00  0.000000e+00  0.000000e+00  0.000000e+00
-2.511049  7.688913e-04  0.000000e+00  0.000000e+00  0.000000e+00  0.000000e+00  0.000000e+00
-2.509401  7.858365e-04  0.000000e+00  0.000000e+00  0.000000e+00  0.000000e+00  0.000000e+00
-2.507753  8.029717e-04  0.000000e+00  0.000000e+00  0.000000e+00  0.000000e+00  0.000000e+00
-2.506105  8.202974e-04  0.000000e+00  0.000000e+00  0.000000e+00  0.000000e+00  0.000000e+00
-2.504457  8.378138e-04  0.000000e+00  0.000000e+00  0.000000e+00  0.000000e+00  0.000000e+00
-2.502810  8.555211e-04  0.000000e+00  0.000000e+00  0.000000e+00  0.000000e+00  0.000000e+00
-2.501162  8.734195e-04  0.000000e+00  0.000000e+00  0.000000e+00  0.000000e+00  0.000000e+00
-2.499514  8.915094e-04  0.000000e+00  0.000000e+00  0.000000e+00  0.000000e+00  0.000000e+00
-2.497866  9.097910e-04  0.000000e+00  0.000000e+00  0.000000e+00  0.000000e+00  0.000000e+00
-2.496218  9.282646e-04  0.000000e+00  0.000000e+00  0.000000e+00  0.000000e+00  0.000000e+00
-2.494570  9.469304e-04  0.000000e+00  0.000000e+00  0.000000e+00  0.000000e+00  0.000000e+00
-2.492923  9.657886e-04  0.000000e+00  0.000000e+00  0.000000e+00  0.000000e+00  0.000000e+00
-2.491275  9.848396e-04  0.000000e+00  0.000000e+00  0.000000e+00  0.000000e+00  0.000000e+00
-2.489627  1.004084e-03  0.000000e+00  0.000000e+00  0.000000e+00  0.000000e+00  0.000000e+00
-2.487979  1.023521e-03  0.000000e+00  0.000000e+00  0.000000e+00  0.000000e+00  0.000000e+00
-2.486331  1.043152e-03  0.000000e+00  0.000000e+00  0.000000e+00  0.000000e+00  0.000000e+00
-2.484684  1.062977e-03  0.000000e+00  0.000000e+00  0.000000e+00  0.000000e+00  0.000000e+00
-2.483036  1.082996e-03  0.000000e+00  0.000000e+00  0.000000e+00  0.000000e+00  0.000000e+00
-2.481388  1.103209e-03  0.000000e+00  0.000000e+00  0.000000e+00  0.000000e+00  0.000000e+00
-2.479740  1.123618e-03  0.000000e+00  0.000000e+00  0.000000e+00  0.000000e+00  0.000000e+00
-2.478092  1.144221e-03  0.000000e+00  0.000000e+00  0.000000e+00  0.000000e+00  0.000000e+00
-2.476444  1.165019e-03  0.000000e+00  0.000000e+00  0.000000e+00  0.000000e+00  0.000000e+00
-2.474797  1.186014e-03  0.000000e+00  0.000000e+00  0.000000e+00  0.000000e+00  0.000000e+00
-2.473149  1.207204e-03  0.000000e+00  0.000000e+00  0.000000e+00  0.000000e+00  0.000000e+00
-2.471501  1.228590e-03  0.000000e+00  0.000000e+00  0.000000e+00  0.000000e+00  0.000000e+00
-2.469853  1.250173e-03  0.000000e+00  0.000000e+00  0.000000e+00  0.000000e+00  0.000000e+00
-2.468205  1.271953e-03  0.000000e+00  0.000000e+00  0.000000e+00  0.000000e+00  0.000000e+00
-2.466558  1.293930e-03  0.000000e+00  0.000000e+00  0.000000e+00  0.000000e+00  0.000000e+00
-2.464910  1.316104e-03  0.000000e+00  0.000000e+00  0.000000e+00  0.000000e+00  0.000000e+00
-2.463262  1.338476e-03  0.000000e+00  0.000000e+00  0.000000e+00  0.000000e+00  0.000000e+00
-2.461614  1.361047e-03  0.000000e+00  0.000000e+00  0.000000e+00  0.000000e+00  0.000000e+00
-2.459966  1.383816e-03  0.000000e+00  0.000000e+00  0.000000e+00  0.000000e+00  0.000000e+00
-2.458318  1.406783e-03  0.000000e+00  0.000000e+00  0.000000e+00  0.000000e+00  0.000000e+00
-2.456671  1.429950e-03  0.000000e+00  0.000000e+00  0.000000e+00  0.000000e+00  0.000000e+00
-2.455023  1.453316e-03  0.000000e+00  0.000000e+00  0.000000e+00  0.000000e+00  0.000000e+00
-2.453375  1.476882e-03  0.000000e+00  0.000000e+00  0.000000e+00  0.000000e+00  0.000000e+00
-2.451727  1.500648e-03  0.000000e+00  0.000000e+00  0.000000e+00  0.000000e+00  0.000000e+00
-2.450079  1.524615e-03  0.000000e+00  0.000000e+00  0.000000e+00  0.000000e+00  0.000000e+00
-2.448432  1.548782e-03  0.000000e+00  0.000000e+00  0.000000e+00  0.000000e+00  0.000000e+00
-2.446784  1.573150e-03  0.000000e+00  0.000000e+00  0.000000e+00  0.000000e+00  0.000000e+00
-2.445136  1.597720e-03  0.000000e+00  0.000000e+00  0.000000e+00  0.000000e+00  0.000000e+00
-2.443488  1.622492e-03  0.000000e+00  0.000000e+00  0.000000e+00  0.000000e+00  0.000000e+00
-2.441840  1.647466e-03  0.000000e+00  0.000000e+00  0.000000e+00  0.000000e+00  0.000000e+00
-2.440192  1.672643e-03  0.000000e+00  0.000000e+00  0.000000e+00  0.000000e+00  0.000000e+00
-2.438545  1.698023e-03  0.000000e+00  0.000000e+00  0.000000e+00  0.000000e+00  0.000000e+00
-2.436897  1.723605e-03  0.000000e+00  0.000000e+00  0.000000e+00  0.000000e+00  0.000000e+00
-2.435249  1.749392e-03  0.000000e+00  0.000000e+00  0.000000e+00  0.000000e+00  0.000000e+00
-2.433601  1.775383e-03  0.000000e+00  0.000000e+00  0.000000e+00  0.000000e+00  0.000000e+00
-2.431953  1.801578e-03  0.000000e+00  0.000000e+00  0.000000e+00  0.000000e+00  0.000000e+00
-2.430306  1.827977e-03  0.000000e+00  0.000000e+00  0.000000e+00  0.000000e+00  0.000000e+00
-2.428658  1.854582e-03  0.000000e+00  0.000000e+00  0.000000e+00  0.000000e+00  0.000000e+00
-2.427010  1.881393e-03  0.000000e+00  0.000000e+00  0.000000e+00  0.000000e+00  0.000000e+00
-2.425362  1.908410e-03  0.000000e+00  0.000000e+00  0.000000e+00  0.000000e+00  0.000000e+00
-2.423714  1.935632e-03  0.000000e+00  0.000000e+00  0.000000e+00  0.000000e+00  0.000000e+00
-2.422066  1.963062e-03  0.000000e+00  0.000000e+00  0.000000e+00  0.000000e+00  0.000000e+00
-2.420419  1.990699e-03  0.000000e+00  0.000000e+00  0.000000e+00  0.000000e+00  0.000000e+00
-2.418771  2.018543e-03  0.000000e+00  0.000000e+00  0.000000e+00  0.000000e+00  0.000000e+00
-2.417123  2.046595e-03  0.000000e+00  0.000000e+00  0.000000e+00  0.000000e+00  0.000000e+00
-2.415475  2.074855e-03  0.000000e+00  0.000000e+00  0.000000e+00  0.000000e+00  0.000000e+00
-2.413827  2.103325e-03  0.000000e+00  0.000000e+00  0.000000e+00  0.000000e+00  0.000000e+00
-2.412180  2.132003e-03  0.000000e+00  0.000000e+00  0.000000e+00  0.000000e+00  0.000000e+00
-2.410532  2.160891e-03  0.000000e+00  0.000000e+00  0.000000e+00  0.000000e+00  0.000000e+00
-2.408884  2.189989e-03  0.000000e+00  0.000000e+00  0.000000e+00  0.000000e+00  0.000000e+00
-2.407236  2.219297e-03  0.000000e+00  0.000000e+00  0.000000e+00  0.000000e+00  0.000000e+00
-2.405588  2.248816e-03  0.000000e+00  0.000000e+00  0.000000e+00  0.000000e+00  0.000000e+00
-2.403940  2.278546e-03  0.000000e+00  0.000000e+00  0.000000e+00  0.000000e+00  0.000000e+00
-2.402293  2.308488e-03  0.000000e+00  0.000000e+00  0.000000e+00  0.000000e+00  0.000000e+00
-2.400645  2.338642e-03  0.000000e+00  0.000000e+00  0.000000e+00  0.000000e+00  0.000000e+00
-2.398997  2.369009e-03  0.000000e+00  0.000000e+00  0.000000e+00  0.000000e+00  0.000000e+00
-2.397349  2.399588e-03  0.000000e+00  0.000000e+00  0.000000e+00  0.000000e+00  0.000000e+00
-2.395701  2.430381e-03  0.000000e+00  0.000000e+00  0.000000e+00  0.000000e+00  0.000000e+00
-2.394054  2.461388e-03  0.000000e+00  0.000000e+00  0.000000e+00  0.000000e+00  0.000000e+00
-2.392406  2.492609e-03  0.000000e+00  0.000000e+00  0.000000e+00  0.000000e+00  0.000000e+00
-2.390758  2.524045e-03  0.000000e+00  0.000000e+00  0.000000e+00  0.000000e+00  0.000000e+00
-2.389110  2.555696e-03  0.000000e+00  0.000000e+00  0.000000e+00  0.000000e+00  0.000000e+00
-2.387462  2.587562e-03  0.000000e+00  0.000000e+00  0.000000e+00  0.000000e+00  0.000000e+00
-2.385815  2.619645e-03  0.000000e+00  0.000000e+00  0.000000e+00  0.000000e+00  0.000000e+00
-2.384167  2.651944e-03  0.000000e+00  0.000000e+00  0.000000e+00  0.000000e+00  0.000000e+00
-2.382519  2.684461e-03  0.000000e+00  0.000000e+00  0.000000e+00  0.000000e+00  0.000000e+00
-2.380871  2.717195e-03  0.000000e+00  0.000000e+00  0.000000e+00  0.000000e+00  0.000000e+00
-2.379223  2.750146e-03  0.000000e+00  0.000000e+00  0.000000e+00  0.000000e+00  0.000000e+00
-2.377575  2.783317e-03  0.000000e+00  0.000000e+00  0.000000e+00  0.000000e+00  0.000000e+00
-2.375928  2.816706e-03  0.000000e+00  0.000000e+00  0.000000e+00  0.000000e+00  0.000000e+00
-2.374280  2.850315e-03  0.000000e+00  0.000000e+00  0.000000e+00  0.000000e+00  0.000000e+00
-2.372632  2.884143e-03  0.000000e+00  0.000000e+00  0.000000e+00  0.000000e+00  0.000000e+00
-2.370984  2.918192e-03  0.000000e+00  0.000000e+00  0.000000e+00  0.000000e+00  0.000000e+00
-2.369336  2.952462e-03  0.000000e+00  0.000000e+00  0.000000e+00  0.000000e+00  0.000000e+00
-2.367689  2.986953e-03  0.000000e+00  0.000000e+00  0.000000e+00  0.000000e+00  0.000000e+00
-2.366041  3.021666e-03  0.000000e+00  0.000000e+00  0.000000e+00  0.000000e+00  0.000000e+00
-2.364393  3.056601e-03  0.000000e+00  0.000000e+00  0.000000e+00  0.000000e+00  0.000000e+00
-2.362745  3.091759e-03  0.000000e+00  0.000000e+00  0.000000e+00  0.000000e+00  0.000000e+00
-2.361097  3.127141e-03  0.000000e+00  0.000000e+00  0.000000e+00  0.000000e+00  0.000000e+00
-2.359449  3.162747e-03  0.000000e+00  0.000000e+00  0.000000e+00  0.000000e+00  0.000000e+00
-2.357802  3.198576e-03  0.000000e+00  0.000000e+00  0.000000e+00  0.000000e+00  0.000000e+00
-2.356154  3.234631e-03  0.000000e+00  0.000000e+00  0.000000e+00  0.000000e+00  0.000000e+00
-2.354506  3.270911e-03  0.000000e+00  0.000000e+00  0.000000e+00  0.000000e+00  0.000000e+00
-2.352858  3.307418e-03  0.000000e+00  0.000000e+00  0.000000e+00  0.000000e+00  0.000000e+00
-2.351210  3.344150e-03  0.000000e+00  0.000000e+00  0.000000e+00  0.000000e+00  0.000000e+00
-2.349563  3.381110e-03  0.000000e+00  0.000000e+00  0.000000e+00  0.000000e+00  0.000000e+00
-2.347915  3.418297e-03  0.000000e+00  0.000000e+00  0.000000e+00  0.000000e+00  0.000000e+00
-2.346267  3.455712e-03  0.000000e+00  0.000000e+00  0.000000e+00  0.000000e+00  0.000000e+00
-2.344619  3.493356e-03  0.000000e+00  0.000000e+00  0.000000e+00  0.000000e+00  0.000000e+00
-2.342971  3.531229e-03  0.000000e+00  0.000000e+00  0.000000e+00  0.000000e+00  0.000000e+00
-2.341323  3.569332e-03  0.000000e+00  0.000000e+00  0.000000e+00  0.000000e+00  0.000000e+00
-2.339676  3.607665e-03  0.000000e+00  0.000000e+00  0.000000e+00  0.000000e+00  0.000000e+00
-2.338028  3.646228e-03  0.000000e+00  0.000000e+00  0.000000e+00  0.000000e+00  0.000000e+00
-2.336380  3.685023e-03  0.000000e+00  0.000000e+00  0.000000e+00  0.000000e+00  0.000000e+00
-2.334732  3.724050e-03  0.000000e+00  0.000000e+00  0.000000e+00  0.000000e+00  0.000000e+00
-2.333084  3.763310e-03  0.000000e+00  0.000000e+00  0.000000e+00  0.000000e+00  0.000000e+00
-2.331437  3.802802e-03  0.000000e+00  0.000000e+00  0.000000e+00  0.000000e+00  0.000000e+00
-2.329789  3.842528e-03  0.000000e+00  0.000000e+00  0.000000e+00  0.000000e+00  0.000000e+00
-2.328141  3.882489e-03  0.000000e+00  0.000000e+00  0.000000e+00  0.000000e+00  0.000000e+00
-2.326493  3.922684e-03  0.000000e+00  0.000000e+00  0.000000e+00  0.000000e+00  0.000000e+00
-2.324845  3.963114e-03  0.000000e+00  0.000000e+00  0.000000e+00  0.000000e+00  0.000000e+00
-2.323197  4.003780e-03  0.000000e+00  0.000000e+00  0.000000e+00  0.000000e+00  0.000000e+00
-2.321550  4.044683e-03  0.000000e+00  0.000000e+00  0.000000e+00  0.000000e+00  0.000000e+00
-2.319902  4.085823e-03  0.000000e+00  0.000000e+00  0.000000e+00  0.000000e+00  0.000000e+00
-2.318254  4.127200e-03  0.000000e+00  0.000000e+00  0.000000e+00  0.000000e+00  0.000000e+00
-2.316606  4.168816e-03  0.000000e+00  0.000000e+00  0.000000e+00  0.000000e+00  0.000000e+00
-2.314958  4.210671e-03  0.000000e+00  0.000000e+00  0.000000e+00  0.000000e+00  0.000000e+00
-2.313311  4.252765e-03  0.000000e+00  0.000000e+00  0.000000e+00  0.000000e+00  0.000000e+00
-2.311663  4.295099e-03  0.000000e+00  0.000000e+00  0.000000e+00  0.000000e+00  0.000000e+00
-2.310015  4.337674e-03  0.000000e+00  0.000000e+00  0.000000e+00  0.000000e+00  0.000000e+00
-2.308367  4.380491e-03  0.000000e+00  0.000000e+00  0.000000e+00  0.000000e+00  0.000000e+00
-2.306719  4.423549e-03  0.000000e+00  0.000000e+00  0.000000e+00  0.000000e+00  0.000000e+00
-2.305071  4.466849e-03  0.000000e+00  0.000000e+00  0.000000e+00  0.000000e+00  0.000000e+00
-2.303424  4.510393e-03  0.000000e+00  0.000000e+00  0.000000e+00  0.000000e+00  0.000000e+00
-2.301776  4.554181e-03  0.000000e+00  0.000000e+00  0.000000e+00  0.000000e+00  0.000000e+00
-2.300128  4.598213e-03  0.000000e+00  0.000000e+00  0.000000e+00  0.000000e+00  0.000000e+00
-2.298480  4.642490e-03  0.000000e+00  0.000000e+00  0.000000e+00  0.000000e+00  0.000000e+00
-2.296832  4.687013e-03  0.000000e+00  0.000000e+00  0.000000e+00  0.000000e+00  0.000000e+00
-2.295185  4.731782e-03  0.000000e+00  0.000000e+00  0.000000e+00  0.000000e+00  0.000000e+00
-2.293537  4.776798e-03  0.000000e+00  0.000000e+00  0.000000e+00  0.000000e+00  0.000000e+00
-2.291889  4.822062e-03  0.000000e+00  0.000000e+00  0.000000e+00  0.000000e+00  0.000000e+00
-2.290241  4.867574e-03  0.000000e+00  0.000000e+00  0.000000e+00  0.000000e+00  0.000000e+00
-2.288593  4.913335e-03  0.000000e+00  0.000000e+00  0.000000e+00  0.000000e+00  0.000000e+00
-2.286945  4.959346e-03  0.000000e+00  0.000000e+00  0.000000e+00  0.000000e+00  0.000000e+00
-2.285298  5.005607e-03  0.000000e+00  0.000000e+00  0.000000e+00  0.000000e+00  0.000000e+00
-2.283650  5.052119e-03  0.000000e+00  0.000000e+00  0.000000e+00  0.000000e+00  0.000000e+00
-2.282002  5.098882e-03  0.000000e+00  0.000000e+00  0.000000e+00  0.000000e+00  0.000000e+00
-2.280354  5.145898e-03  0.000000e+00  0.000000e+00  0.000000e+00  0.000000e+00  0.000000e+00
-2.278706  5.193166e-03  0.000000e+00  0.000000e+00  0.000000e+00  0.000000e+00  0.000000e+00
-2.277059  5.240688e-03  0.000000e+00  0.000000e+00  0.000000e+00  0.000000e+00  0.000000e+00
-2.275411  5.288465e-03  0.000000e+00  0.000000e+00  0.000000e+00  0.000000e+00  0.000000e+00
-2.273763  5.336496e-03  0.000000e+00  0.000000e+00  0.000000e+00  0.000000e+00  0.000000e+00
-2.272115  5.384783e-03  0.000000e+00  0.000000e+00  0.000000e+00  0.000000e+00  0.000000e+00
-2.270467  5.433327e-03  0.000000e+00  0.000000e+00  0.000000e+00  0.000000e+00  0.000000e+00
-2.268819  5.482128e-03  0.000000e+00  0.000000e+00  0.000000e+00  0.000000e+00  0.000000e+00
-2.267172  5.531186e-03  0.000000e+00  0.000000e+00  0.000000e+00  0.000000e+00  0.000000e+00
-2.265524  5.580503e-03  0.000000e+00  0.000000e+00  0.000000e+00  0.000000e+00  0.000000e+00
-2.263876  5.630079e-03  0.000000e+00  0.000000e+00  0.000000e+00  0.000000e+00  0.000000e+00
-2.262228  5.679915e-03  0.000000e+00  0.000000e+00  0.000000e+00  0.000000e+00  0.000000e+00
-2.260580  5.730012e-03  0.000000e+00  0.000000e+00  0.000000e+00  0.000000e+00  0.000000e+00
-2.258933  5.780370e-03  0.000000e+00  0.000000e+00  0.000000e+00  0.000000e+00  0.000000e+00
-2.257285  5.830990e-03  0.000000e+00  0.000000e+00  0.000000e+00  0.000000e+00  0.000000e+00
-2.255637  5.881873e-03  0.000000e+00  0.000000e+00  0.000000e+00  0.000000e+00  0.000000e+00
-2.253989  5.933019e-03  0.000000e+00  0.000000e+00  0.000000e+00  0.000000e+00  0.000000e+00
-2.252341  5.984430e-03  0.000000e+00  0.000000e+00  0.000000e+00  0.000000e+00  0.000000e+00
-2.250693  6.036105e-03  0.000000e+00  0.000000e+00  0.000000e+00  0.000000e+00  0.000000e+00
-2.249046  6.088047e-03  0.000000e+00  0.000000e+00  0.000000e+00  0.000000e+00  0.000000e+00
-2.247398  6.140255e-03  0.000000e+00  0.000000e+00  0.000000e+00  0.000000e+00  0.000000e+00
-2.245750  6.192730e-03  0.000000e+00  0.000000e+00  0.000000e+00  0.000000e+00  0.000000e+00
-2.244102  6.245473e-03  0.000000e+00  0.000000e+00  0.000000e+00  0.000000e+00  0.000000e+00
-2.242454  6.298485e-03  0.000000e+00  0.000000e+00  0.000000e+00  0.000000e+00  0.000000e+00
-2.240807  6.351767e-03  0.000000e+00  0.000000e+00  0.000000e+00  0.000000e+00  0.000000e+00
-2.239159  6.405318e-03  0.000000e+00  0.000000e+00  0.000000e+00  0.000000e+00  0.000000e+00
-2.237511  6.459141e-03  0.000000e+00  0.000000e+00  0.000000e+00  0.000000e+00  0.000000e+00
-2.235863  6.513236e-03  0.000000e+00  0.000000e+00  0.000000e+00  0.000000e+00  0.000000e+00
-2.234215  6.567603e-03  0.000000e+00  0.000000e+00  0.000000e+00  0.000000e+00  0.000000e+00
-2.232567  6.622244e-03  0.000000e+00  0.000000e+00  0.000000e+00  0.000000e+00  0.000000e+00
-2.230920  6.677159e-03  0.000000e+00  0.000000e+00  0.000000e+00  0.000000e+00  0.000000e+00
-2.229272  6.732349e-03  0.000000e+00  0.000000e+00  0.000000e+00  0.000000e+00  0.000000e+00
-2.227624  6.787815e-03  0.000000e+00  0.000000e+00  0.000000e+00  0.000000e+00  0.000000e+00
-2.225976  6.843557e-03  0.000000e+00  0.000000e+00  0.000000e+00  0.000000e+00  0.000000e+00
-2.224328  6.899577e-03  0.000000e+00  0.000000e+00  0.000000e+00  0.000000e+00  0.000000e+00
-2.222681  6.955875e-03  0.000000e+00  0.000000e+00  0.000000e+00  0.000000e+00  0.000000e+00
-2.221033  7.012452e-03  0.000000e+00  0.000000e+00  0.000000e+00  0.000000e+00  0.000000e+00
-2.219385  7.069308e-03  0.000000e+00  0.000000e+00  0.000000e+00  0.000000e+00  0.000000e+00
-2.217737  7.126446e-03  0.000000e+00  0.000000e+00  0.000000e+00  0.000000e+00  0.000000e+00
-2.216089  7.183864e-03  0.000000e+00  0.000000e+00  0.000000e+00  0.000000e+00  0.000000e+00
-2.214441  7.241566e-03  0.000000e+00  0.000000e+00  0.000000e+00  0.000000e+00  0.000000e+00
-2.212794  7.299550e-03  0.000000e+00  0.000000e+00  0.000000e+00  0.000000e+00  0.000000e+00
-2.211146  7.357818e-03  0.000000e+00  0.000000e+00  0.000000e+00  0.000000e+00  0.000000e+00
-2.209498  7.416371e-03  0.000000e+00  0.000000e+00  0.000000e+00  0.000000e+00  0.000000e+00
-2.207850  7.475209e-03  0.000000e+00  0.000000e+00  0.000000e+00  0.000000e+00  0.000000e+00
-2.206202  7.534334e-03  0.000000e+00  0.000000e+00  0.000000e+00  0.000000e+00  0.000000e+00
-2.204555  7.593747e-03  0.000000e+00  0.000000e+00  0.000000e+00  0.000000e+00  0.000000e+00
-2.202907  7.653447e-03  0.000000e+00  0.000000e+00  0.000000e+00  0.000000e+00  0.000000e+00
-2.201259  7.713437e-03  0.000000e+00  0.000000e+00  0.000000e+00  0.000000e+00  0.000000e+00
-2.199611  7.773716e-03  0.000000e+00  0.000000e+00  0.000000e+00  0.000000e+00  0.000000e+00
-2.197963  7.834286e-03  0.000000e+00  0.000000e+00  0.000000e+00  0.000000e+00  0.000000e+00
-2.196315  7.895148e-03  0.000000e+00  0.000000e+00  0.000000e+00  0.000000e+00  0.000000e+00
-2.194668  7.956303e-03  0.000000e+00  0.000000e+00  0.000000e+00  0.000000e+00  0.000000e+00
-2.193020  8.017750e-03  0.000000e+00  0.000000e+00  0.000000e+00  0.000000e+00  0.000000e+00
-2.191372  8.079492e-03  0.000000e+00  0.000000e+00  0.000000e+00  0.000000e+00  0.000000e+00
-2.189724  8.141530e-03  0.000000e+00  0.000000e+00  0.000000e+00  0.000000e+00  0.000000e+00
-2.188076  8.203863e-03  0.000000e+00  0.000000e+00  0.000000e+00  0.000000e+00  0.000000e+00
-2.186429  8.266493e-03  0.000000e+00  0.000000e+00  0.000000e+00  0.000000e+00  0.000000e+00
-2.184781  8.329421e-03  0.000000e+00  0.000000e+00  0.000000e+00  0.000000e+00  0.000000e+00
-2.183133  8.392648e-03  0.000000e+00  0.000000e+00  0.000000e+00  0.000000e+00  0.000000e+00
-2.181485  8.456175e-03  0.000000e+00  0.000000e+00  0.000000e+00  0.000000e+00  0.000000e+00
-2.179837  8.520002e-03  0.000000e+00  0.000000e+00  0.000000e+00  0.000000e+00  0.000000e+00
-2.178189  8.584131e-03  0.000000e+00  0.000000e+00  0.000000e+00  0.000000e+00  0.000000e+00
-2.176542  8.648562e-03  0.000000e+00  0.000000e+00  0.000000e+00  0.000000e+00  0.000000e+00
-2.174894  8.713296e-03  0.000000e+00  0.000000e+00  0.000000e+00  0.000000e+00  0.000000e+00
-2.173246  8.778335e-03  0.000000e+00  0.000000e+00  0.000000e+00  0.000000e+00  0.000000e+00
-2.171598  8.843679e-03  0.000000e+00  0.000000e+00  0.000000e+00  0.000000e+00  0.000000e+00
-2.169950  8.909330e-03  0.000000e+00  0.000000e+00  0.000000e+00  0.000000e+00  0.000000e+00
-2.168303  8.975287e-03  0.000000e+00  0.000000e+00  0.000000e+00  0.000000e+00  0.000000e+00
-2.166655  9.041552e-03  0.000000e+00  0.000000e+00  0.000000e+00  0.000000e+00  0.000000e+00
-2.165007  9.108127e-03  0.000000e+00  0.000000e+00  0.000000e+00  0.000000e+00  0.000000e+00
-2.163359  9.175011e-03  0.000000e+00  0.000000e+00  0.000000e+00  0.000000e+00  0.000000e+00
-2.161711  9.242207e-03  0.000000e+00  0.000000e+00  0.000000e+00  0.000000e+00  0.000000e+00
-2.160064  9.309714e-03  0.000000e+00  0.000000e+00  0.000000e+00  0.000000e+00  0.000000e+00
-2.158416  9.377534e-03  0.000000e+00  0.000000e+00  0.000000e+00  0.000000e+00  0.000000e+00
-2.156768  9.445668e-03  0.000000e+00  0.000000e+00  0.000000e+00  0.000000e+00  0.000000e+00
-2.155120  9.514117e-03  0.000000e+00  0.000000e+00  0.000000e+00  0.000000e+00  0.000000e+00
-2.153472  9.582882e-03  0.000000e+00  0.000000e+00  0.000000e+00  0.000000e+00  0.000000e+00
-2.151824  9.651963e-03  0.000000e+00  0.000000e+00  0.000000e+00  0.000000e+00  0.000000e+00
-2.150177  9.721362e-03  0.000000e+00  0.000000e+00  0.000000e+00  0.000000e+00  0.000000e+00
-2.148529  9.791081e-03  0.000000e+00  0.000000e+00  0.000000e+00  0.000000e+00  0.000000e+00
-2.146881  9.861118e-03  0.000000e+00  0.000000e+00  0.000000e+00  0.000000e+00  0.000000e+00
-2.145233  9.931477e-03  0.000000e+00  0.000000e+00  0.000000e+00  0.000000e+00  0.000000e+00
-2.143585  1.000216e-02  0.000000e+00  0.000000e+00  0.000000e+00  0.000000e+00  0.000000e+00
-2.141938  1.007316e-02  0.000000e+00  0.000000e+00  0.000000e+00  0.000000e+00  0.000000e+00
-2.140290  1.014449e-02  0.000000e+00  0.000000e+00  0.000000e+00  0.000000e+00  0.000000e+00
-2.138642  1.021614e-02  0.000000e+00  0.000000e+00  0.000000e+00  0.000000e+00  0.000000e+00
-2.136994  1.028812e-02  0.000000e+00  0.000000e+00  0.000000e+00  0.000000e+00  0.000000e+00
-2.135346  1.036042e-02  0.000000e+00  0.000000e+00  0.000000e+00  0.000000e+00  0.000000e+00
-2.133698  1.043306e-02  0.000000e+00  0.000000e+00  0.000000e+00  0.000000e+00  0.000000e+00
-2.132051  1.050602e-02  0.000000e+00  0.000000e+00  0.000000e+00  0.000000e+00  0.000000e+00
-2.130403  1.057931e-02  0.000000e+00  0.000000e+00  0.000000e+00  0.000000e+00  0.000000e+00
-2.128755  1.065294e-02  0.000000e+00  0.000000e+00  0.000000e+00  0.000000e+00  0.000000e+00
-2.127107  1.072689e-02  0.000000e+00  0.000000e+00  0.000000e+00  0.000000e+00  0.000000e+00
-2.125459  1.080118e-02  0.000000e+00  0.000000e+00  0.000000e+00  0.000000e+00  0.000000e+00
-2.123812  1.087580e-02  0.000000e+00  0.000000e+00  0.000000e+00  0.000000e+00  0.000000e+00
-2.122164  1.095076e-02  0.000000e+00  0.000000e+00  0.000000e+00  0.000000e+00  0.000000e+00
-2.120516  1.102606e-02  0.000000e+00  0.000000e+00  0.000000e+00  0.000000e+00  0.000000e+00
-2.118868  1.110169e-02  0.000000e+00  0.000000e+00  0.000000e+00  0.000000e+00  0.000000e+00
-2.117220  1.117766e-02  0.000000e+00  0.000000e+00  0.000000e+00  0.000000e+00  0.000000e+00
-2.115572  1.125397e-02  0.000000e+00  0.000000e+00  0.000000e+00  0.000000e+00  0.000000e+00
-2.113925  1.133063e-02  0.000000e+00  0.000000e+00  0.000000e+00  0.000000e+00  0.000000e+00
-2.112277  1.140762e-02  0.000000e+00  0.000000e+00  0.000000e+00  0.000000e+00  0.000000e+00
-2.110629  1.148496e-02  0.000000e+00  0.000000e+00  0.000000e+00  0.000000e+00  0.000000e+00
-2.108981  1.156264e-02  0.000000e+00  0.000000e+00  0.000000e+00  0.000000e+00  0.000000e+00
-2.107333  1.164067e-02  0.000000e+00  0.000000e+00  0.000000e+00  0.000000e+00  0.000000e+00
-2.105686  1.171904e-02  0.000000e+00  0.000000e+00  0.000000e+00  0.000000e+00  0.000000e+00
-2.104038  1.179776e-02  0.000000e+00  0.000000e+00  0.000000e+00  0.000000e+00  0.000000e+00
-2.102390  1.187683e-02  0.000000e+00  0.000000e+00  0.000000e+00  0.000000e+00  0.000000e+00
-2.100742  1.195625e-02  0.000000e+00  0.000000e+00  0.000000e+00  0.000000e+00  0.000000e+00
-2.099094  1.203602e-02  0.000000e+00  0.000000e+00  0.000000e+00  0.000000e+00  0.000000e+00
-2.097446  1.211614e-02  0.000000e+00  0.000000e+00  0.000000e+00  0.000000e+00  0.000000e+00
-2.095799  1.219662e-02  0.000000e+00  0.000000e+00  0.000000e+00  0.000000e+00  0.000000e+00
-2.094151  1.227745e-02  0.000000e+00  0.000000e+00  0.000000e+00  0.000000e+00  0.000000e+00
-2.092503  1.235863e-02  0.000000e+00  0.000000e+00  0.000000e+00  0.000000e+00  0.000000e+00
-2.090855  1.244018e-02  0.000000e+00  0.000000e+00  0.000000e+00  0.000000e+00  0.000000e+00
-2.089207  1.252208e-02  0.000000e+00  0.000000e+00  0.000000e+00  0.000000e+00  0.000000e+00
-2.087560  1.260434e-02  0.000000e+00  0.000000e+00  0.000000e+00  0.000000e+00  0.000000e+00
-2.085912  1.268696e-02  0.000000e+00  0.000000e+00  0.000000e+00  0.000000e+00  0.000000e+00
-2.084264  1.276994e-02  0.000000e+00  0.000000e+00  0.000000e+00  0.000000e+00  0.000000e+00
-2.082616  1.285328e-02  0.000000e+00  0.000000e+00  0.000000e+00  0.000000e+00  0.000000e+00
-2.080968  1.293699e-02  0.000000e+00  0.000000e+00  0.000000e+00  0.000000e+00  0.000000e+00
-2.079320  1.302106e-02  0.000000e+00  0.000000e+00  0.000000e+00  0.000000e+00  0.000000e+00
-2.077673  1.310550e-02  0.000000e+00  0.000000e+00  0.000000e+00  0.000000e+00  0.000000e+00
-2.076025  1.319031e-02  0.000000e+00  0.000000e+00  0.000000e+00  0.000000e+00  0.000000e+00
-2.074377  1.327548e-02  0.000000e+00  0.000000e+00  0.000000e+00  0.000000e+00  0.000000e+00
-2.072729  1.336103e-02  0.000000e+00  0.000000e+00  0.000000e+00  0.000000e+00  0.000000e+00
-2.071081  1.344695e-02  0.000000e+00  0.000000e+00  0.000000e+00  0.000000e+00  0.000000e+00
-2.069434  1.353324e-02  0.000000e+00  0.000000e+00  0.000000e+00  0.000000e+00  0.000000e+00
-2.067786  1.361990e-02  0.000000e+00  0.000000e+00  0.000000e+00  0.000000e+00  0.000000e+00
-2.066138  1.370694e-02  0.000000e+00  0.000000e+00  0.000000e+00  0.000000e+00  0.000000e+00
-2.064490  1.379435e-02  0.000000e+00  0.000000e+00  0.000000e+00  0.000000e+00  0.000000e+00
-2.062842  1.388214e-02  0.000000e+00  0.000000e+00  0.000000e+00  0.000000e+00  0.000000e+00
-2.061194  1.397031e-02  0.000000e+00  0.000000e+00  0.000000e+00  0.000000e+00  0.000000e+00
-2.059547  1.405886e-02  0.000000e+00  0.000000e+00  0.000000e+00  0.000000e+00  0.000000e+00
-2.057899  1.414780e-02  0.000000e+00  0.000000e+00  0.000000e+00  0.000000e+00  0.000000e+00
-2.056251  1.423711e-02  0.000000e+00  0.000000e+00  0.000000e+00  0.000000e+00  0.000000e+00
-2.054603  1.432681e-02  0.000000e+00  0.000000e+00  0.000000e+00  0.000000e+00  0.000000e+00
-2.052955  1.441689e-02  0.000000e+00  0.000000e+00  0.000000e+00  0.000000e+00  0.000000e+00
-2.051308  1.450736e-02  0.000000e+00  0.000000e+00  0.000000e+00  0.000000e+00  0.000000e+00
-2.049660  1.459822e-02  0.000000e+00  0.000000e+00  0.000000e+00  0.000000e+00  0.000000e+00
-2.048012  1.468946e-02  0.000000e+00  0.000000e+00  0.000000e+00  0.000000e+00  0.000000e+00
-2.046364  1.478110e-02  0.000000e+00  0.000000e+00  0.000000e+00  0.000000e+00  0.000000e+00
-2.044716  1.487313e-02  0.000000e+00  0.000000e+00  0.000000e+00  0.000000e+00  0.000000e+00
-2.043068  1.496555e-02  0.000000e+00  0.000000e+00  0.000000e+00  0.000000e+00  0.000000e+00
-2.041421  1.505837e-02  0.000000e+00  0.000000e+00  0.000000e+00  0.000000e+00  0.000000e+00
-2.039773  1.515158e-02  0.000000e+00  0.000000e+00  0.000000e+00  0.000000e+00  0.000000e+00
-2.038125  1.524518e-02  0.000000e+00  0.000000e+00  0.000000e+00  0.000000e+00  0.000000e+00
-2.036477  1.533919e-02  0.000000e+00  0.000000e+00  0.000000e+00  0.000000e+00  0.000000e+00
-2.034829  1.543360e-02  0.000000e+00  0.000000e+00  0.000000e+00  0.000000e+00  0.000000e+00
-2.033182  1.552840e-02  0.000000e+00  0.000000e+00  0.000000e+00  0.000000e+00  0.000000e+00
-2.031534  1.562361e-02  0.000000e+00  0.000000e+00  0.000000e+00  0.000000e+00  0.000000e+00
-2.029886  1.571923e-02  0.000000e+00  0.000000e+00  0.000000e+00  0.000000e+00  0.000000e+00
-2.028238  1.581525e-02  0.000000e+00  0.000000e+00  0.000000e+00  0.000000e+00  0.000000e+00
-2.026590  1.591167e-02  0.000000e+00  0.000000e+00  0.000000e+00  0.000000e+00  0.000000e+00
-2.024942  1.600850e-02  0.000000e+00  0.000000e+00  0.000000e+00  0.000000e+00  0.000000e+00
-2.023295  1.610575e-02  0.000000e+00  0.000000e+00  0.000000e+00  0.000000e+00  0.000000e+00
-2.021647  1.620340e-02  0.000000e+00  0.000000e+00  0.000000e+00  0.000000e+00  0.000000e+00
-2.019999  1.630146e-02  0.000000e+00  0.000000e+00  0.000000e+00  0.000000e+00  0.000000e+00
-2.018351  1.639994e-02  0.000000e+00  0.000000e+00  0.000000e+00  0.000000e+00  0.000000e+00
-2.016703  1.649884e-02  0.000000e+00  0.000000e+00  0.000000e+00  0.000000e+00  0.000000e+00
-2.015056  1.659815e-02  0.000000e+00  0.000000e+00  0.000000e+00  0.000000e+00  0.000000e+00
-2.013408  1.669787e-02  0.000000e+00  0.000000e+00  0.000000e+00  0.000000e+00  0.000000e+00
-2.011760  1.679802e-02  0.000000e+00  0.000000e+00  0.000000e+00  0.000000e+00  0.000000e+00
-2.010112  1.689859e-02  0.000000e+00  0.000000e+00  0.000000e+00  0.000000e+00  0.000000e+00
-2.008464  1.699958e-02  0.000000e+00  0.000000e+00  0.000000e+00  0.000000e+00  0.000000e+00
-2.006816  1.710099e-02  0.000000e+00  0.000000e+00  0.000000e+00  0.000000e+00  0.000000e+00
-2.005169  1.720283e-02  0.000000e+00  0.000000e+00  0.000000e+00  0.000000e+00  0.000000e+00
-2.003521  1.730510e-02  0.000000e+00  0.000000e+00  0.000000e+00  0.000000e+00  0.000000e+00
-2.001873  1.740779e-02  0.000000e+00  0.000000e+00  0.000000e+00  0.000000e+00  0.000000e+00
-2.000225  1.751091e-02  0.000000e+00  0.000000e+00  0.000000e+00  0.000000e+00  0.000000e+00
-1.998577  1.761447e-02  0.000000e+00  0.000000e+00  0.000000e+00  0.000000e+00  0.000000e+00
-1.996930  1.771845e-02  0.000000e+00  0.000000e+00  0.000000e+00  0.000000e+00  0.000000e+00
-1.995282  1.782287e-02  0.000000e+00  0.000000e+00  0.000000e+00  0.000000e+00  0.000000e+00
-1.993634  1.792773e-02  0.000000e+00  0.000000e+00  0.000000e+00  0.000000e+00  0.000000e+00
-1.991986  1.803302e-02  0.000000e+00  0.000000e+00  0.000000e+00  0.000000e+00  0.000000e+00
-1.990338  1.813875e-02  0.000000e+00  0.000000e+00  0.000000e+00  0.000000e+00  0.000000e+00
-1.988690  1.824492e-02  0.000000e+00  0.000000e+00  0.000000e+00  0.000000e+00  0.000000e+00
-1.987043  1.835153e-02  0.000000e+00  0.000000e+00  0.000000e+00  0.000000e+00  0.000000e+00
-1.985395  1.845859e-02  0.000000e+00  0.000000e+00  0.000000e+00  0.000000e+00  0.000000e+00
-1.983747  1.856609e-02  0.000000e+00  0.000000e+00  0.000000e+00  0.000000e+00  0.000000e+00
-1.982099  1.867403e-02  0.000000e+00  0.000000e+00  0.000000e+00  0.000000e+00  0.000000e+00
-1.980451  1.878243e-02  0.000000e+00  0.000000e+00  0.000000e+00  0.000000e+00  0.000000e+00
-1.978804  1.889127e-02  0.000000e+00  0.000000e+00  0.000000e+00  0.000000e+00  0.000000e+00
-1.977156  1.900056e-02  0.000000e+00  0.000000e+00  0.000000e+00  0.000000e+00  0.000000e+00
-1.975508  1.911031e-02  0.000000e+00  0.000000e+00  0.000000e+00  0.000000e+00  0.000000e+00
-1.973860  1.922051e-02  0.000000e+00  0.000000e+00  0.000000e+00  0.000000e+00  0.000000e+00
-1.972212  1.933117e-02  0.000000e+00  0.000000e+00  0.000000e+00  0.000000e+00  0.000000e+00
-1.970564  1.944228e-02  0.000000e+00  0.000000e+00  0.000000e+00  0.000000e+00  0.000000e+00
-1.968917  1.955385e-02  0.000000e+00  0.000000e+00  0.000000e+00  0.000000e+00  0.000000e+00
-1.967269  1.966588e-02  0.000000e+00  0.000000e+00  0.000000e+00  0.000000e+00  0.000000e+00
-1.965621  1.977838e-02  0.000000e+00  0.000000e+00  0.000000e+00  0.000000e+00  0.000000e+00
-1.963973  1.989134e-02  0.000000e+00  0.000000e+00  0.000000e+00  0.000000e+00  0.000000e+00
-1.962325  2.000476e-02  0.000000e+00  0.000000e+00  0.000000e+00  0.000000e+00  0.000000e+00
-1.960678  2.011865e-02  0.000000e+00  0.000000e+00  0.000000e+00  0.000000e+00  0.000000e+00
-1.959030  2.023301e-02  0.000000e+00  0.000000e+00  0.000000e+00  0.000000e+00  0.000000e+00
-1.957382  2.034783e-02  0.000000e+00  0.000000e+00  0.000000e+00  0.000000e+00  0.000000e+00
-1.955734  2.046313e-02  0.000000e+00  0.000000e+00  0.000000e+00  0.000000e+00  0.000000e+00
-1.954086  2.057891e-02  0.000000e+00  0.000000e+00  0.000000e+00  0.000000e+00  0.000000e+00
-1.952439  2.069516e-02  0.000000e+00  0.000000e+00  0.000000e+00  0.000000e+00  0.000000e+00
-1.950791  2.081188e-02  0.000000e+00  0.000000e+00  0.000000e+00  0.000000e+00  0.000000e+00
-1.949143  2.092909e-02  0.000000e+00  0.000000e+00  0.000000e+00  0.000000e+00  0.000000e+00
-1.947495  2.104677e-02  0.000000e+00  0.000000e+00  0.000000e+00  0.000000e+00  0.000000e+00
-1.945847  2.116494e-02  0.000000e+00  0.000000e+00  0.000000e+00  0.000000e+00  0.000000e+00
-1.944199  2.128359e-02  0.000000e+00  0.000000e+00  0.000000e+00  0.000000e+00  0.000000e+00
-1.942552  2.140272e-02  0.000000e+00  0.000000e+00  0.000000e+00  0.000000e+00  0.000000e+00
-1.940904  2.152234e-02  0.000000e+00  0.000000e+00  0.000000e+00  0.000000e+00  0.000000e+00
-1.939256  2.164245e-02  0.000000e+00  0.000000e+00  0.000000e+00  0.000000e+00  0.000000e+00
-1.937608  2.176305e-02  0.000000e+00  0.000000e+00  0.000000e+00  0.000000e+00  0.000000e+00
-1.935960  2.188415e-02  0.000000e+00  0.000000e+00  0.000000e+00  0.000000e+00  0.000000e+00
-1.934313  2.200573e-02  0.000000e+00  0.000000e+00  0.000000e+00  0.000000e+00  0.000000e+00
-1.932665  2.212782e-02  0.000000e+00  0.000000e+00  0.000000e+00  0.000000e+00  0.000000e+00
-1.931017  2.225040e-02  0.000000e+00  0.000000e+00  0.000000e+00  0.000000e+00  0.000000e+00
-1.929369  2.237347e-02  0.000000e+00  0.000000e+00  0.000000e+00  0.000000e+00  0.000000e+00
-1.927721  2.249705e-02  0.000000e+00  0.000000e+00  0.000000e+00  0.000000e+00  0.000000e+00
-1.926073  2.262114e-02  0.000000e+00  0.000000e+00  0.000000e+00  0.000000e+00  0.000000e+00
-1.924426  2.274573e-02  0.000000e+00  0.000000e+00  0.000000e+00  0.000000e+00  0.000000e+00
-1.922778  2.287082e-02  0.000000e+00  0.000000e+00  0.000000e+00  0.000000e+00  0.000000e+00
-1.921130  2.299642e-02  0.000000e+00  0.000000e+00  0.000000e+00  0.000000e+00  0.000000e+00
-1.919482  2.312253e-02  0.000000e+00  0.000000e+00  0.000000e+00  0.000000e+00  0.000000e+00
-1.917834  2.324916e-02  0.000000e+00  0.000000e+00  0.000000e+00  0.000000e+00  0.000000e+00
-1.916187  2.337629e-02  0.000000e+00  0.000000e+00  0.000000e+00  0.000000e+00  0.000000e+00
-1.914539  2.350395e-02  0.000000e+00  0.000000e+00  0.000000e+00  0.000000e+00  0.000000e+00
-1.912891  2.363212e-02  0.000000e+00  0.000000e+00  0.000000e+00  0.000000e+00  0.000000e+00
-1.911243  2.376080e-02  0.000000e+00  0.000000e+00  0.000000e+00  0.000000e+00  0.000000e+00
-1.909595  2.389001e-02  0.000000e+00  0.000000e+00  0.000000e+00  0.000000e+00  0.000000e+00
-1.907947  2.401975e-02  0.000000e+00  0.000000e+00  0.000000e+00  0.000000e+00  0.000000e+00
-1.906300  2.415000e-02  0.000000e+00  0.000000e+00  0.000000e+00  0.000000e+00  0.000000e+00
-1.904652  2.428079e-02  0.000000e+00  0.000000e+00  0.000000e+00  0.000000e+00  0.000000e+00
-1.903004  2.441210e-02  0.000000e+00  0.000000e+00  0.000000e+00  0.000000e+00  0.000000e+00
-1.901356  2.454394e-02  0.000000e+00  0.000000e+00  0.000000e+00  0.000000e+00  0.000000e+00
-1.899708  2.467632e-02  0.000000e+00  0.000000e+00  0.000000e+00  0.000000e+00  0.000000e+00
-1.898061  2.480922e-02  0.000000e+00  0.000000e+00  0.000000e+00  0.000000e+00  0.000000e+00
-1.896413  2.494267e-02  0.000000e+00  0.000000e+00  0.000000e+00  0.000000e+00  0.000000e+00
-1.894765  2.507665e-02  0.000000e+00  0.000000e+00  0.000000e+00  0.000000e+00  0.000000e+00
-1.893117  2.521117e-02  0.000000e+00  0.000000e+00  0.000000e+00  0.000000e+00  0.000000e+00
-1.891469  2.534624e-02  0.000000e+00  0.000000e+00  0.000000e+00  0.000000e+00  0.000000e+00
-1.889821  2.548185e-02  0.000000e+00  0.000000e+00  0.000000e+00  0.000000e+00  0.000000e+00
-1.888174  2.561800e-02  0.000000e+00  0.000000e+00  0.000000e+00  0.000000e+00  0.000000e+00
-1.886526  2.575470e-02  0.000000e+00  0.000000e+00  0.000000e+00  0.000000e+00  0.000000e+00
-1.884878  2.589195e-02  0.000000e+00  0.000000e+00  0.000000e+00  0.000000e+00  0.000000e+00
-1.883230  2.602976e-02  0.000000e+00  0.000000e+00  0.000000e+00  0.000000e+00  0.000000e+00
-1.881582  2.616811e-02  0.000000e+00  0.000000e+00  0.000000e+00  0.000000e+00  0.000000e+00
-1.879935  2.630702e-02  0.000000e+00  0.000000e+00  0.000000e+00  0.000000e+00  0.000000e+00
-1.878287  2.644649e-02  0.000000e+00  0.000000e+00  0.000000e+00  0.000000e+00  0.000000e+00
-1.876639  2.658652e-02  0.000000e+00  0.000000e+00  0.000000e+00  0.000000e+00  0.000000e+00
-1.874991  2.672711e-02  0.000000e+00  0.000000e+00  0.000000e+00  0.000000e+00  0.000000e+00
-1.873343  2.686827e-02  0.000000e+00  0.000000e+00  0.000000e+00  0.000000e+00  0.000000e+00
-1.871695  2.700999e-02  0.000000e+00  0.000000e+00  0.000000e+00  0.000000e+00  0.000000e+00
-1.870048  2.715227e-02  0.000000e+00  0.000000e+00  0.000000e+00  0.000000e+00  0.000000e+00
-1.868400  2.729513e-02  0.000000e+00  0.000000e+00  0.000000e+00  0.000000e+00  0.000000e+00
-1.866752  2.743856e-02  0.000000e+00  0.000000e+00  0.000000e+00  0.000000e+00  0.000000e+00
-1.865104  2.758256e-02  0.000000e+00  0.000000e+00  0.000000e+00  0.000000e+00  0.000000e+00
-1.863456  2.772714e-02  0.000000e+00  0.000000e+00  0.000000e+00  0.000000e+00  0.000000e+00
-1.861809  2.787230e-02  0.000000e+00  0.000000e+00  0.000000e+00  0.000000e+00  0.000000e+00
-1.860161  2.801804e-02  0.000000e+00  0.000000e+00  0.000000e+00  0.000000e+00  0.000000e+00
-1.858513  2.816436e-02  0.000000e+00  0.000000e+00  0.000000e+00  0.000000e+00  0.000000e+00
-1.856865  2.831126e-02  0.000000e+00  0.000000e+00  0.000000e+00  0.000000e+00  0.000000e+00
-1.855217  2.845875e-02  0.000000e+00  0.000000e+00  0.000000e+00  0.000000e+00  0.000000e+00
-1.853569  2.860683e-02  0.000000e+00  0.000000e+00  0.000000e+00  0.000000e+00  0.000000e+00
-1.851922  2.875550e-02  0.000000e+00  0.000000e+00  0.000000e+00  0.000000e+00  0.000000e+00
-1.850274  2.890476e-02  0.000000e+00  0.000000e+00  0.000000e+00  0.000000e+00  0.000000e+00
-1.848626  2.905462e-02  0.000000e+00  0.000000e+00  0.000000e+00  0.000000e+00  0.000000e+00
-1.846978  2.920507e-02  0.000000e+00  0.000000e+00  0.000000e+00  0.000000e+00  0.000000e+00
-1.845330  2.935613e-02  0.000000e+00  0.000000e+00  0.000000e+00  0.000000e+00  0.000000e+00
-1.843683  2.950778e-02  0.000000e+00  0.000000e+00  0.000000e+00  0.000000e+00  0.000000e+00
-1.842035  2.966004e-02  0.000000e+00  0.000000e+00  0.000000e+00  0.000000e+00  0.000000e+00
-1.840387  2.981290e-02  0.000000e+00  0.000000e+00  0.000000e+00  0.000000e+00  0.000000e+00
-1.838739  2.996638e-02  0.000000e+00  0.000000e+00  0.000000e+00  0.000000e+00  0.000000e+00
-1.837091  3.012046e-02  0.000000e+00  0.000000e+00  0.000000e+00  0.000000e+00  0.000000e+00
-1.835443  3.027515e-02  0.000000e+00  0.000000e+00  0.000000e+00  0.000000e+00  0.000000e+00
-1.833796  3.043046e-02  0.000000e+00  0.000000e+00  0.000000e+00  0.000000e+00  0.000000e+00
-1.832148  3.058639e-02  0.000000e+00  0.000000e+00  0.000000e+00  0.000000e+00  0.000000e+00
-1.830500  3.074294e-02  0.000000e+00  0.000000e+00  0.000000e+00  0.000000e+00  0.000000e+00
-1.828852  3.090011e-02  0.000000e+00  0.000000e+00  0.000000e+00  0.000000e+00  0.000000e+00
-1.827204  3.105790e-02  0.000000e+00  0.000000e+00  0.000000e+00  0.000000e+00  0.000000e+00
-1.825557  3.121631e-02  0.000000e+00  0.000000e+00  0.000000e+00  0.000000e+00  0.000000e+00
-1.823909  3.137536e-02  0.000000e+00  0.000000e+00  0.000000e+00  0.000000e+00  0.000000e+00
-1.822261  3.153504e-02  0.000000e+00  0.000000e+00  0.000000e+00  0.000000e+00  0.000000e+00
-1.820613  3.169535e-02  0.000000e+00  0.000000e+00  0.000000e+00  0.000000e+00  0.000000e+00
-1.818965  3.185629e-02  0.000000e+00  0.000000e+00  0.000000e+00  0.000000e+00  0.000000e+00
-1.817317  3.201787e-02  0.000000e+00  0.000000e+00  0.000000e+00  0.000000e+00  0.000000e+00
-1.815670  3.218009e-02  0.000000e+00  0.000000e+00  0.000000e+00  0.000000e+00  0.000000e+00
-1.814022  3.234296e-02  0.000000e+00  0.000000e+00  0.000000e+00  0.000000e+00  0.000000e+00
-1.812374  3.250646e-02  0.000000e+00  0.000000e+00  0.000000e+00  0.000000e+00  0.000000e+00
-1.810726  3.267062e-02  0.000000e+00  0.000000e+00  0.000000e+00  0.000000e+00  0.000000e+00
-1.809078  3.283542e-02  0.000000e+00  0.000000e+00  0.000000e+00  0.000000e+00  0.000000e+00
-1.807431  3.300088e-02  0.000000e+00  0.000000e+00  0.000000e+00  0.000000e+00  0.000000e+00
-1.805783  3.316699e-02  0.000000e+00  0.000000e+00  0.000000e+00  0.000000e+00  0.000000e+00
-1.804135  3.333375e-02  0.000000e+00  0.000000e+00  0.000000e+00  0.000000e+00  0.000000e+00
-1.802487  3.350118e-02  0.000000e+00  0.000000e+00  0.000000e+00  0.000000e+00  0.000000e+00
-1.800839  3.366926e-02  0.000000e+00  0.000000e+00  0.000000e+00  0.000000e+00  0.000000e+00
-1.799191  3.383801e-02  0.000000e+00  0.000000e+00  0.000000e+00  0.000000e+00  0.000000e+00
-1.797544  3.400743e-02  0.000000e+00  0.000000e+00  0.000000e+00  0.000000e+00  0.000000e+00
-1.795896  3.417751e-02  0.000000e+00  0.000000e+00  0.000000e+00  0.000000e+00  0.000000e+00
-1.794248  3.434827e-02  0.000000e+00  0.000000e+00  0.000000e+00  0.000000e+00  0.000000e+00
-1.792600  3.451970e-02  0.000000e+00  0.000000e+00  0.000000e+00  0.000000e+00  0.000000e+00
-1.790952  3.469180e-02  0.000000e+00  0.000000e+00  0.000000e+00  0.000000e+00  0.000000e+00
-1.789305  3.486458e-02  0.000000e+00  0.000000e+00  0.000000e+00  0.000000e+00  0.000000e+00
-1.787657  3.503804e-02  0.000000e+00  0.000000e+00  0.000000e+00  0.000000e+00  0.000000e+00
-1.786009  3.521219e-02  0.000000e+00  0.000000e+00  0.000000e+00  0.000000e+00  0.000000e+00
-1.784361  3.538702e-02  0.000000e+00  0.000000e+00  0.000000e+00  0.000000e+00  0.000000e+00
-1.782713  3.556254e-02  0.000000e+00  0.000000e+00  0.000000e+00  0.000000e+00  0.000000e+00
-1.781065  3.573875e-02  0.000000e+00  0.000000e+00  0.000000e+00  0.000000e+00  0.000000e+00
-1.779418  3.591566e-02  0.000000e+00  0.000000e+00  0.000000e+00  0.000000e+00  0.000000e+00
-1.777770  3.609326e-02  0.000000e+00  0.000000e+00  0.000000e+00  0.000000e+00  0.000000e+00
-1.776122  3.627156e-02  0.000000e+00  0.000000e+00  0.000000e+00  0.000000e+00  0.000000e+00
-1.774474  3.645056e-02  0.000000e+00  0.000000e+00  0.000000e+00  0.000000e+00  0.000000e+00
-1.772826  3.663026e-02  0.000000e+00  0.000000e+00  0.000000e+00  0.000000e+00  0.000000e+00
-1.771179  3.681067e-02  0.000000e+00  0.000000e+00  0.000000e+00  0.000000e+00  0.000000e+00
-1.769531  3.699179e-02  0.000000e+00  0.000000e+00  0.000000e+00  0.000000e+00  0.000000e+00
-1.767883  3.717362e-02  0.000000e+00  0.000000e+00  0.000000e+00  0.000000e+00  0.000000e+00
-1.766235  3.735616e-02  0.000000e+00  0.000000e+00  0.000000e+00  0.000000e+00  0.000000e+00
-1.764587  3.753942e-02  0.000000e+00  0.000000e+00  0.000000e+00  0.000000e+00  0.000000e+00
-1.762939  3.772340e-02  0.000000e+00  0.000000e+00  0.000000e+00  0.000000e+00  0.000000e+00
-1.761292  3.790811e-02  0.000000e+00  0.000000e+00  0.000000e+00  0.000000e+00  0.000000e+00
-1.759644  3.809353e-02  0.000000e+00  0.000000e+00  0.000000e+00  0.000000e+00  0.000000e+00
-1.757996  3.827969e-02  0.000000e+00  0.000000e+00  0.000000e+00  0.000000e+00  0.000000e+00
-1.756348  3.846657e-02  0.000000e+00  0.000000e+00  0.000000e+00  0.000000e+00  0.000000e+00
-1.754700  3.865419e-02  0.000000e+00  0.000000e+00  0.000000e+00  0.000000e+00  0.000000e+00
-1.753053  3.884254e-02  0.000000e+00  0.000000e+00  0.000000e+00  0.000000e+00  0.000000e+00
-1.751405  3.903163e-02  0.000000e+00  0.000000e+00  0.000000e+00  0.000000e+00  0.000000e+00
-1.749757  3.922146e-02  0.000000e+00  0.000000e+00  0.000000e+00  0.000000e+00  0.000000e+00
-1.748109  3.941203e-02  0.000000e+00  0.000000e+00  0.000000e+00  0.000000e+00  0.000000e+00
-1.746461  3.960335e-02  0.000000e+00  0.000000e+00  0.000000e+00  0.000000e+00  0.000000e+00
-1.744814  3.979542e-02  0.000000e+00  0.000000e+00  0.000000e+00  0.000000e+00  0.000000e+00
-1.743166  3.998824e-02  0.000000e+00  0.000000e+00  0.000000e+00  0.000000e+00  0.000000e+00
-1.741518  4.018182e-02  0.000000e+00  0.000000e+00  0.000000e+00  0.000000e+00  0.000000e+00
-1.739870  4.037615e-02  0.000000e+00  0.000000e+00  0.000000e+00  0.000000e+00  0.000000e+00
-1.738222  4.057124e-02  0.000000e+00  0.000000e+00  0.000000e+00  0.000000e+00  0.000000e+00
-1.736574  4.076710e-02  0.000000e+00  0.000000e+00  0.000000e+00  0.000000e+00  0.000000e+00
-1.734927  4.096372e-02  0.000000e+00  0.000000e+00  0.000000e+00  0.000000e+00  0.000000e+00
-1.733279  4.116111e-02  0.000000e+00  0.000000e+00  0.000000e+00  0.000000e+00  0.000000e+00
-1.731631  4.135927e-02  0.000000e+00  0.000000e+00  0.000000e+00  0.000000e+00  0.000000e+00
-1.729983  4.155821e-02  0.000000e+00  0.000000e+00  0.000000e+00  0.000000e+00  0.000000e+00
-1.728335  4.175792e-02  0.000000e+00  0.000000e+00  0.000000e+00  0.000000e+00  0.000000e+00
-1.726688  4.195841e-02  0.000000e+00  0.000000e+00  0.000000e+00  0.000000e+00  0.000000e+00
-1.725040  4.215969e-02  0.000000e+00  0.000000e+00  0.000000e+00  0.000000e+00  0.000000e+00
-1.723392  4.236175e-02  0.000000e+00  0.000000e+00  0.000000e+00  0.000000e+00  0.000000e+00
-1.721744  4.256460e-02  0.000000e+00  0.000000e+00  0.000000e+00  0.000000e+00  0.000000e+00
-1.720096  4.276824e-02  0.000000e+00  0.000000e+00  0.000000e+00  0.000000e+00  0.000000e+00
-1.718448  4.297268e-02  0.000000e+00  0.000000e+00  0.000000e+00  0.000000e+00  0.000000e+00
-1.716801  4.317792e-02  0.000000e+00  0.000000e+00  0.000000e+00  0.000000e+00  0.000000e+00
-1.715153  4.338395e-02  0.000000e+00  0.000000e+00  0.000000e+00  0.000000e+00  0.000000e+00
-1.713505  4.359079e-02  0.000000e+00  0.000000e+00  0.000000e+00  0.000000e+00  0.000000e+00
-1.711857  4.379843e-02  0.000000e+00  0.000000e+00  0.000000e+00  0.000000e+00  0.000000e+00
-1.710209  4.400689e-02  0.000000e+00  0.000000e+00  0.000000e+00  0.000000e+00  0.000000e+00
-1.708562  4.421615e-02  0.000000e+00  0.000000e+00  0.000000e+00  0.000000e+00  0.000000e+00
-1.706914  4.442623e-02  0.000000e+00  0.000000e+00  0.000000e+00  0.000000e+00  0.000000e+00
-1.705266  4.463713e-02  0.000000e+00  0.000000e+00  0.000000e+00  0.000000e+00  0.000000e+00
-1.703618  4.484886e-02  0.000000e+00  0.000000e+00  0.000000e+00  0.000000e+00  0.000000e+00
-1.701970  4.506140e-02  0.000000e+00  0.000000e+00  0.000000e+00  0.000000e+00  0.000000e+00
-1.700322  4.527478e-02  0.000000e+00  0.000000e+00  0.000000e+00  0.000000e+00  0.000000e+00
-1.698675  4.763739e-02  0.000000e+00  0.000000e+00  0.000000e+00  0.000000e+00  0.000000e+00
-1.697027  4.784598e-02  0.000000e+00  0.000000e+00  0.000000e+00  0.000000e+00  0.000000e+00
-1.695379  4.805545e-02  0.000000e+00  0.000000e+00  0.000000e+00  0.000000e+00  0.000000e+00
-1.693731  4.826578e-02  0.000000e+00  0.000000e+00  0.000000e+00  0.000000e+00  0.000000e+00
-1.692083  4.847698e-02  0.000000e+00  0.000000e+00  0.000000e+00  0.000000e+00  0.000000e+00
-1.690436  4.868906e-02  0.000000e+00  0.000000e+00  0.000000e+00  0.000000e+00  0.000000e+00
-1.688788  4.890200e-02  0.000000e+00  0.000000e+00  0.000000e+00  0.000000e+00  0.000000e+00
-1.687140  4.911581e-02  0.000000e+00  0.000000e+00  0.000000e+00  0.000000e+00  0.000000e+00
-1.685492  4.933050e-02  0.000000e+00  0.000000e+00  0.000000e+00  0.000000e+00  0.000000e+00
-1.683844  4.954605e-02  0.000000e+00  0.000000e+00  0.000000e+00  0.000000e+00  0.000000e+00
-1.682196  4.976247e-02  0.000000e+00  0.000000e+00  0.000000e+00  0.000000e+00  0.000000e+00
-1.680549  4.997976e-02  0.000000e+00  0.000000e+00  0.000000e+00  0.000000e+00  0.000000e+00
-1.678901  5.019791e-02  0.000000e+00  0.000000e+00  0.000000e+00  0.000000e+00  0.000000e+00
-1.677253  5.041693e-02  0.000000e+00  0.000000e+00  0.000000e+00  0.000000e+00  0.000000e+00
-1.675605  5.063682e-02  0.000000e+00  0.000000e+00  0.000000e+00  0.000000e+00  0.000000e+00
-1.673957  5.085757e-02  0.000000e+00  0.000000e+00  0.000000e+00  0.000000e+00  0.000000e+00
-1.672310  5.107917e-02  0.000000e+00  0.000000e+00  0.000000e+00  0.000000e+00  0.000000e+00
-1.670662  5.130164e-02  0.000000e+00  0.000000e+00  0.000000e+00  0.000000e+00  0.000000e+00
-1.669014  5.152497e-02  0.000000e+00  0.000000e+00  0.000000e+00  0.000000e+00  0.000000e+00
-1.667366  5.174916e-02  0.000000e+00  0.000000e+00  0.000000e+00  0.000000e+00  0.000000e+00
-1.665718  5.197420e-02  0.000000e+00  0.000000e+00  0.000000e+00  0.000000e+00  0.000000e+00
-1.664070  5.220009e-02  0.000000e+00  0.000000e+00  0.000000e+00  0.000000e+00  0.000000e+00
-1.662423  5.242683e-02  0.000000e+00  0.000000e+00  0.000000e+00  0.000000e+00  0.000000e+00
-1.660775  5.265442e-02  0.000000e+00  0.000000e+00  0.000000e+00  0.000000e+00  0.000000e+00
-1.659127  5.288286e-02  0.000000e+00  0.000000e+00  0.000000e+00  0.000000e+00  0.000000e+00
-1.657479  5.311214e-02  0.000000e+00  0.000000e+00  0.000000e+00  0.000000e+00  0.000000e+00
-1.655831  5.334227e-02  0.000000e+00  0.000000e+00  0.000000e+00  0.000000e+00  0.000000e+00
-1.654184  5.357323e-02  0.000000e+00  0.000000e+00  0.000000e+00  0.000000e+00  0.000000e+00
-1.652536  5.380504e-02  0.000000e+00  0.000000e+00  0.000000e+00  0.000000e+00  0.000000e+00
-1.650888  5.403767e-02  0.000000e+00  0.000000e+00  0.000000e+00  0.000000e+00  0.000000e+00
-1.649240  5.427114e-02  0.000000e+00  0.000000e+00  0.000000e+00  0.000000e+00  0.000000e+00
-1.647592  5.450543e-02  0.000000e+00  0.000000e+00  0.000000e+00  0.000000e+00  0.000000e+00
-1.645944  5.474055e-02  0.000000e+00  0.000000e+00  0.000000e+00  0.000000e+00  0.000000e+00
-1.644297  5.497650e-02  0.000000e+00  0.000000e+00  0.000000e+00  0.000000e+00  0.000000e+00
-1.642649  5.521326e-02  0.000000e+00  0.000000e+00  0.000000e+00  0.000000e+00  0.000000e+00
-1.641001  5.545084e-02  0.000000e+00  0.000000e+00  0.000000e+00  0.000000e+00  0.000000e+00
-1.639353  5.568923e-02  0.000000e+00  0.000000e+00  0.000000e+00  0.000000e+00  0.000000e+00
-1.637705  5.592843e-02  0.000000e+00  0.000000e+00  0.000000e+00  0.000000e+00  0.000000e+00
-1.636058  5.616844e-02  0.000000e+00  0.000000e+00  0.000000e+00  0.000000e+00  0.000000e+00
-1.634410  5.640925e-02  0.000000e+00  0.000000e+00  0.000000e+00  0.000000e+00  0.000000e+00
-1.632762  5.665086e-02  0.000000e+00  0.000000e+00  0.000000e+00  0.000000e+00  0.000000e+00
-1.631114  5.689326e-02  0.000000e+00  0.000000e+00  0.000000e+00  0.000000e+00  0.000000e+00
-1.629466  5.713646e-02  0.000000e+00  0.000000e+00  0.000000e+00  0.000000e+00  0.000000e+00
-1.627818  5.738045e-02  0.000000e+00  0.000000e+00  0.000000e+00  0.000000e+00  0.000000e+00
-1.626171  5.762521e-02  0.000000e+00  0.000000e+00  0.000000e+00  0.000000e+00  0.000000e+00
-1.624523  5.787076e-02  0.000000e+00  0.000000e+00  0.000000e+00  0.000000e+00  0.000000e+00
-1.622875  5.811709e-02  0.000000e+00  0.000000e+00  0.000000e+00  0.000000e+00  0.000000e+00
-1.621227  5.836418e-02  0.000000e+00  0.000000e+00  0.000000e+00  0.000000e+00  0.000000e+00
-1.619579  5.861205e-02  0.000000e+00  0.000000e+00  0.000000e+00  0.000000e+00  0.000000e+00
-1.617932  5.886068e-02  0.000000e+00  0.000000e+00  0.000000e+00  0.000000e+00  0.000000e+00
-1.616284  5.911007e-02  0.000000e+00  0.000000e+00  0.000000e+00  0.000000e+00  0.000000e+00
-1.614636  5.936021e-02  0.000000e+00  0.000000e+00  0.000000e+00  0.000000e+00  0.000000e+00
-1.612988  5.961110e-02  0.000000e+00  0.000000e+00  0.000000e+00  0.000000e+00  0.000000e+00
-1.611340  5.986274e-02  0.000000e+00  0.000000e+00  0.000000e+00  0.000000e+00  0.000000e+00
-1.609692  6.011513e-02  0.000000e+00  0.000000e+00  0.000000e+00  0.000000e+00  0.000000e+00
-1.608045  6.036825e-02  0.000000e+00  0.000000e+00  0.000000e+00  0.000000e+00  0.000000e+00
-1.606397  6.062210e-02  0.000000e+00  0.000000e+00  0.000000e+00  0.000000e+00  0.000000e+00
-1.604749  6.087668e-02  0.000000e+00  0.000000e+00  0.000000e+00  0.000000e+00  0.000000e+00
-1.603101  6.113198e-02  0.000000e+00  0.000000e+00  0.000000e+00  0.000000e+00  0.000000e+00
-1.601453  6.138801e-02  0.000000e+00  0.000000e+00  0.000000e+00  0.000000e+00  0.000000e+00
-1.599806  6.164474e-02  0.000000e+00  0.000000e+00  0.000000e+00  0.000000e+00  0.000000e+00
-1.598158  6.190219e-02  0.000000e+00  0.000000e+00  0.000000e+00  0.000000e+00  0.000000e+00
-1.596510  6.216034e-02  0.000000e+00  0.000000e+00  0.000000e+00  0.000000e+00  0.000000e+00
-1.594862  6.241919e-02  0.000000e+00  0.000000e+00  0.000000e+00  0.000000e+00  0.000000e+00
-1.593214  6.267873e-02  0.000000e+00  0.000000e+00  0.000000e+00  0.000000e+00  0.000000e+00
-1.591566  6.293896e-02  0.000000e+00  0.000000e+00  0.000000e+00  0.000000e+00  0.000000e+00
-1.589919  6.319988e-02  0.000000e+00  0.000000e+00  0.000000e+00  0.000000e+00  0.000000e+00
-1.588271  6.346147e-02  0.000000e+00  0.000000e+00  0.000000e+00  0.000000e+00  0.000000e+00
-1.586623  6.372374e-02  0.000000e+00  0.000000e+00  0.000000e+00  0.000000e+00  0.000000e+00
-1.584975  6.398667e-02  0.000000e+00  0.000000e+00  0.000000e+00  0.000000e+00  0.000000e+00
-1.583327  6.425027e-02  0.000000e+00  0.000000e+00  0.000000e+00  0.000000e+00  0.000000e+00
-1.581680  6.451453e-02  0.000000e+00  0.000000e+00  0.000000e+00  0.000000e+00  0.000000e+00
-1.580032  6.477944e-02  0.000000e+00  0.000000e+00  0.000000e+00  0.000000e+00  0.000000e+00
-1.578384  6.504500e-02  0.000000e+00  0.000000e+00  0.000000e+00  0.000000e+00  0.000000e+00
-1.576736  6.531120e-02  0.000000e+00  0.000000e+00  0.000000e+00  0.000000e+00  0.000000e+00
-1.575088  6.557803e-02  0.000000e+00  0.000000e+00  0.000000e+00  0.000000e+00  0.000000e+00
-1.573440  6.584550e-02  0.000000e+00  0.000000e+00  0.000000e+00  0.000000e+00  0.000000e+00
-1.571793  6.611359e-02  0.000000e+00  0.000000e+00  0.000000e+00  0.000000e+00  0.000000e+00
-1.570145  6.638230e-02  0.000000e+00  0.000000e+00  0.000000e+00  0.000000e+00  0.000000e+00
-1.568497  6.665163e-02  0.000000e+00  0.000000e+00  0.000000e+00  0.000000e+00  0.000000e+00
-1.566849  6.692156e-02  0.000000e+00  0.000000e+00  0.000000e+00  0.000000e+00  0.000000e+00
-1.565201  6.719209e-02  0.000000e+00  0.000000e+00  0.000000e+00  0.000000e+00  0.000000e+00
-1.563554  6.746323e-02  0.000000e+00  0.000000e+00  0.000000e+00  0.000000e+00  0.000000e+00
-1.561906  6.773495e-02  0.000000e+00  0.000000e+00  0.000000e+00  0.000000e+00  0.000000e+00
-1.560258  6.800726e-02  0.000000e+00  0.000000e+00  0.000000e+00  0.000000e+00  0.000000e+00
-1.558610  6.828015e-02  0.000000e+00  0.000000e+00  0.000000e+00  0.000000e+00  0.000000e+00
-1.556962  6.855362e-02  0.000000e+00  0.000000e+00  0.000000e+00  0.000000e+00  0.000000e+00
-1.555314  6.882765e-02  0.000000e+00  0.000000e+00  0.000000e+00  0.000000e+00  0.000000e+00
-1.553667  6.910224e-02  0.000000e+00  0.000000e+00  0.000000e+00  0.000000e+00  0.000000e+00
-1.552019  6.937739e-02  0.000000e+00  0.000000e+00  0.000000e+00  0.000000e+00  0.000000e+00
-1.550371  6.965309e-02  0.000000e+00  0.000000e+00  0.000000e+00  0.000000e+00  0.000000e+00
-1.548723  6.992934e-02  0.000000e+00  0.000000e+00  0.000000e+00  0.000000e+00  0.000000e+00
-1.547075  7.020612e-02  0.000000e+00  0.000000e+00  0.000000e+00  0.000000e+00  0.000000e+00
-1.545428  7.048344e-02  0.000000e+00  0.000000e+00  0.000000e+00  0.000000e+00  0.000000e+00
-1.543780  7.076128e-02  0.000000e+00  0.000000e+00  0.000000e+00  0.000000e+00  0.000000e+00
-1.542132  7.103965e-02  0.000000e+00  0.000000e+00  0.000000e+00  0.000000e+00  0.000000e+00
-1.540484  7.131853e-02  0.000000e+00  0.000000e+00  0.000000e+00  0.000000e+00  0.000000e+00
-1.538836  7.159791e-02  0.000000e+00  0.000000e+00  0.000000e+00  0.000000e+00  0.000000e+00
-1.537188  7.187780e-02  0.000000e+00  0.000000e+00  0.000000e+00  0.000000e+00  0.000000e+00
-1.535541  7.215819e-02  0.000000e+00  0.000000e+00  0.000000e+00  0.000000e+00  0.000000e+00
-1.533893  7.243906e-02  0.000000e+00  0.000000e+00  0.000000e+00  0.000000e+00  0.000000e+00
-1.532245  7.272042e-02  0.000000e+00  0.000000e+00  0.000000e+00  0.000000e+00  0.000000e+00
-1.530597  7.300226e-02  0.000000e+00  0.000000e+00  0.000000e+00  0.000000e+00  0.000000e+00
-1.528949  7.328456e-02  0.000000e+00  0.000000e+00  0.000000e+00  0.000000e+00  0.000000e+00
-1.527302  7.356734e-02  0.000000e+00  0.000000e+00  0.000000e+00  0.000000e+00  0.000000e+00
-1.525654  7.385057e-02  0.000000e+00  0.000000e+00  0.000000e+00  0.000000e+00  0.000000e+00
-1.524006  7.413425e-02  0.000000e+00  0.000000e+00  0.000000e+00  0.000000e+00  0.000000e+00
-1.522358  7.441838e-02  0.000000e+00  0.000000e+00  0.000000e+00  0.000000e+00  0.000000e+00
-1.520710  7.470296e-02  0.000000e+00  0.000000e+00  0.000000e+00  0.000000e+00  0.000000e+00
-1.519063  7.498796e-02  0.000000e+00  0.000000e+00  0.000000e+00  0.000000e+00  0.000000e+00
-1.517415  7.527339e-02  0.000000e+00  0.000000e+00  0.000000e+00  0.000000e+00  0.000000e+00
-1.515767  7.555925e-02  0.000000e+00  0.000000e+00  0.000000e+00  0.000000e+00  0.000000e+00
-1.514119  7.584551e-02  0.000000e+00  0.000000e+00  0.000000e+00  0.000000e+00  0.000000e+00
-1.512471  7.613219e-02  0.000000e+00  0.000000e+00  0.000000e+00  0.000000e+00  0.000000e+00
-1.510823  7.641927e-02  0.000000e+00  0.000000e+00  0.000000e+00  0.000000e+00  0.000000e+00
-1.509176  7.670674e-02  0.000000e+00  0.000000e+00  0.000000e+00  0.000000e+00  0.000000e+00
-1.507528  7.699461e-02  0.000000e+00  0.000000e+00  0.000000e+00  0.000000e+00  0.000000e+00
-1.505880  7.728285e-02  0.000000e+00  0.000000e+00  0.000000e+00  0.000000e+00  0.000000e+00
-1.504232  7.757147e-02  0.000000e+00  0.000000e+00  0.000000e+00  0.000000e+00  0.000000e+00
-1.502584  7.786047e-02  0.000000e+00  0.000000e+00  0.000000e+00  0.000000e+00  0.000000e+00
-1.500937  7.814982e-02  0.000000e+00  0.000000e+00  0.000000e+00  0.000000e+00  0.000000e+00
-1.499289  7.843953e-02  0.000000e+00  0.000000e+00  0.000000e+00  0.000000e+00  0.000000e+00
-1.497641  7.872960e-02  0.000000e+00  0.000000e+00  0.000000e+00  0.000000e+00  0.000000e+00
-1.495993  7.902000e-02  0.000000e+00  0.000000e+00  0.000000e+00  0.000000e+00  0.000000e+00
-1.494345  7.931075e-02  0.000000e+00  0.000000e+00  0.000000e+00  0.000000e+00  0.000000e+00
-1.492697  7.960182e-02  0.000000e+00  0.000000e+00  0.000000e+00  0.000000e+00  0.000000e+00
-1.491050  7.989322e-02  0.000000e+00  0.000000e+00  0.000000e+00  0.000000e+00  0.000000e+00
-1.489402  8.018494e-02  0.000000e+00  0.000000e+00  0.000000e+00  0.000000e+00  0.000000e+00
-1.487754  8.047697e-02  0.000000e+00  0.000000e+00  0.000000e+00  0.000000e+00  0.000000e+00
-1.486106  8.076931e-02  0.000000e+00  0.000000e+00  0.000000e+00  0.000000e+00  0.000000e+00
-1.484458  8.106194e-02  0.000000e+00  0.000000e+00  0.000000e+00  0.000000e+00  0.000000e+00
-1.482811  8.135486e-02  0.000000e+00  0.000000e+00  0.000000e+00  0.000000e+00  0.000000e+00
-1.481163  8.164807e-02  0.000000e+00  0.000000e+00  0.000000e+00  0.000000e+00  0.000000e+00
-1.479515  8.194156e-02  0.000000e+00  0.000000e+00  0.000000e+00  0.000000e+00  0.000000e+00
-1.477867  8.223532e-02  0.000000e+00  0.000000e+00  0.000000e+00  0.000000e+00  0.000000e+00
-1.476219  8.252935e-02  0.000000e+00  0.000000e+00  0.000000e+00  0.000000e+00  0.000000e+00
-1.474571  8.282363e-02  0.000000e+00  0.000000e+00  0.000000e+00  0.000000e+00  0.000000e+00
-1.472924  8.311817e-02  0.000000e+00  0.000000e+00  0.000000e+00  0.000000e+00  0.000000e+00
-1.471276  8.341295e-02  0.000000e+00  0.000000e+00  0.000000e+00  0.000000e+00  0.000000e+00
-1.469628  8.370797e-02  0.000000e+00  0.000000e+00  0.000000e+00  0.000000e+00  0.000000e+00
-1.467980  8.400322e-02  0.000000e+00  0.000000e+00  0.000000e+00  0.000000e+00  0.000000e+00
-1.466332  8.429870e-02  0.000000e+00  0.000000e+00  0.000000e+00  0.000000e+00  0.000000e+00
-1.464685  8.459440e-02  0.000000e+00  0.000000e+00  0.000000e+00  0.000000e+00  0.000000e+00
-1.463037  8.489031e-02  0.000000e+00  0.000000e+00  0.000000e+00  0.000000e+00  0.000000e+00
-1.461389  8.518643e-02  0.000000e+00  0.000000e+00  0.000000e+00  0.000000e+00  0.000000e+00
-1.459741  8.548274e-02  0.000000e+00  0.000000e+00  0.000000e+00  0.000000e+00  0.000000e+00
-1.458093  8.577925e-02  0.000000e+00  0.000000e+00  0.000000e+00  0.000000e+00  0.000000e+00
-1.456445  8.607595e-02  0.000000e+00  0.000000e+00  0.000000e+00  0.000000e+00  0.000000e+00
-1.454798  8.637282e-02  0.000000e+00  0.000000e+00  0.000000e+00  0.000000e+00  0.000000e+00
-1.453150  8.666986e-02  0.000000e+00  0.000000e+00  0.000000e+00  0.000000e+00  0.000000e+00
-1.451502  8.696708e-02  0.000000e+00  0.000000e+00  0.000000e+00  0.000000e+00  0.000000e+00
-1.449854  8.726445e-02  0.000000e+00  0.000000e+00  0.000000e+00  0.000000e+00  0.000000e+00
-1.448206  8.756197e-02  0.000000e+00  0.000000e+00  0.000000e+00  0.000000e+00  0.000000e+00
-1.446559  8.785964e-02  0.000000e+00  0.000000e+00  0.000000e+00  0.000000e+00  0.000000e+00
-1.444911  8.815744e-02  0.000000e+00  0.000000e+00  0.000000e+00  0.000000e+00  0.000000e+00
-1.443263  8.845538e-02  0.000000e+00  0.000000e+00  0.000000e+00  0.000000e+00  0.000000e+00
-1.441615  8.875345e-02  0.000000e+00  0.000000e+00  0.000000e+00  0.000000e+00  0.000000e+00
-1.439967  8.905163e-02  0.000000e+00  0.000000e+00  0.000000e+00  0.000000e+00  0.000000e+00
-1.438319  8.934993e-02  0.000000e+00  0.000000e+00  0.000000e+00  0.000000e+00  0.000000e+00
-1.436672  8.964833e-02  0.000000e+00  0.000000e+00  0.000000e+00  0.000000e+00  0.000000e+00
-1.435024  8.994683e-02  0.000000e+00  0.000000e+00  0.000000e+00  0.000000e+00  0.000000e+00
-1.433376  9.024542e-02  0.000000e+00  0.000000e+00  0.000000e+00  0.000000e+00  0.000000e+00
-1.431728  9.054410e-02  0.000000e+00  0.000000e+00  0.000000e+00  0.000000e+00  0.000000e+00
-1.430080  9.084285e-02  0.000000e+00  0.000000e+00  0.000000e+00  0.000000e+00  0.000000e+00
-1.428433  9.114168e-02  0.000000e+00  0.000000e+00  0.000000e+00  0.000000e+00  0.000000e+00
-1.426785  9.144057e-02  0.000000e+00  0.000000e+00  0.000000e+00  0.000000e+00  0.000000e+00
-1.425137  9.173952e-02  0.000000e+00  0.000000e+00  0.000000e+00  0.000000e+00  0.000000e+00
-1.423489  9.203852e-02  0.000000e+00  0.000000e+00  0.000000e+00  0.000000e+00  0.000000e+00
-1.421841  9.233757e-02  0.000000e+00  0.000000e+00  0.000000e+00  0.000000e+00  0.000000e+00
-1.420193  9.263665e-02  0.000000e+00  0.000000e+00  0.000000e+00  0.000000e+00  0.000000e+00
-1.418546  9.293577e-02  0.000000e+00  0.000000e+00  0.000000e+00  0.000000e+00  0.000000e+00
-1.416898  9.323491e-02  0.000000e+00  0.000000e+00  0.000000e+00  0.000000e+00  0.000000e+00
-1.415250  9.353407e-02  0.000000e+00  0.000000e+00  0.000000e+00  0.000000e+00  0.000000e+00
-1.413602  9.383323e-02  0.000000e+00  0.000000e+00  0.000000e+00  0.000000e+00  0.000000e+00
-1.411954  9.413241e-02  0.000000e+00  0.000000e+00  0.000000e+00  0.000000e+00  0.000000e+00
-1.410307  9.443158e-02  0.000000e+00  0.000000e+00  0.000000e+00  0.000000e+00  0.000000e+00
-1.408659  9.473074e-02  0.000000e+00  0.000000e+00  0.000000e+00  0.000000e+00  0.000000e+00
-1.407011  9.502988e-02  0.000000e+00  0.000000e+00  0.000000e+00  0.000000e+00  0.000000e+00
-1.405363  9.532900e-02  0.000000e+00  0.000000e+00  0.000000e+00  0.000000e+00  0.000000e+00
-1.403715  9.562809e-02  0.000000e+00  0.000000e+00  0.000000e+00  0.000000e+00  0.000000e+00
-1.402067  9.592715e-02  0.000000e+00  0.000000e+00  0.000000e+00  0.000000e+00  0.000000e+00
-1.400420  9.622616e-02  0.000000e+00  0.000000e+00  0.000000e+00  0.000000e+00  0.000000e+00
-1.398772  9.652512e-02  0.000000e+00  0.000000e+00  0.000000e+00  0.000000e+00  0.000000e+00
-1.397124  9.682403e-02  0.000000e+00  0.000000e+00  0.000000e+00  0.000000e+00  0.000000e+00
-1.395476  9.712287e-02  0.000000e+00  0.000000e+00  0.000000e+00  0.000000e+00  0.000000e+00
-1.393828  9.742164e-02  0.000000e+00  0.000000e+00  0.000000e+00  0.000000e+00  0.000000e+00
-1.392181  9.772033e-02  0.000000e+00  0.000000e+00  0.000000e+00  0.000000e+00  0.000000e+00
-1.390533  9.801894e-02  0.000000e+00  0.000000e+00  0.000000e+00  0.000000e+00  0.000000e+00
-1.388885  9.831745e-02  0.000000e+00  0.000000e+00  0.000000e+00  0.000000e+00  0.000000e+00
-1.387237  9.861587e-02  0.000000e+00  0.000000e+00  0.000000e+00  0.000000e+00  0.000000e+00
-1.385589  9.891418e-02  0.000000e+00  0.000000e+00  0.000000e+00  0.000000e+00  0.000000e+00
-1.383941  9.921239e-02  0.000000e+00  0.000000e+00  0.000000e+00  0.000000e+00  0.000000e+00
-1.382294  9.951047e-02  0.000000e+00  0.000000e+00  0.000000e+00  0.000000e+00  0.000000e+00
-1.380646  9.980843e-02  0.000000e+00  0.000000e+00  0.000000e+00  0.000000e+00  0.000000e+00
-1.378998  1.001063e-01  0.000000e+00  0.000000e+00  0.000000e+00  0.000000e+00  0.000000e+00
-1.377350  1.004039e-01  0.000000e+00  0.000000e+00  0.000000e+00  0.000000e+00  0.000000e+00
-1.375702  1.007015e-01  0.000000e+00  0.000000e+00  0.000000e+00  0.000000e+00  0.000000e+00
-1.374055  1.009989e-01  0.000000e+00  0.000000e+00  0.000000e+00  0.000000e+00  0.000000e+00
-1.372407  1.012961e-01  0.000000e+00  0.000000e+00  0.000000e+00  0.000000e+00  0.000000e+00
-1.370759  1.015932e-01  0.000000e+00  0.000000e+00  0.000000e+00  0.000000e+00  0.000000e+00
-1.369111  1.018900e-01  0.000000e+00  0.000000e+00  0.000000e+00  0.000000e+00  0.000000e+00
-1.367463  1.021868e-01  0.000000e+00  0.000000e+00  0.000000e+00  0.000000e+00  0.000000e+00
-1.365815  1.024833e-01  0.000000e+00  0.000000e+00  0.000000e+00  0.000000e+00  0.000000e+00
-1.364168  1.027796e-01  0.000000e+00  0.000000e+00  0.000000e+00  0.000000e+00  0.000000e+00
-1.362520  1.030757e-01  0.000000e+00  0.000000e+00  0.000000e+00  0.000000e+00  0.000000e+00
-1.360872  1.033716e-01  0.000000e+00  0.000000e+00  0.000000e+00  0.000000e+00  0.000000e+00
-1.359224  1.036673e-01  0.000000e+00  0.000000e+00  0.000000e+00  0.000000e+00  0.000000e+00
-1.357576  1.039628e-01  0.000000e+00  0.000000e+00  0.000000e+00  0.000000e+00  0.000000e+00
-1.355929  1.042581e-01  0.000000e+00  0.000000e+00  0.000000e+00  0.000000e+00  0.000000e+00
-1.354281  1.045531e-01  0.000000e+00  0.000000e+00  0.000000e+00  0.000000e+00  0.000000e+00
-1.352633  1.048479e-01  0.000000e+00  0.000000e+00  0.000000e+00  0.000000e+00  0.000000e+00
-1.350985  1.051424e-01  0.000000e+00  0.000000e+00  0.000000e+00  0.000000e+00  0.000000e+00
-1.349337  1.054367e-01  0.000000e+00  0.000000e+00  0.000000e+00  0.000000e+00  0.000000e+00
-1.347689  1.057307e-01  0.000000e+00  0.000000e+00  0.000000e+00  0.000000e+00  0.000000e+00
-1.346042  1.060244e-01  0.000000e+00  0.000000e+00  0.000000e+00  0.000000e+00  0.000000e+00
-1.344394  1.063178e-01  0.000000e+00  0.000000e+00  0.000000e+00  0.000000e+00  0.000000e+00
-1.342746  1.066110e-01  0.000000e+00  0.000000e+00  0.000000e+00  0.000000e+00  0.000000e+00
-1.341098  1.069039e-01  0.000000e+00  0.000000e+00  0.000000e+00  0.000000e+00  0.000000e+00
-1.339450  1.071965e-01  0.000000e+00  0.000000e+00  0.000000e+00  0.000000e+00  0.000000e+00
-1.337803  1.074887e-01  0.000000e+00  0.000000e+00  0.000000e+00  0.000000e+00  0.000000e+00
-1.336155  1.077807e-01  0.000000e+00  0.000000e+00  0.000000e+00  0.000000e+00  0.000000e+00
-1.334507  1.080724e-01  0.000000e+00  0.000000e+00  0.000000e+00  0.000000e+00  0.000000e+00
-1.332859  1.083637e-01  0.000000e+00  0.000000e+00  0.000000e+00  0.000000e+00  0.000000e+00
-1.331211  1.086547e-01  0.000000e+00  0.000000e+00  0.000000e+00  0.000000e+00  0.000000e+00
-1.329563  1.089453e-01  0.000000e+00  0.000000e+00  0.000000e+00  0.000000e+00  0.000000e+00
-1.327916  1.092356e-01  0.000000e+00  0.000000e+00  0.000000e+00  0.000000e+00  0.000000e+00
-1.326268  1.095255e-01  0.000000e+00  0.000000e+00  0.000000e+00  0.000000e+00  0.000000e+00
-1.324620  1.098151e-01  0.000000e+00  0.000000e+00  0.000000e+00  0.000000e+00  0.000000e+00
-1.322972  1.101043e-01  0.000000e+00  0.000000e+00  0.000000e+00  0.000000e+00  0.000000e+00
-1.321324  1.103931e-01  0.000000e+00  0.000000e+00  0.000000e+00  0.000000e+00  0.000000e+00
-1.319677  1.106816e-01  0.000000e+00  0.000000e+00  0.000000e+00  0.000000e+00  0.000000e+00
-1.318029  1.109697e-01  0.000000e+00  0.000000e+00  0.000000e+00  0.000000e+00  0.000000e+00
-1.316381  1.112573e-01  0.000000e+00  0.000000e+00  0.000000e+00  0.000000e+00  0.000000e+00
-1.314733  1.115446e-01  0.000000e+00  0.000000e+00  0.000000e+00  0.000000e+00  0.000000e+00
-1.313085  1.118314e-01  0.000000e+00  0.000000e+00  0.000000e+00  0.000000e+00  0.000000e+00
-1.311438  1.121178e-01  0.000000e+00  0.000000e+00  0.000000e+00  0.000000e+00  0.000000e+00
-1.309790  1.124038e-01  0.000000e+00  0.000000e+00  0.000000e+00  0.000000e+00  0.000000e+00
-1.308142  1.126894e-01  0.000000e+00  0.000000e+00  0.000000e+00  0.000000e+00  0.000000e+00
-1.306494  1.129745e-01  0.000000e+00  0.000000e+00  0.000000e+00  0.000000e+00  0.000000e+00
-1.304846  1.132592e-01  0.000000e+00  0.000000e+00  0.000000e+00  0.000000e+00  0.000000e+00
-1.303198  1.135434e-01  0.000000e+00  0.000000e+00  0.000000e+00  0.000000e+00  0.000000e+00
-1.301551  1.138272e-01  0.000000e+00  0.000000e+00  0.000000e+00  0.000000e+00  0.000000e+00
-1.299903  1.141105e-01  0.000000e+00  0.000000e+00  0.000000e+00  0.000000e+00  0.000000e+00
-1.298255  1.143933e-01  0.000000e+00  0.000000e+00  0.000000e+00  0.000000e+00  0.000000e+00
-1.296607  1.146757e-01  0.000000e+00  0.000000e+00  0.000000e+00  0.000000e+00  0.000000e+00
-1.294959  1.149575e-01  0.000000e+00  0.000000e+00  0.000000e+00  0.000000e+00  0.000000e+00
-1.293312  1.152388e-01  0.000000e+00  0.000000e+00  0.000000e+00  0.000000e+00  0.000000e+00
-1.291664  1.155197e-01  0.000000e+00  0.000000e+00  0.000000e+00  0.000000e+00  0.000000e+00
-1.290016  1.158000e-01  0.000000e+00  0.000000e+00  0.000000e+00  0.000000e+00  0.000000e+00
-1.288368  1.160798e-01  0.000000e+00  0.000000e+00  0.000000e+00  0.000000e+00  0.000000e+00
-1.286720  1.163591e-01  0.000000e+00  0.000000e+00  0.000000e+00  0.000000e+00  0.000000e+00
-1.285072  1.166378e-01  0.000000e+00  0.000000e+00  0.000000e+00  0.000000e+00  0.000000e+00
-1.283425  1.169160e-01  0.000000e+00  0.000000e+00  0.000000e+00  0.000000e+00  0.000000e+00
-1.281777  1.171937e-01  0.000000e+00  0.000000e+00  0.000000e+00  0.000000e+00  0.000000e+00
-1.280129  1.174708e-01  0.000000e+00  0.000000e+00  0.000000e+00  0.000000e+00  0.000000e+00
-1.278481  1.177473e-01  0.000000e+00  0.000000e+00  0.000000e+00  0.000000e+00  0.000000e+00
-1.276833  1.180233e-01  0.000000e+00  0.000000e+00  0.000000e+00  0.000000e+00  0.000000e+00
-1.275186  1.182986e-01  0.000000e+00  0.000000e+00  0.000000e+00  0.000000e+00  0.000000e+00
-1.273538  1.185734e-01  0.000000e+00  0.000000e+00  0.000000e+00  0.000000e+00  0.000000e+00
-1.271890  1.188476e-01  0.000000e+00  0.000000e+00  0.000000e+00  0.000000e+00  0.000000e+00
-1.270242  1.191212e-01  0.000000e+00  0.000000e+00  0.000000e+00  0.000000e+00  0.000000e+00
-1.268594  1.193942e-01  0.000000e+00  0.000000e+00  0.000000e+00  0.000000e+00  0.000000e+00
-1.266946  1.196666e-01  0.000000e+00  0.000000e+00  0.000000e+00  0.000000e+00  0.000000e+00
-1.265299  1.199383e-01  0.000000e+00  0.000000e+00  0.000000e+00  0.000000e+00  0.000000e+00
-1.263651  1.202094e-01  0.000000e+00  0.000000e+00  0.000000e+00  0.000000e+00  0.000000e+00
-1.262003  1.204799e-01  0.000000e+00  0.000000e+00  0.000000e+00  0.000000e+00  0.000000e+00
-1.260355  1.207497e-01  0.000000e+00  0.000000e+00  0.000000e+00  0.000000e+00  0.000000e+00
-1.258707  1.210189e-01  0.000000e+00  0.000000e+00  0.000000e+00  0.000000e+00  0.000000e+00
-1.257060  1.212874e-01  0.000000e+00  0.000000e+00  0.000000e+00  0.000000e+00  0.000000e+00
-1.255412  1.215552e-01  0.000000e+00  0.000000e+00  0.000000e+00  0.000000e+00  0.000000e+00
-1.253764  1.218224e-01  0.000000e+00  0.000000e+00  0.000000e+00  0.000000e+00  0.000000e+00
-1.252116  1.220889e-01  0.000000e+00  0.000000e+00  0.000000e+00  0.000000e+00  0.000000e+00
-1.250468  1.223547e-01  0.000000e+00  0.000000e+00  0.000000e+00  0.000000e+00  0.000000e+00
-1.248820  1.226198e-01  0.000000e+00  0.000000e+00  0.000000e+00  0.000000e+00  0.000000e+00
-1.247173  1.228841e-01  0.000000e+00  0.000000e+00  0.000000e+00  0.000000e+00  0.000000e+00
-1.245525  1.231478e-01  0.000000e+00  0.000000e+00  0.000000e+00  0.000000e+00  0.000000e+00
-1.243877  1.234107e-01  0.000000e+00  0.000000e+00  0.000000e+00  0.000000e+00  0.000000e+00
-1.242229  1.236729e-01  0.000000e+00  0.000000e+00  0.000000e+00  0.000000e+00  0.000000e+00
-1.240581  1.239344e-01  0.000000e+00  0.000000e+00  0.000000e+00  0.000000e+00  0.000000e+00
-1.238934  1.241951e-01  0.000000e+00  0.000000e+00  0.000000e+00  0.000000e+00  0.000000e+00
-1.237286  1.244551e-01  0.000000e+00  0.000000e+00  0.000000e+00  0.000000e+00  0.000000e+00
-1.235638  1.247143e-01  0.000000e+00  0.000000e+00  0.000000e+00  0.000000e+00  0.000000e+00
-1.233990  1.249727e-01  0.000000e+00  0.000000e+00  0.000000e+00  0.000000e+00  0.000000e+00
-1.232342  1.252304e-01  0.000000e+00  0.000000e+00  0.000000e+00  0.000000e+00  0.000000e+00
-1.230694  1.254873e-01  0.000000e+00  0.000000e+00  0.000000e+00  0.000000e+00  0.000000e+00
-1.229047  1.257433e-01  0.000000e+00  0.000000e+00  0.000000e+00  0.000000e+00  0.000000e+00
-1.227399  1.259986e-01  0.000000e+00  0.000000e+00  0.000000e+00  0.000000e+00  0.000000e+00
-1.225751  1.262531e-01  0.000000e+00  0.000000e+00  0.000000e+00  0.000000e+00  0.000000e+00
-1.224103  1.265067e-01  0.000000e+00  0.000000e+00  0.000000e+00  0.000000e+00  0.000000e+00
-1.222455  1.267595e-01  0.000000e+00  0.000000e+00  0.000000e+00  0.000000e+00  0.000000e+00
-1.220808  1.270115e-01  0.000000e+00  0.000000e+00  0.000000e+00  0.000000e+00  0.000000e+00
-1.219160  1.272627e-01  0.000000e+00  0.000000e+00  0.000000e+00  0.000000e+00  0.000000e+00
-1.217512  1.275130e-01  0.000000e+00  0.000000e+00  0.000000e+00  0.000000e+00  0.000000e+00
-1.215864  1.277624e-01  0.000000e+00  0.000000e+00  0.000000e+00  0.000000e+00  0.000000e+00
-1.214216  1.280110e-01  0.000000e+00  0.000000e+00  0.000000e+00  0.000000e+00  0.000000e+00
-1.212568  1.282587e-01  0.000000e+00  0.000000e+00  0.000000e+00  0.000000e+00  0.000000e+00
-1.210921  1.285055e-01  0.000000e+00  0.000000e+00  0.000000e+00  0.000000e+00  0.000000e+00
-1.209273  1.287514e-01  0.000000e+00  0.000000e+00  0.000000e+00  0.000000e+00  0.000000e+00
-1.207625  1.289964e-01  0.000000e+00  0.000000e+00  0.000000e+00  0.000000e+00  0.000000e+00
-1.205977  1.292405e-01  0.000000e+00  0.000000e+00  0.000000e+00  0.000000e+00  0.000000e+00
-1.204329  1.294837e-01  0.000000e+00  0.000000e+00  0.000000e+00  0.000000e+00  0.000000e+00
-1.202682  1.297260e-01  0.000000e+00  0.000000e+00  0.000000e+00  0.000000e+00  0.000000e+00
-1.201034  1.299673e-01  0.000000e+00  0.000000e+00  0.000000e+00  0.000000e+00  0.000000e+00
-1.199386  1.302078e-01  0.000000e+00  0.000000e+00  0.000000e+00  0.000000e+00  0.000000e+00
-1.197738  1.304472e-01  0.000000e+00  0.000000e+00  0.000000e+00  0.000000e+00  0.000000e+00
-1.196090  1.306857e-01  0.000000e+00  0.000000e+00  0.000000e+00  0.000000e+00  0.000000e+00
-1.194442  1.309232e-01  0.000000e+00  0.000000e+00  0.000000e+00  0.000000e+00  0.000000e+00
-1.192795  1.311598e-01  0.000000e+00  0.000000e+00  0.000000e+00  0.000000e+00  0.000000e+00
-1.191147  1.313954e-01  0.000000e+00  0.000000e+00  0.000000e+00  0.000000e+00  0.000000e+00
-1.189499  1.316300e-01  0.000000e+00  0.000000e+00  0.000000e+00  0.000000e+00  0.000000e+00
-1.187851  1.318636e-01  0.000000e+00  0.000000e+00  0.000000e+00  0.000000e+00  0.000000e+00
-1.186203  1.320962e-01  0.000000e+00  0.000000e+00  0.000000e+00  0.000000e+00  0.000000e+00
-1.184556  1.323277e-01  0.000000e+00  0.000000e+00  0.000000e+00  0.000000e+00  0.000000e+00
-1.182908  1.325583e-01  0.000000e+00  0.000000e+00  0.000000e+00  0.000000e+00  0.000000e+00
-1.181260  1.327878e-01  0.000000e+00  0.000000e+00  0.000000e+00  0.000000e+00  0.000000e+00
-1.179612  1.330162e-01  0.000000e+00  0.000000e+00  0.000000e+00  0.000000e+00  0.000000e+00
-1.177964  1.332437e-01  0.000000e+00  0.000000e+00  0.000000e+00  0.000000e+00  0.000000e+00
-1.176316  1.334700e-01  0.000000e+00  0.000000e+00  0.000000e+00  0.000000e+00  0.000000e+00
-1.174669  1.336953e-01  0.000000e+00  0.000000e+00  0.000000e+00  0.000000e+00  0.000000e+00
-1.173021  1.339195e-01  0.000000e+00  0.000000e+00  0.000000e+00  0.000000e+00  0.000000e+00
-1.171373  1.341427e-01  0.000000e+00  0.000000e+00  0.000000e+00  0.000000e+00  0.000000e+00
-1.169725  1.343647e-01  0.000000e+00  0.000000e+00  0.000000e+00  0.000000e+00  0.000000e+00
-1.168077  1.345857e-01  0.000000e+00  0.000000e+00  0.000000e+00  0.000000e+00  0.000000e+00
-1.166430  1.348055e-01  0.000000e+00  0.000000e+00  0.000000e+00  0.000000e+00  0.000000e+00
-1.164782  1.350242e-01  0.000000e+00  0.000000e+00  0.000000e+00  0.000000e+00  0.000000e+00
-1.163134  1.352418e-01  0.000000e+00  0.000000e+00  0.000000e+00  0.000000e+00  0.000000e+00
-1.161486  1.354582e-01  0.000000e+00  0.000000e+00  0.000000e+00  0.000000e+00  0.000000e+00
-1.159838  1.356735e-01  0.000000e+00  0.000000e+00  0.000000e+00  0.000000e+00  0.000000e+00
-1.158190  1.358877e-01  0.000000e+00  0.000000e+00  0.000000e+00  0.000000e+00  0.000000e+00
-1.156543  1.361006e-01  0.000000e+00  0.000000e+00  0.000000e+00  0.000000e+00  0.000000e+00
-1.154895  1.363125e-01  0.000000e+00  0.000000e+00  0.000000e+00  0.000000e+00  0.000000e+00
-1.153247  1.365231e-01  0.000000e+00  0.000000e+00  0.000000e+00  0.000000e+00  0.000000e+00
-1.151599  1.367325e-01  0.000000e+00  0.000000e+00  0.000000e+00  0.000000e+00  0.000000e+00
-1.149951  1.369408e-01  0.000000e+00  0.000000e+00  0.000000e+00  0.000000e+00  0.000000e+00
-1.148304  1.371478e-01  0.000000e+00  0.000000e+00  0.000000e+00  0.000000e+00  0.000000e+00
-1.146656  1.373536e-01  0.000000e+00  0.000000e+00  0.000000e+00  0.000000e+00  0.000000e+00
-1.145008  1.375582e-01  0.000000e+00  0.000000e+00  0.000000e+00  0.000000e+00  0.000000e+00
-1.143360  1.377615e-01  0.000000e+00  0.000000e+00  0.000000e+00  0.000000e+00  0.000000e+00
-1.141712  1.379636e-01  0.000000e+00  0.000000e+00  0.000000e+00  0.000000e+00  0.000000e+00
-1.140064  1.381645e-01  0.000000e+00  0.000000e+00  0.000000e+00  0.000000e+00  0.000000e+00
-1.138417  1.383641e-01  0.000000e+00  0.000000e+00  0.000000e+00  0.000000e+00  0.000000e+00
-1.136769  1.385624e-01  0.000000e+00  0.000000e+00  0.000000e+00  0.000000e+00  0.000000e+00
-1.135121  1.387594e-01  0.000000e+00  0.000000e+00  0.000000e+00  0.000000e+00  0.000000e+00
-1.133473  1.389551e-01  0.000000e+00  0.000000e+00  0.000000e+00  0.000000e+00  0.000000e+00
-1.131825  1.391496e-01  0.000000e+00  0.000000e+00  0.000000e+00  0.000000e+00  0.000000e+00
-1.130178  1.393427e-01  0.000000e+00  0.000000e+00  0.000000e+00  0.000000e+00  0.000000e+00
-1.128530  1.395345e-01  0.000000e+00  0.000000e+00  0.000000e+00  0.000000e+00  0.000000e+00
-1.126882  1.397250e-01  0.000000e+00  0.000000e+00  0.000000e+00  0.000000e+00  0.000000e+00
-1.125234  1.399142e-01  0.000000e+00  0.000000e+00  0.000000e+00  0.000000e+00  0.000000e+00
-1.123586  1.401020e-01  0.000000e+00  0.000000e+00  0.000000e+00  0.000000e+00  0.000000e+00
-1.121938  1.402884e-01  0.000000e+00  0.000000e+00  0.000000e+00  0.000000e+00  0.000000e+00
-1.120291  1.404735e-01  0.000000e+00  0.000000e+00  0.000000e+00  0.000000e+00  0.000000e+00
-1.118643  1.406572e-01  0.000000e+00  0.000000e+00  0.000000e+00  0.000000e+00  0.000000e+00
-1.116995  1.408395e-01  0.000000e+00  0.000000e+00  0.000000e+00  0.000000e+00  0.000000e+00
-1.115347  1.410205e-01  0.000000e+00  0.000000e+00  0.000000e+00  0.000000e+00  0.000000e+00
-1.113699  1.412000e-01  0.000000e+00  0.000000e+00  0.000000e+00  0.000000e+00  0.000000e+00
-1.112052  1.413781e-01  0.000000e+00  0.000000e+00  0.000000e+00  0.000000e+00  0.000000e+00
-1.110404  1.415548e-01  0.000000e+00  0.000000e+00  0.000000e+00  0.000000e+00  0.000000e+00
-1.108756  1.417300e-01  0.000000e+00  0.000000e+00  0.000000e+00  0.000000e+00  0.000000e+00
-1.107108  1.419039e-01  0.000000e+00  0.000000e+00  0.000000e+00  0.000000e+00  0.000000e+00
-1.105460  1.420762e-01  0.000000e+00  0.000000e+00  0.000000e+00  0.000000e+00  0.000000e+00
-1.103813  1.422471e-01  0.000000e+00  0.000000e+00  0.000000e+00  0.000000e+00  0.000000e+00
-1.102165  1.424166e-01  0.000000e+00  0.000000e+00  0.000000e+00  0.000000e+00  0.000000e+00
-1.100517  1.425845e-01  0.000000e+00  0.000000e+00  0.000000e+00  0.000000e+00  0.000000e+00
-1.098869  1.427510e-01  0.000000e+00  0.000000e+00  0.000000e+00  0.000000e+00  0.000000e+00
-1.097221  1.429160e-01  0.000000e+00  0.000000e+00  0.000000e+00  0.000000e+00  0.000000e+00
-1.095573  1.430794e-01  0.000000e+00  0.000000e+00  0.000000e+00  0.000000e+00  0.000000e+00
-1.093926  1.432414e-01  0.000000e+00  0.000000e+00  0.000000e+00  0.000000e+00  0.000000e+00
-1.092278  1.434018e-01  0.000000e+00  0.000000e+00  0.000000e+00  0.000000e+00  0.000000e+00
-1.090630  1.435606e-01  0.000000e+00  0.000000e+00  0.000000e+00  0.000000e+00  0.000000e+00
-1.088982  1.437180e-01  0.000000e+00  0.000000e+00  0.000000e+00  0.000000e+00  0.000000e+00
-1.087334  1.438737e-01  0.000000e+00  0.000000e+00  0.000000e+00  0.000000e+00  0.000000e+00
-1.085687  1.440279e-01  0.000000e+00  0.000000e+00  0.000000e+00  0.000000e+00  0.000000e+00
-1.084039  1.441806e-01  0.000000e+00  0.000000e+00  0.000000e+00  0.000000e+00  0.000000e+00
-1.082391  1.443316e-01  0.000000e+00  0.000000e+00  0.000000e+00  0.000000e+00  0.000000e+00
-1.080743  1.444810e-01  0.000000e+00  0.000000e+00  0.000000e+00  0.000000e+00  0.000000e+00
-1.079095  1.446289e-01  0.000000e+00  0.000000e+00  0.000000e+00  0.000000e+00  0.000000e+00
-1.077447  1.447751e-01  0.000000e+00  0.000000e+00  0.000000e+00  0.000000e+00  0.000000e+00
-1.075800  1.449197e-01  0.000000e+00  0.000000e+00  0.000000e+00  0.000000e+00  0.000000e+00
-1.074152  1.450626e-01  0.000000e+00  0.000000e+00  0.000000e+00  0.000000e+00  0.000000e+00
-1.072504  1.452039e-01  0.000000e+00  0.000000e+00  0.000000e+00  0.000000e+00  0.000000e+00
-1.070856  1.453435e-01  0.000000e+00  0.000000e+00  0.000000e+00  0.000000e+00  0.000000e+00
-1.069208  1.454815e-01  0.000000e+00  0.000000e+00  0.000000e+00  0.000000e+00  0.000000e+00
-1.067561  1.456178e-01  0.000000e+00  0.000000e+00  0.000000e+00  0.000000e+00  0.000000e+00
-1.065913  1.457524e-01  0.000000e+00  0.000000e+00  0.000000e+00  0.000000e+00  0.000000e+00
-1.064265  1.458854e-01  0.000000e+00  0.000000e+00  0.000000e+00  0.000000e+00  0.000000e+00
-1.062617  1.460166e-01  0.000000e+00  0.000000e+00  0.000000e+00  0.000000e+00  0.000000e+00
-1.060969  1.461461e-01  0.000000e+00  0.000000e+00  0.000000e+00  0.000000e+00  0.000000e+00
-1.059321  1.462738e-01  0.000000e+00  0.000000e+00  0.000000e+00  0.000000e+00  0.000000e+00
-1.057674  1.463999e-01  0.000000e+00  0.000000e+00  0.000000e+00  0.000000e+00  0.000000e+00
-1.056026  1.465241e-01  0.000000e+00  0.000000e+00  0.000000e+00  0.000000e+00  0.000000e+00
-1.054378  1.466467e-01  0.000000e+00  0.000000e+00  0.000000e+00  0.000000e+00  0.000000e+00
-1.052730  1.467674e-01  0.000000e+00  0.000000e+00  0.000000e+00  0.000000e+00  0.000000e+00
-1.051082  1.468864e-01  0.000000e+00  0.000000e+00  0.000000e+00  0.000000e+00  0.000000e+00
-1.049435  1.470036e-01  0.000000e+00  0.000000e+00  0.000000e+00  0.000000e+00  0.000000e+00
-1.047787  1.471190e-01  0.000000e+00  0.000000e+00  0.000000e+00  0.000000e+00  0.000000e+00
-1.046139  1.472326e-01  0.000000e+00  0.000000e+00  0.000000e+00  0.000000e+00  0.000000e+00
-1.044491  1.473444e-01  0.000000e+00  0.000000e+00  0.000000e+00  0.000000e+00  0.000000e+00
-1.042843  1.474543e-01  0.000000e+00  0.000000e+00  0.000000e+00  0.000000e+00  0.000000e+00
-1.041195  1.475624e-01  0.000000e+00  0.000000e+00  0.000000e+00  0.000000e+00  0.000000e+00
-1.039548  1.476687e-01  0.000000e+00  0.000000e+00  0.000000e+00  0.000000e+00  0.000000e+00
-1.037900  1.477731e-01  0.000000e+00  0.000000e+00  0.000000e+00  0.000000e+00  0.000000e+00
-1.036252  1.478756e-01  0.000000e+00  0.000000e+00  0.000000e+00  0.000000e+00  0.000000e+00
-1.034604  1.479763e-01  0.000000e+00  0.000000e+00  0.000000e+00  0.000000e+00  0.000000e+00
-1.032956  1.480750e-01  0.000000e+00  0.000000e+00  0.000000e+00  0.000000e+00  0.000000e+00
-1.031309  1.481719e-01  0.000000e+00  0.000000e+00  0.000000e+00  0.000000e+00  0.000000e+00
-1.029661  1.482669e-01  0.000000e+00  0.000000e+00  0.000000e+00  0.000000e+00  0.000000e+00
-1.028013  1.483599e-01  0.000000e+00  0.000000e+00  0.000000e+00  0.000000e+00  0.000000e+00
-1.026365  1.484510e-01  0.000000e+00  0.000000e+00  0.000000e+00  0.000000e+00  0.000000e+00
-1.024717  1.485402e-01  0.000000e+00  0.000000e+00  0.000000e+00  0.000000e+00  0.000000e+00
-1.023069  1.486274e-01  0.000000e+00  0.000000e+00  0.000000e+00  0.000000e+00  0.000000e+00
-1.021422  1.487127e-01  0.000000e+00  0.000000e+00  0.000000e+00  0.000000e+00  0.000000e+00
-1.019774  1.487960e-01  0.000000e+00  0.000000e+00  0.000000e+00  0.000000e+00  0.000000e+00
-1.018126  1.488773e-01  0.000000e+00  0.000000e+00  0.000000e+00  0.000000e+00  0.000000e+00
-1.016478  1.489566e-01  0.000000e+00  0.000000e+00  0.000000e+00  0.000000e+00  0.000000e+00
-1.014830  1.490339e-01  0.000000e+00  0.000000e+00  0.000000e+00  0.000000e+00  0.000000e+00
-1.013183  1.491093e-01  0.000000e+00  0.000000e+00  0.000000e+00  0.000000e+00  0.000000e+00
-1.011535  1.491826e-01  0.000000e+00  0.000000e+00  0.000000e+00  0.000000e+00  0.000000e+00
-1.009887  1.492538e-01  0.000000e+00  0.000000e+00  0.000000e+00  0.000000e+00  0.000000e+00
-1.008239  1.493231e-01  0.000000e+00  0.000000e+00  0.000000e+00  0.000000e+00  0.000000e+00
-1.006591  1.493902e-01  0.000000e+00  0.000000e+00  0.000000e+00  0.000000e+00  0.000000e+00
-1.004943  1.494554e-01  0.000000e+00  0.000000e+00  0.000000e+00  0.000000e+00  0.000000e+00
-1.003296  1.495184e-01  0.000000e+00  0.000000e+00  0.000000e+00  0.000000e+00  0.000000e+00
-1.001648  1.495794e-01  0.000000e+00  0.000000e+00  0.000000e+00  0.000000e+00  0.000000e+00
-1.000000  1.496383e-01  0.000000e+00  0.000000e+00  0.000000e+00  0.000000e+00  0.000000e+00
