# Neutrino-40Ar neutral current cross section (10^-38 cm^2/GeV) #
# log(energy in GeV)  nu_e      nu_mu      nu_tau      nu_e_bar      nu_mu_bar    nu_tau_bar #

-2.008774  6.156993e-08  6.156993e-08  6.156993e-08  6.156993e-08  6.156993e-08  6.156993e-08
-2.007464  1.751675e-07  1.751675e-07  1.751675e-07  1.751675e-07  1.751675e-07  1.751675e-07
-2.006154  3.464974e-07  3.464974e-07  3.464974e-07  3.464974e-07  3.464974e-07  3.464974e-07
-2.004845  5.757501e-07  5.757501e-07  5.757501e-07  5.757501e-07  5.757501e-07  5.757501e-07
-2.003535  8.629274e-07  8.629274e-07  8.629274e-07  8.629274e-07  8.629274e-07  8.629274e-07
-2.002225  1.208032e-06  1.208032e-06  1.208032e-06  1.208032e-06  1.208032e-06  1.208032e-06
-2.000915  1.611067e-06  1.611067e-06  1.611067e-06  1.611067e-06  1.611067e-06  1.611067e-06
-1.999605  2.072037e-06  2.072037e-06  2.072037e-06  2.072037e-06  2.072037e-06  2.072037e-06
-1.998295  2.590944e-06  2.590944e-06  2.590944e-06  2.590944e-06  2.590944e-06  2.590944e-06
-1.996986  3.167795e-06  3.167795e-06  3.167795e-06  3.167795e-06  3.167795e-06  3.167795e-06
-1.995676  3.802594e-06  3.802594e-06  3.802594e-06  3.802594e-06  3.802594e-06  3.802594e-06
-1.994366  4.495347e-06  4.495347e-06  4.495347e-06  4.495347e-06  4.495347e-06  4.495347e-06
-1.993056  5.246061e-06  5.246061e-06  5.246061e-06  5.246061e-06  5.246061e-06  5.246061e-06
-1.991746  6.054741e-06  6.054741e-06  6.054741e-06  6.054741e-06  6.054741e-06  6.054741e-06
-1.990437  6.921397e-06  6.921397e-06  6.921397e-06  6.921397e-06  6.921397e-06  6.921397e-06
-1.989127  7.846034e-06  7.846034e-06  7.846034e-06  7.846034e-06  7.846034e-06  7.846034e-06
-1.987817  8.828663e-06  8.828663e-06  8.828663e-06  8.828663e-06  8.828663e-06  8.828663e-06
-1.986507  9.869291e-06  9.869291e-06  9.869291e-06  9.869291e-06  9.869291e-06  9.869291e-06
-1.985197  1.096793e-05  1.096793e-05  1.096793e-05  1.096793e-05  1.096793e-05  1.096793e-05
-1.983888  1.212459e-05  1.212459e-05  1.212459e-05  1.212459e-05  1.212459e-05  1.212459e-05
-1.982578  1.333927e-05  1.333927e-05  1.333927e-05  1.333927e-05  1.333927e-05  1.333927e-05
-1.981268  1.461200e-05  1.461200e-05  1.461200e-05  1.461200e-05  1.461200e-05  1.461200e-05
-1.979958  1.594278e-05  1.594278e-05  1.594278e-05  1.594278e-05  1.594278e-05  1.594278e-05
-1.978648  1.733162e-05  1.733162e-05  1.733162e-05  1.733162e-05  1.733162e-05  1.733162e-05
-1.977339  1.877855e-05  1.877855e-05  1.877855e-05  1.877855e-05  1.877855e-05  1.877855e-05
-1.976029  2.028356e-05  2.028356e-05  2.028356e-05  2.028356e-05  2.028356e-05  2.028356e-05
-1.974719  2.184667e-05  2.184667e-05  2.184667e-05  2.184667e-05  2.184667e-05  2.184667e-05
-1.973409  2.346791e-05  2.346791e-05  2.346791e-05  2.346791e-05  2.346791e-05  2.346791e-05
-1.972099  2.514727e-05  2.514727e-05  2.514727e-05  2.514727e-05  2.514727e-05  2.514727e-05
-1.970790  2.688479e-05  2.688479e-05  2.688479e-05  2.688479e-05  2.688479e-05  2.688479e-05
-1.969480  2.868047e-05  2.868047e-05  2.868047e-05  2.868047e-05  2.868047e-05  2.868047e-05
-1.968170  3.053433e-05  3.053433e-05  3.053433e-05  3.053433e-05  3.053433e-05  3.053433e-05
-1.966860  3.244639e-05  3.244639e-05  3.244639e-05  3.244639e-05  3.244639e-05  3.244639e-05
-1.965550  3.441666e-05  3.441666e-05  3.441666e-05  3.441666e-05  3.441666e-05  3.441666e-05
-1.964241  3.644516e-05  3.644516e-05  3.644516e-05  3.644516e-05  3.644516e-05  3.644516e-05
-1.962931  3.853192e-05  3.853192e-05  3.853192e-05  3.853192e-05  3.853192e-05  3.853192e-05
-1.961621  4.067694e-05  4.067694e-05  4.067694e-05  4.067694e-05  4.067694e-05  4.067694e-05
-1.960311  4.288026e-05  4.288026e-05  4.288026e-05  4.288026e-05  4.288026e-05  4.288026e-05
-1.959001  4.514188e-05  4.514188e-05  4.514188e-05  4.514188e-05  4.514188e-05  4.514188e-05
-1.957692  4.746183e-05  4.746183e-05  4.746183e-05  4.746183e-05  4.746183e-05  4.746183e-05
-1.956382  4.984014e-05  4.984014e-05  4.984014e-05  4.984014e-05  4.984014e-05  4.984014e-05
-1.955072  5.227682e-05  5.227682e-05  5.227682e-05  5.227682e-05  5.227682e-05  5.227682e-05
-1.953762  5.477189e-05  5.477189e-05  5.477189e-05  5.477189e-05  5.477189e-05  5.477189e-05
-1.952452  5.732538e-05  5.732538e-05  5.732538e-05  5.732538e-05  5.732538e-05  5.732538e-05
-1.951143  5.993731e-05  5.993731e-05  5.993731e-05  5.993731e-05  5.993731e-05  5.993731e-05
-1.949833  6.260771e-05  6.260771e-05  6.260771e-05  6.260771e-05  6.260771e-05  6.260771e-05
-1.948523  6.533659e-05  6.533659e-05  6.533659e-05  6.533659e-05  6.533659e-05  6.533659e-05
-1.947213  6.812399e-05  6.812399e-05  6.812399e-05  6.812399e-05  6.812399e-05  6.812399e-05
-1.945903  7.096993e-05  7.096993e-05  7.096993e-05  7.096993e-05  7.096993e-05  7.096993e-05
-1.944594  7.387443e-05  7.387443e-05  7.387443e-05  7.387443e-05  7.387443e-05  7.387443e-05
-1.943284  7.683753e-05  7.683753e-05  7.683753e-05  7.683753e-05  7.683753e-05  7.683753e-05
-1.941974  7.985924e-05  7.985924e-05  7.985924e-05  7.985924e-05  7.985924e-05  7.985924e-05
-1.940664  8.293960e-05  8.293960e-05  8.293960e-05  8.293960e-05  8.293960e-05  8.293960e-05
-1.939354  8.607863e-05  8.607863e-05  8.607863e-05  8.607863e-05  8.607863e-05  8.607863e-05
-1.938045  8.927637e-05  8.927637e-05  8.927637e-05  8.927637e-05  8.927637e-05  8.927637e-05
-1.936735  9.253284e-05  9.253284e-05  9.253284e-05  9.253284e-05  9.253284e-05  9.253284e-05
-1.935425  9.584807e-05  9.584807e-05  9.584807e-05  9.584807e-05  9.584807e-05  9.584807e-05
-1.934115  9.922208e-05  9.922208e-05  9.922208e-05  9.922208e-05  9.922208e-05  9.922208e-05
-1.932805  1.026549e-04  1.026549e-04  1.026549e-04  1.026549e-04  1.026549e-04  1.026549e-04
-1.931495  1.061466e-04  1.061466e-04  1.061466e-04  1.061466e-04  1.061466e-04  1.061466e-04
-1.930186  1.096972e-04  1.096972e-04  1.096972e-04  1.096972e-04  1.096972e-04  1.096972e-04
-1.928876  1.133067e-04  1.133067e-04  1.133067e-04  1.133067e-04  1.133067e-04  1.133067e-04
-1.927566  1.169751e-04  1.169751e-04  1.169751e-04  1.169751e-04  1.169751e-04  1.169751e-04
-1.926256  1.207026e-04  1.207026e-04  1.207026e-04  1.207026e-04  1.207026e-04  1.207026e-04
-1.924946  1.244890e-04  1.244890e-04  1.244890e-04  1.244890e-04  1.244890e-04  1.244890e-04
-1.923637  1.283345e-04  1.283345e-04  1.283345e-04  1.283345e-04  1.283345e-04  1.283345e-04
-1.922327  1.322391e-04  1.322391e-04  1.322391e-04  1.322391e-04  1.322391e-04  1.322391e-04
-1.921017  1.362028e-04  1.362028e-04  1.362028e-04  1.362028e-04  1.362028e-04  1.362028e-04
-1.919707  1.402257e-04  1.402257e-04  1.402257e-04  1.402257e-04  1.402257e-04  1.402257e-04
-1.918397  1.443077e-04  1.443077e-04  1.443077e-04  1.443077e-04  1.443077e-04  1.443077e-04
-1.917088  1.484490e-04  1.484490e-04  1.484490e-04  1.484490e-04  1.484490e-04  1.484490e-04
-1.915778  1.526496e-04  1.526496e-04  1.526496e-04  1.526496e-04  1.526496e-04  1.526496e-04
-1.914468  1.569095e-04  1.569095e-04  1.569095e-04  1.569095e-04  1.569095e-04  1.569095e-04
-1.913158  1.612287e-04  1.612287e-04  1.612287e-04  1.612287e-04  1.612287e-04  1.612287e-04
-1.911848  1.656073e-04  1.656073e-04  1.656073e-04  1.656073e-04  1.656073e-04  1.656073e-04
-1.910539  1.700453e-04  1.700453e-04  1.700453e-04  1.700453e-04  1.700453e-04  1.700453e-04
-1.909229  1.745428e-04  1.745428e-04  1.745428e-04  1.745428e-04  1.745428e-04  1.745428e-04
-1.907919  1.790998e-04  1.790998e-04  1.790998e-04  1.790998e-04  1.790998e-04  1.790998e-04
-1.906609  1.837164e-04  1.837164e-04  1.837164e-04  1.837164e-04  1.837164e-04  1.837164e-04
-1.905299  1.883925e-04  1.883925e-04  1.883925e-04  1.883925e-04  1.883925e-04  1.883925e-04
-1.903990  1.931283e-04  1.931283e-04  1.931283e-04  1.931283e-04  1.931283e-04  1.931283e-04
-1.902680  1.979238e-04  1.979238e-04  1.979238e-04  1.979238e-04  1.979238e-04  1.979238e-04
-1.901370  2.027789e-04  2.027789e-04  2.027789e-04  2.027789e-04  2.027789e-04  2.027789e-04
-1.900060  2.076939e-04  2.076939e-04  2.076939e-04  2.076939e-04  2.076939e-04  2.076939e-04
-1.898750  2.126686e-04  2.126686e-04  2.126686e-04  2.126686e-04  2.126686e-04  2.126686e-04
-1.897441  2.177032e-04  2.177032e-04  2.177032e-04  2.177032e-04  2.177032e-04  2.177032e-04
-1.896131  2.227977e-04  2.227977e-04  2.227977e-04  2.227977e-04  2.227977e-04  2.227977e-04
-1.894821  2.279522e-04  2.279522e-04  2.279522e-04  2.279522e-04  2.279522e-04  2.279522e-04
-1.893511  2.331666e-04  2.331666e-04  2.331666e-04  2.331666e-04  2.331666e-04  2.331666e-04
-1.892201  2.384411e-04  2.384411e-04  2.384411e-04  2.384411e-04  2.384411e-04  2.384411e-04
-1.890892  2.437756e-04  2.437756e-04  2.437756e-04  2.437756e-04  2.437756e-04  2.437756e-04
-1.889582  2.491703e-04  2.491703e-04  2.491703e-04  2.491703e-04  2.491703e-04  2.491703e-04
-1.888272  2.546252e-04  2.546252e-04  2.546252e-04  2.546252e-04  2.546252e-04  2.546252e-04
-1.886962  2.601403e-04  2.601403e-04  2.601403e-04  2.601403e-04  2.601403e-04  2.601403e-04
-1.885652  2.657158e-04  2.657158e-04  2.657158e-04  2.657158e-04  2.657158e-04  2.657158e-04
-1.884343  2.713515e-04  2.713515e-04  2.713515e-04  2.713515e-04  2.713515e-04  2.713515e-04
-1.883033  2.770476e-04  2.770476e-04  2.770476e-04  2.770476e-04  2.770476e-04  2.770476e-04
-1.881723  2.828042e-04  2.828042e-04  2.828042e-04  2.828042e-04  2.828042e-04  2.828042e-04
-1.880413  2.886213e-04  2.886213e-04  2.886213e-04  2.886213e-04  2.886213e-04  2.886213e-04
-1.879103  2.944989e-04  2.944989e-04  2.944989e-04  2.944989e-04  2.944989e-04  2.944989e-04
-1.877794  3.004371e-04  3.004371e-04  3.004371e-04  3.004371e-04  3.004371e-04  3.004371e-04
-1.876484  3.064360e-04  3.064360e-04  3.064360e-04  3.064360e-04  3.064360e-04  3.064360e-04
-1.875174  3.124955e-04  3.124955e-04  3.124955e-04  3.124955e-04  3.124955e-04  3.124955e-04
-1.873864  3.186159e-04  3.186159e-04  3.186159e-04  3.186159e-04  3.186159e-04  3.186159e-04
-1.872554  3.247970e-04  3.247970e-04  3.247970e-04  3.247970e-04  3.247970e-04  3.247970e-04
-1.871245  3.310390e-04  3.310390e-04  3.310390e-04  3.310390e-04  3.310390e-04  3.310390e-04
-1.869935  3.373420e-04  3.373420e-04  3.373420e-04  3.373420e-04  3.373420e-04  3.373420e-04
-1.868625  3.437059e-04  3.437059e-04  3.437059e-04  3.437059e-04  3.437059e-04  3.437059e-04
-1.867315  3.501309e-04  3.501309e-04  3.501309e-04  3.501309e-04  3.501309e-04  3.501309e-04
-1.866005  3.566170e-04  3.566170e-04  3.566170e-04  3.566170e-04  3.566170e-04  3.566170e-04
-1.864695  3.631642e-04  3.631642e-04  3.631642e-04  3.631642e-04  3.631642e-04  3.631642e-04
-1.863386  3.697727e-04  3.697727e-04  3.697727e-04  3.697727e-04  3.697727e-04  3.697727e-04
-1.862076  3.764425e-04  3.764425e-04  3.764425e-04  3.764425e-04  3.764425e-04  3.764425e-04
-1.860766  3.831736e-04  3.831736e-04  3.831736e-04  3.831736e-04  3.831736e-04  3.831736e-04
-1.859456  3.899661e-04  3.899661e-04  3.899661e-04  3.899661e-04  3.899661e-04  3.899661e-04
-1.858146  3.968200e-04  3.968200e-04  3.968200e-04  3.968200e-04  3.968200e-04  3.968200e-04
-1.856837  4.037356e-04  4.037356e-04  4.037356e-04  4.037356e-04  4.037356e-04  4.037356e-04
-1.855527  4.107126e-04  4.107126e-04  4.107126e-04  4.107126e-04  4.107126e-04  4.107126e-04
-1.854217  4.177514e-04  4.177514e-04  4.177514e-04  4.177514e-04  4.177514e-04  4.177514e-04
-1.852907  4.248519e-04  4.248519e-04  4.248519e-04  4.248519e-04  4.248519e-04  4.248519e-04
-1.851597  4.320141e-04  4.320141e-04  4.320141e-04  4.320141e-04  4.320141e-04  4.320141e-04
-1.850288  4.392382e-04  4.392382e-04  4.392382e-04  4.392382e-04  4.392382e-04  4.392382e-04
-1.848978  4.465242e-04  4.465242e-04  4.465242e-04  4.465242e-04  4.465242e-04  4.465242e-04
-1.847668  4.538722e-04  4.538722e-04  4.538722e-04  4.538722e-04  4.538722e-04  4.538722e-04
-1.846358  4.612823e-04  4.612823e-04  4.612823e-04  4.612823e-04  4.612823e-04  4.612823e-04
-1.845048  4.687544e-04  4.687544e-04  4.687544e-04  4.687544e-04  4.687544e-04  4.687544e-04
-1.843739  4.762888e-04  4.762888e-04  4.762888e-04  4.762888e-04  4.762888e-04  4.762888e-04
-1.842429  4.838854e-04  4.838854e-04  4.838854e-04  4.838854e-04  4.838854e-04  4.838854e-04
-1.841119  4.915443e-04  4.915443e-04  4.915443e-04  4.915443e-04  4.915443e-04  4.915443e-04
-1.839809  4.992656e-04  4.992656e-04  4.992656e-04  4.992656e-04  4.992656e-04  4.992656e-04
-1.838499  5.070494e-04  5.070494e-04  5.070494e-04  5.070494e-04  5.070494e-04  5.070494e-04
-1.837190  5.148957e-04  5.148957e-04  5.148957e-04  5.148957e-04  5.148957e-04  5.148957e-04
-1.835880  5.228046e-04  5.228046e-04  5.228046e-04  5.228046e-04  5.228046e-04  5.228046e-04
-1.834570  5.307761e-04  5.307761e-04  5.307761e-04  5.307761e-04  5.307761e-04  5.307761e-04
-1.833260  5.388105e-04  5.388105e-04  5.388105e-04  5.388105e-04  5.388105e-04  5.388105e-04
-1.831950  5.469076e-04  5.469076e-04  5.469076e-04  5.469076e-04  5.469076e-04  5.469076e-04
-1.830641  5.550676e-04  5.550676e-04  5.550676e-04  5.550676e-04  5.550676e-04  5.550676e-04
-1.829331  5.632907e-04  5.632907e-04  5.632907e-04  5.632907e-04  5.632907e-04  5.632907e-04
-1.828021  5.715767e-04  5.715767e-04  5.715767e-04  5.715767e-04  5.715767e-04  5.715767e-04
-1.826711  5.799259e-04  5.799259e-04  5.799259e-04  5.799259e-04  5.799259e-04  5.799259e-04
-1.825401  5.883382e-04  5.883382e-04  5.883382e-04  5.883382e-04  5.883382e-04  5.883382e-04
-1.824092  5.968139e-04  5.968139e-04  5.968139e-04  5.968139e-04  5.968139e-04  5.968139e-04
-1.822782  6.053528e-04  6.053528e-04  6.053528e-04  6.053528e-04  6.053528e-04  6.053528e-04
-1.821472  6.139553e-04  6.139553e-04  6.139553e-04  6.139553e-04  6.139553e-04  6.139553e-04
-1.820162  6.226212e-04  6.226212e-04  6.226212e-04  6.226212e-04  6.226212e-04  6.226212e-04
-1.818852  6.313507e-04  6.313507e-04  6.313507e-04  6.313507e-04  6.313507e-04  6.313507e-04
-1.817543  6.401438e-04  6.401438e-04  6.401438e-04  6.401438e-04  6.401438e-04  6.401438e-04
-1.816233  6.490007e-04  6.490007e-04  6.490007e-04  6.490007e-04  6.490007e-04  6.490007e-04
-1.814923  6.579214e-04  6.579214e-04  6.579214e-04  6.579214e-04  6.579214e-04  6.579214e-04
-1.813613  6.669061e-04  6.669061e-04  6.669061e-04  6.669061e-04  6.669061e-04  6.669061e-04
-1.812303  6.759547e-04  6.759547e-04  6.759547e-04  6.759547e-04  6.759547e-04  6.759547e-04
-1.810994  6.850673e-04  6.850673e-04  6.850673e-04  6.850673e-04  6.850673e-04  6.850673e-04
-1.809684  6.942442e-04  6.942442e-04  6.942442e-04  6.942442e-04  6.942442e-04  6.942442e-04
-1.808374  7.034852e-04  7.034852e-04  7.034852e-04  7.034852e-04  7.034852e-04  7.034852e-04
-1.807064  7.127906e-04  7.127906e-04  7.127906e-04  7.127906e-04  7.127906e-04  7.127906e-04
-1.805754  7.221604e-04  7.221604e-04  7.221604e-04  7.221604e-04  7.221604e-04  7.221604e-04
-1.804445  7.315947e-04  7.315947e-04  7.315947e-04  7.315947e-04  7.315947e-04  7.315947e-04
-1.803135  7.410935e-04  7.410935e-04  7.410935e-04  7.410935e-04  7.410935e-04  7.410935e-04
-1.801825  7.506570e-04  7.506570e-04  7.506570e-04  7.506570e-04  7.506570e-04  7.506570e-04
-1.800515  7.602853e-04  7.602853e-04  7.602853e-04  7.602853e-04  7.602853e-04  7.602853e-04
-1.799205  7.699784e-04  7.699784e-04  7.699784e-04  7.699784e-04  7.699784e-04  7.699784e-04
-1.797895  7.797364e-04  7.797364e-04  7.797364e-04  7.797364e-04  7.797364e-04  7.797364e-04
-1.796586  7.895594e-04  7.895594e-04  7.895594e-04  7.895594e-04  7.895594e-04  7.895594e-04
-1.795276  7.994475e-04  7.994475e-04  7.994475e-04  7.994475e-04  7.994475e-04  7.994475e-04
-1.793966  8.094009e-04  8.094009e-04  8.094009e-04  8.094009e-04  8.094009e-04  8.094009e-04
-1.792656  8.194195e-04  8.194195e-04  8.194195e-04  8.194195e-04  8.194195e-04  8.194195e-04
-1.791346  8.295034e-04  8.295034e-04  8.295034e-04  8.295034e-04  8.295034e-04  8.295034e-04
-1.790037  8.396529e-04  8.396529e-04  8.396529e-04  8.396529e-04  8.396529e-04  8.396529e-04
-1.788727  8.498679e-04  8.498679e-04  8.498679e-04  8.498679e-04  8.498679e-04  8.498679e-04
-1.787417  8.601485e-04  8.601485e-04  8.601485e-04  8.601485e-04  8.601485e-04  8.601485e-04
-1.786107  8.704949e-04  8.704949e-04  8.704949e-04  8.704949e-04  8.704949e-04  8.704949e-04
-1.784797  8.809071e-04  8.809071e-04  8.809071e-04  8.809071e-04  8.809071e-04  8.809071e-04
-1.783488  8.913853e-04  8.913853e-04  8.913853e-04  8.913853e-04  8.913853e-04  8.913853e-04
-1.782178  9.019295e-04  9.019295e-04  9.019295e-04  9.019295e-04  9.019295e-04  9.019295e-04
-1.780868  9.125398e-04  9.125398e-04  9.125398e-04  9.125398e-04  9.125398e-04  9.125398e-04
-1.779558  9.232163e-04  9.232163e-04  9.232163e-04  9.232163e-04  9.232163e-04  9.232163e-04
-1.778248  9.339591e-04  9.339591e-04  9.339591e-04  9.339591e-04  9.339591e-04  9.339591e-04
-1.776939  9.447684e-04  9.447684e-04  9.447684e-04  9.447684e-04  9.447684e-04  9.447684e-04
-1.775629  9.556442e-04  9.556442e-04  9.556442e-04  9.556442e-04  9.556442e-04  9.556442e-04
-1.774319  9.665865e-04  9.665865e-04  9.665865e-04  9.665865e-04  9.665865e-04  9.665865e-04
-1.773009  9.775956e-04  9.775956e-04  9.775956e-04  9.775956e-04  9.775956e-04  9.775956e-04
-1.771699  9.886715e-04  9.886715e-04  9.886715e-04  9.886715e-04  9.886715e-04  9.886715e-04
-1.770390  9.998144e-04  9.998144e-04  9.998144e-04  9.998144e-04  9.998144e-04  9.998144e-04
-1.769080  1.011024e-03  1.011024e-03  1.011024e-03  1.011024e-03  1.011024e-03  1.011024e-03
-1.767770  1.022301e-03  1.022301e-03  1.022301e-03  1.022301e-03  1.022301e-03  1.022301e-03
-1.766460  1.033645e-03  1.033645e-03  1.033645e-03  1.033645e-03  1.033645e-03  1.033645e-03
-1.765150  1.045057e-03  1.045057e-03  1.045057e-03  1.045057e-03  1.045057e-03  1.045057e-03
-1.763841  1.056536e-03  1.056536e-03  1.056536e-03  1.056536e-03  1.056536e-03  1.056536e-03
-1.762531  1.068082e-03  1.068082e-03  1.068082e-03  1.068082e-03  1.068082e-03  1.068082e-03
-1.761221  1.079696e-03  1.079696e-03  1.079696e-03  1.079696e-03  1.079696e-03  1.079696e-03
-1.759911  1.091378e-03  1.091378e-03  1.091378e-03  1.091378e-03  1.091378e-03  1.091378e-03
-1.758601  1.103128e-03  1.103128e-03  1.103128e-03  1.103128e-03  1.103128e-03  1.103128e-03
-1.757292  1.114945e-03  1.114945e-03  1.114945e-03  1.114945e-03  1.114945e-03  1.114945e-03
-1.755982  1.126831e-03  1.126831e-03  1.126831e-03  1.126831e-03  1.126831e-03  1.126831e-03
-1.754672  1.138785e-03  1.138785e-03  1.138785e-03  1.138785e-03  1.138785e-03  1.138785e-03
-1.753362  1.150807e-03  1.150807e-03  1.150807e-03  1.150807e-03  1.150807e-03  1.150807e-03
-1.752052  1.162897e-03  1.162897e-03  1.162897e-03  1.162897e-03  1.162897e-03  1.162897e-03
-1.750743  1.175056e-03  1.175056e-03  1.175056e-03  1.175056e-03  1.175056e-03  1.175056e-03
-1.749433  1.187284e-03  1.187284e-03  1.187284e-03  1.187284e-03  1.187284e-03  1.187284e-03
-1.748123  1.199580e-03  1.199580e-03  1.199580e-03  1.199580e-03  1.199580e-03  1.199580e-03
-1.746813  1.211946e-03  1.211946e-03  1.211946e-03  1.211946e-03  1.211946e-03  1.211946e-03
-1.745503  1.224380e-03  1.224380e-03  1.224380e-03  1.224380e-03  1.224380e-03  1.224380e-03
-1.744194  1.236883e-03  1.236883e-03  1.236883e-03  1.236883e-03  1.236883e-03  1.236883e-03
-1.742884  1.249455e-03  1.249455e-03  1.249455e-03  1.249455e-03  1.249455e-03  1.249455e-03
-1.741574  1.262097e-03  1.262097e-03  1.262097e-03  1.262097e-03  1.262097e-03  1.262097e-03
-1.740264  1.274808e-03  1.274808e-03  1.274808e-03  1.274808e-03  1.274808e-03  1.274808e-03
-1.738954  1.287588e-03  1.287588e-03  1.287588e-03  1.287588e-03  1.287588e-03  1.287588e-03
-1.737645  1.300439e-03  1.300439e-03  1.300439e-03  1.300439e-03  1.300439e-03  1.300439e-03
-1.736335  1.313358e-03  1.313358e-03  1.313358e-03  1.313358e-03  1.313358e-03  1.313358e-03
-1.735025  1.326348e-03  1.326348e-03  1.326348e-03  1.326348e-03  1.326348e-03  1.326348e-03
-1.733715  1.339408e-03  1.339408e-03  1.339408e-03  1.339408e-03  1.339408e-03  1.339408e-03
-1.732405  1.352538e-03  1.352538e-03  1.352538e-03  1.352538e-03  1.352538e-03  1.352538e-03
-1.731095  1.365738e-03  1.365738e-03  1.365738e-03  1.365738e-03  1.365738e-03  1.365738e-03
-1.729786  1.379008e-03  1.379008e-03  1.379008e-03  1.379008e-03  1.379008e-03  1.379008e-03
-1.728476  1.392349e-03  1.392349e-03  1.392349e-03  1.392349e-03  1.392349e-03  1.392349e-03
-1.727166  1.405761e-03  1.405761e-03  1.405761e-03  1.405761e-03  1.405761e-03  1.405761e-03
-1.725856  1.419243e-03  1.419243e-03  1.419243e-03  1.419243e-03  1.419243e-03  1.419243e-03
-1.724546  1.432796e-03  1.432796e-03  1.432796e-03  1.432796e-03  1.432796e-03  1.432796e-03
-1.723237  1.446420e-03  1.446420e-03  1.446420e-03  1.446420e-03  1.446420e-03  1.446420e-03
-1.721927  1.460115e-03  1.460115e-03  1.460115e-03  1.460115e-03  1.460115e-03  1.460115e-03
-1.720617  1.473881e-03  1.473881e-03  1.473881e-03  1.473881e-03  1.473881e-03  1.473881e-03
-1.719307  1.487719e-03  1.487719e-03  1.487719e-03  1.487719e-03  1.487719e-03  1.487719e-03
-1.717997  1.501628e-03  1.501628e-03  1.501628e-03  1.501628e-03  1.501628e-03  1.501628e-03
-1.716688  1.515608e-03  1.515608e-03  1.515608e-03  1.515608e-03  1.515608e-03  1.515608e-03
-1.715378  1.529661e-03  1.529661e-03  1.529661e-03  1.529661e-03  1.529661e-03  1.529661e-03
-1.714068  1.543785e-03  1.543785e-03  1.543785e-03  1.543785e-03  1.543785e-03  1.543785e-03
-1.712758  1.557981e-03  1.557981e-03  1.557981e-03  1.557981e-03  1.557981e-03  1.557981e-03
-1.711448  1.572249e-03  1.572249e-03  1.572249e-03  1.572249e-03  1.572249e-03  1.572249e-03
-1.710139  1.586589e-03  1.586589e-03  1.586589e-03  1.586589e-03  1.586589e-03  1.586589e-03
-1.708829  1.601002e-03  1.601002e-03  1.601002e-03  1.601002e-03  1.601002e-03  1.601002e-03
-1.707519  1.615487e-03  1.615487e-03  1.615487e-03  1.615487e-03  1.615487e-03  1.615487e-03
-1.706209  1.630045e-03  1.630045e-03  1.630045e-03  1.630045e-03  1.630045e-03  1.630045e-03
-1.704899  1.644676e-03  1.644676e-03  1.644676e-03  1.644676e-03  1.644676e-03  1.644676e-03
-1.703590  1.659379e-03  1.659379e-03  1.659379e-03  1.659379e-03  1.659379e-03  1.659379e-03
-1.702280  1.674156e-03  1.674156e-03  1.674156e-03  1.674156e-03  1.674156e-03  1.674156e-03
-1.700970  1.689006e-03  1.689006e-03  1.689006e-03  1.689006e-03  1.689006e-03  1.689006e-03
-1.699660  1.703928e-03  1.703928e-03  1.703928e-03  1.703928e-03  1.703928e-03  1.703928e-03
-1.698350  1.718925e-03  1.718925e-03  1.718925e-03  1.718925e-03  1.718925e-03  1.718925e-03
-1.697041  1.733995e-03  1.733995e-03  1.733995e-03  1.733995e-03  1.733995e-03  1.733995e-03
-1.695731  1.749138e-03  1.749138e-03  1.749138e-03  1.749138e-03  1.749138e-03  1.749138e-03
-1.694421  1.764356e-03  1.764356e-03  1.764356e-03  1.764356e-03  1.764356e-03  1.764356e-03
-1.693111  1.779647e-03  1.779647e-03  1.779647e-03  1.779647e-03  1.779647e-03  1.779647e-03
-1.691801  1.795013e-03  1.795013e-03  1.795013e-03  1.795013e-03  1.795013e-03  1.795013e-03
-1.690492  1.810452e-03  1.810452e-03  1.810452e-03  1.810452e-03  1.810452e-03  1.810452e-03
-1.689182  1.825966e-03  1.825966e-03  1.825966e-03  1.825966e-03  1.825966e-03  1.825966e-03
-1.687872  1.841555e-03  1.841555e-03  1.841555e-03  1.841555e-03  1.841555e-03  1.841555e-03
-1.686562  1.857218e-03  1.857218e-03  1.857218e-03  1.857218e-03  1.857218e-03  1.857218e-03
-1.685252  1.872957e-03  1.872957e-03  1.872957e-03  1.872957e-03  1.872957e-03  1.872957e-03
-1.683943  1.888770e-03  1.888770e-03  1.888770e-03  1.888770e-03  1.888770e-03  1.888770e-03
-1.682633  1.904658e-03  1.904658e-03  1.904658e-03  1.904658e-03  1.904658e-03  1.904658e-03
-1.681323  1.920621e-03  1.920621e-03  1.920621e-03  1.920621e-03  1.920621e-03  1.920621e-03
-1.680013  1.936660e-03  1.936660e-03  1.936660e-03  1.936660e-03  1.936660e-03  1.936660e-03
-1.678703  1.952774e-03  1.952774e-03  1.952774e-03  1.952774e-03  1.952774e-03  1.952774e-03
-1.677394  1.968964e-03  1.968964e-03  1.968964e-03  1.968964e-03  1.968964e-03  1.968964e-03
-1.676084  1.985230e-03  1.985230e-03  1.985230e-03  1.985230e-03  1.985230e-03  1.985230e-03
-1.674774  2.001572e-03  2.001572e-03  2.001572e-03  2.001572e-03  2.001572e-03  2.001572e-03
-1.673464  2.017990e-03  2.017990e-03  2.017990e-03  2.017990e-03  2.017990e-03  2.017990e-03
-1.672154  2.034484e-03  2.034484e-03  2.034484e-03  2.034484e-03  2.034484e-03  2.034484e-03
-1.670845  2.051055e-03  2.051055e-03  2.051055e-03  2.051055e-03  2.051055e-03  2.051055e-03
-1.669535  2.067702e-03  2.067702e-03  2.067702e-03  2.067702e-03  2.067702e-03  2.067702e-03
-1.668225  2.084426e-03  2.084426e-03  2.084426e-03  2.084426e-03  2.084426e-03  2.084426e-03
-1.666915  2.101227e-03  2.101227e-03  2.101227e-03  2.101227e-03  2.101227e-03  2.101227e-03
-1.665605  2.118105e-03  2.118105e-03  2.118105e-03  2.118105e-03  2.118105e-03  2.118105e-03
-1.664295  2.135060e-03  2.135060e-03  2.135060e-03  2.135060e-03  2.135060e-03  2.135060e-03
-1.662986  2.152092e-03  2.152092e-03  2.152092e-03  2.152092e-03  2.152092e-03  2.152092e-03
-1.661676  2.169202e-03  2.169202e-03  2.169202e-03  2.169202e-03  2.169202e-03  2.169202e-03
-1.660366  2.186390e-03  2.186390e-03  2.186390e-03  2.186390e-03  2.186390e-03  2.186390e-03
-1.659056  2.203655e-03  2.203655e-03  2.203655e-03  2.203655e-03  2.203655e-03  2.203655e-03
-1.657746  2.220999e-03  2.220999e-03  2.220999e-03  2.220999e-03  2.220999e-03  2.220999e-03
-1.656437  2.238420e-03  2.238420e-03  2.238420e-03  2.238420e-03  2.238420e-03  2.238420e-03
-1.655127  2.255920e-03  2.255920e-03  2.255920e-03  2.255920e-03  2.255920e-03  2.255920e-03
-1.653817  2.273498e-03  2.273498e-03  2.273498e-03  2.273498e-03  2.273498e-03  2.273498e-03
-1.652507  2.291155e-03  2.291155e-03  2.291155e-03  2.291155e-03  2.291155e-03  2.291155e-03
-1.651197  2.308890e-03  2.308890e-03  2.308890e-03  2.308890e-03  2.308890e-03  2.308890e-03
-1.649888  2.326705e-03  2.326705e-03  2.326705e-03  2.326705e-03  2.326705e-03  2.326705e-03
-1.648578  2.344598e-03  2.344598e-03  2.344598e-03  2.344598e-03  2.344598e-03  2.344598e-03
-1.647268  2.362571e-03  2.362571e-03  2.362571e-03  2.362571e-03  2.362571e-03  2.362571e-03
-1.645958  2.380623e-03  2.380623e-03  2.380623e-03  2.380623e-03  2.380623e-03  2.380623e-03
-1.644648  2.398755e-03  2.398755e-03  2.398755e-03  2.398755e-03  2.398755e-03  2.398755e-03
-1.643339  2.416966e-03  2.416966e-03  2.416966e-03  2.416966e-03  2.416966e-03  2.416966e-03
-1.642029  2.435258e-03  2.435258e-03  2.435258e-03  2.435258e-03  2.435258e-03  2.435258e-03
-1.640719  2.453629e-03  2.453629e-03  2.453629e-03  2.453629e-03  2.453629e-03  2.453629e-03
-1.639409  2.472081e-03  2.472081e-03  2.472081e-03  2.472081e-03  2.472081e-03  2.472081e-03
-1.638099  2.490613e-03  2.490613e-03  2.490613e-03  2.490613e-03  2.490613e-03  2.490613e-03
-1.636790  2.509226e-03  2.509226e-03  2.509226e-03  2.509226e-03  2.509226e-03  2.509226e-03
-1.635480  2.527919e-03  2.527919e-03  2.527919e-03  2.527919e-03  2.527919e-03  2.527919e-03
-1.634170  2.546694e-03  2.546694e-03  2.546694e-03  2.546694e-03  2.546694e-03  2.546694e-03
-1.632860  2.565549e-03  2.565549e-03  2.565549e-03  2.565549e-03  2.565549e-03  2.565549e-03
-1.631550  2.584486e-03  2.584486e-03  2.584486e-03  2.584486e-03  2.584486e-03  2.584486e-03
-1.630241  2.603504e-03  2.603504e-03  2.603504e-03  2.603504e-03  2.603504e-03  2.603504e-03
-1.628931  2.622603e-03  2.622603e-03  2.622603e-03  2.622603e-03  2.622603e-03  2.622603e-03
-1.627621  2.641785e-03  2.641785e-03  2.641785e-03  2.641785e-03  2.641785e-03  2.641785e-03
-1.626311  2.661048e-03  2.661048e-03  2.661048e-03  2.661048e-03  2.661048e-03  2.661048e-03
-1.625001  2.680394e-03  2.680394e-03  2.680394e-03  2.680394e-03  2.680394e-03  2.680394e-03
-1.623692  2.699822e-03  2.699822e-03  2.699822e-03  2.699822e-03  2.699822e-03  2.699822e-03
-1.622382  2.719332e-03  2.719332e-03  2.719332e-03  2.719332e-03  2.719332e-03  2.719332e-03
-1.621072  2.738925e-03  2.738925e-03  2.738925e-03  2.738925e-03  2.738925e-03  2.738925e-03
-1.619762  2.758601e-03  2.758601e-03  2.758601e-03  2.758601e-03  2.758601e-03  2.758601e-03
-1.618452  2.778360e-03  2.778360e-03  2.778360e-03  2.778360e-03  2.778360e-03  2.778360e-03
-1.617143  2.798202e-03  2.798202e-03  2.798202e-03  2.798202e-03  2.798202e-03  2.798202e-03
-1.615833  2.818127e-03  2.818127e-03  2.818127e-03  2.818127e-03  2.818127e-03  2.818127e-03
-1.614523  2.838136e-03  2.838136e-03  2.838136e-03  2.838136e-03  2.838136e-03  2.838136e-03
-1.613213  2.858229e-03  2.858229e-03  2.858229e-03  2.858229e-03  2.858229e-03  2.858229e-03
-1.611903  2.878405e-03  2.878405e-03  2.878405e-03  2.878405e-03  2.878405e-03  2.878405e-03
-1.610594  2.898666e-03  2.898666e-03  2.898666e-03  2.898666e-03  2.898666e-03  2.898666e-03
-1.609284  2.919011e-03  2.919011e-03  2.919011e-03  2.919011e-03  2.919011e-03  2.919011e-03
-1.607974  2.939441e-03  2.939441e-03  2.939441e-03  2.939441e-03  2.939441e-03  2.939441e-03
-1.606664  2.959955e-03  2.959955e-03  2.959955e-03  2.959955e-03  2.959955e-03  2.959955e-03
-1.605354  2.980554e-03  2.980554e-03  2.980554e-03  2.980554e-03  2.980554e-03  2.980554e-03
-1.604045  3.001238e-03  3.001238e-03  3.001238e-03  3.001238e-03  3.001238e-03  3.001238e-03
-1.602735  3.022007e-03  3.022007e-03  3.022007e-03  3.022007e-03  3.022007e-03  3.022007e-03
-1.601425  3.042861e-03  3.042861e-03  3.042861e-03  3.042861e-03  3.042861e-03  3.042861e-03
-1.600115  3.063802e-03  3.063802e-03  3.063802e-03  3.063802e-03  3.063802e-03  3.063802e-03
-1.598805  3.084828e-03  3.084828e-03  3.084828e-03  3.084828e-03  3.084828e-03  3.084828e-03
-1.597495  3.105940e-03  3.105940e-03  3.105940e-03  3.105940e-03  3.105940e-03  3.105940e-03
-1.596186  3.127138e-03  3.127138e-03  3.127138e-03  3.127138e-03  3.127138e-03  3.127138e-03
-1.594876  3.148422e-03  3.148422e-03  3.148422e-03  3.148422e-03  3.148422e-03  3.148422e-03
-1.593566  3.169793e-03  3.169793e-03  3.169793e-03  3.169793e-03  3.169793e-03  3.169793e-03
-1.592256  3.191251e-03  3.191251e-03  3.191251e-03  3.191251e-03  3.191251e-03  3.191251e-03
-1.590946  3.212796e-03  3.212796e-03  3.212796e-03  3.212796e-03  3.212796e-03  3.212796e-03
-1.589637  3.234428e-03  3.234428e-03  3.234428e-03  3.234428e-03  3.234428e-03  3.234428e-03
-1.588327  3.256147e-03  3.256147e-03  3.256147e-03  3.256147e-03  3.256147e-03  3.256147e-03
-1.587017  3.277954e-03  3.277954e-03  3.277954e-03  3.277954e-03  3.277954e-03  3.277954e-03
-1.585707  3.299848e-03  3.299848e-03  3.299848e-03  3.299848e-03  3.299848e-03  3.299848e-03
-1.584397  3.321831e-03  3.321831e-03  3.321831e-03  3.321831e-03  3.321831e-03  3.321831e-03
-1.583088  3.343901e-03  3.343901e-03  3.343901e-03  3.343901e-03  3.343901e-03  3.343901e-03
-1.581778  3.366060e-03  3.366060e-03  3.366060e-03  3.366060e-03  3.366060e-03  3.366060e-03
-1.580468  3.388308e-03  3.388308e-03  3.388308e-03  3.388308e-03  3.388308e-03  3.388308e-03
-1.579158  3.410644e-03  3.410644e-03  3.410644e-03  3.410644e-03  3.410644e-03  3.410644e-03
-1.577848  3.433069e-03  3.433069e-03  3.433069e-03  3.433069e-03  3.433069e-03  3.433069e-03
-1.576539  3.455583e-03  3.455583e-03  3.455583e-03  3.455583e-03  3.455583e-03  3.455583e-03
-1.575229  3.478187e-03  3.478187e-03  3.478187e-03  3.478187e-03  3.478187e-03  3.478187e-03
-1.573919  3.500880e-03  3.500880e-03  3.500880e-03  3.500880e-03  3.500880e-03  3.500880e-03
-1.572609  3.523663e-03  3.523663e-03  3.523663e-03  3.523663e-03  3.523663e-03  3.523663e-03
-1.571299  3.546536e-03  3.546536e-03  3.546536e-03  3.546536e-03  3.546536e-03  3.546536e-03
-1.569990  3.569499e-03  3.569499e-03  3.569499e-03  3.569499e-03  3.569499e-03  3.569499e-03
-1.568680  3.592553e-03  3.592553e-03  3.592553e-03  3.592553e-03  3.592553e-03  3.592553e-03
-1.567370  3.615697e-03  3.615697e-03  3.615697e-03  3.615697e-03  3.615697e-03  3.615697e-03
-1.566060  3.638932e-03  3.638932e-03  3.638932e-03  3.638932e-03  3.638932e-03  3.638932e-03
-1.564750  3.662258e-03  3.662258e-03  3.662258e-03  3.662258e-03  3.662258e-03  3.662258e-03
-1.563441  3.685675e-03  3.685675e-03  3.685675e-03  3.685675e-03  3.685675e-03  3.685675e-03
-1.562131  3.709183e-03  3.709183e-03  3.709183e-03  3.709183e-03  3.709183e-03  3.709183e-03
-1.560821  3.732784e-03  3.732784e-03  3.732784e-03  3.732784e-03  3.732784e-03  3.732784e-03
-1.559511  3.756476e-03  3.756476e-03  3.756476e-03  3.756476e-03  3.756476e-03  3.756476e-03
-1.558201  3.780260e-03  3.780260e-03  3.780260e-03  3.780260e-03  3.780260e-03  3.780260e-03
-1.556892  3.804136e-03  3.804136e-03  3.804136e-03  3.804136e-03  3.804136e-03  3.804136e-03
-1.555582  3.828105e-03  3.828105e-03  3.828105e-03  3.828105e-03  3.828105e-03  3.828105e-03
-1.554272  3.852167e-03  3.852167e-03  3.852167e-03  3.852167e-03  3.852167e-03  3.852167e-03
-1.552962  3.876322e-03  3.876322e-03  3.876322e-03  3.876322e-03  3.876322e-03  3.876322e-03
-1.551652  3.900570e-03  3.900570e-03  3.900570e-03  3.900570e-03  3.900570e-03  3.900570e-03
-1.550343  3.924911e-03  3.924911e-03  3.924911e-03  3.924911e-03  3.924911e-03  3.924911e-03
-1.549033  3.949346e-03  3.949346e-03  3.949346e-03  3.949346e-03  3.949346e-03  3.949346e-03
-1.547723  3.973875e-03  3.973875e-03  3.973875e-03  3.973875e-03  3.973875e-03  3.973875e-03
-1.546413  3.998498e-03  3.998498e-03  3.998498e-03  3.998498e-03  3.998498e-03  3.998498e-03
-1.545103  4.023215e-03  4.023215e-03  4.023215e-03  4.023215e-03  4.023215e-03  4.023215e-03
-1.543794  4.048026e-03  4.048026e-03  4.048026e-03  4.048026e-03  4.048026e-03  4.048026e-03
-1.542484  4.072933e-03  4.072933e-03  4.072933e-03  4.072933e-03  4.072933e-03  4.072933e-03
-1.541174  4.097934e-03  4.097934e-03  4.097934e-03  4.097934e-03  4.097934e-03  4.097934e-03
-1.539864  4.123031e-03  4.123031e-03  4.123031e-03  4.123031e-03  4.123031e-03  4.123031e-03
-1.538554  4.148223e-03  4.148223e-03  4.148223e-03  4.148223e-03  4.148223e-03  4.148223e-03
-1.537245  4.173510e-03  4.173510e-03  4.173510e-03  4.173510e-03  4.173510e-03  4.173510e-03
-1.535935  4.198894e-03  4.198894e-03  4.198894e-03  4.198894e-03  4.198894e-03  4.198894e-03
-1.534625  4.224373e-03  4.224373e-03  4.224373e-03  4.224373e-03  4.224373e-03  4.224373e-03
-1.533315  4.249949e-03  4.249949e-03  4.249949e-03  4.249949e-03  4.249949e-03  4.249949e-03
-1.532005  4.275622e-03  4.275622e-03  4.275622e-03  4.275622e-03  4.275622e-03  4.275622e-03
-1.530695  4.301391e-03  4.301391e-03  4.301391e-03  4.301391e-03  4.301391e-03  4.301391e-03
-1.529386  4.327258e-03  4.327258e-03  4.327258e-03  4.327258e-03  4.327258e-03  4.327258e-03
-1.528076  4.353221e-03  4.353221e-03  4.353221e-03  4.353221e-03  4.353221e-03  4.353221e-03
-1.526766  4.379282e-03  4.379282e-03  4.379282e-03  4.379282e-03  4.379282e-03  4.379282e-03
-1.525456  4.405441e-03  4.405441e-03  4.405441e-03  4.405441e-03  4.405441e-03  4.405441e-03
-1.524146  4.431698e-03  4.431698e-03  4.431698e-03  4.431698e-03  4.431698e-03  4.431698e-03
-1.522837  4.458053e-03  4.458053e-03  4.458053e-03  4.458053e-03  4.458053e-03  4.458053e-03
-1.521527  4.484507e-03  4.484507e-03  4.484507e-03  4.484507e-03  4.484507e-03  4.484507e-03
-1.520217  4.511059e-03  4.511059e-03  4.511059e-03  4.511059e-03  4.511059e-03  4.511059e-03
-1.518907  4.537711e-03  4.537711e-03  4.537711e-03  4.537711e-03  4.537711e-03  4.537711e-03
-1.517597  4.564461e-03  4.564461e-03  4.564461e-03  4.564461e-03  4.564461e-03  4.564461e-03
-1.516288  4.591311e-03  4.591311e-03  4.591311e-03  4.591311e-03  4.591311e-03  4.591311e-03
-1.514978  4.618261e-03  4.618261e-03  4.618261e-03  4.618261e-03  4.618261e-03  4.618261e-03
-1.513668  4.645310e-03  4.645310e-03  4.645310e-03  4.645310e-03  4.645310e-03  4.645310e-03
-1.512358  4.672460e-03  4.672460e-03  4.672460e-03  4.672460e-03  4.672460e-03  4.672460e-03
-1.511048  4.699710e-03  4.699710e-03  4.699710e-03  4.699710e-03  4.699710e-03  4.699710e-03
-1.509739  4.727061e-03  4.727061e-03  4.727061e-03  4.727061e-03  4.727061e-03  4.727061e-03
-1.508429  4.754512e-03  4.754512e-03  4.754512e-03  4.754512e-03  4.754512e-03  4.754512e-03
-1.507119  4.782065e-03  4.782065e-03  4.782065e-03  4.782065e-03  4.782065e-03  4.782065e-03
-1.505809  4.809720e-03  4.809720e-03  4.809720e-03  4.809720e-03  4.809720e-03  4.809720e-03
-1.504499  4.837475e-03  4.837475e-03  4.837475e-03  4.837475e-03  4.837475e-03  4.837475e-03
-1.503190  4.865333e-03  4.865333e-03  4.865333e-03  4.865333e-03  4.865333e-03  4.865333e-03
-1.501880  4.893293e-03  4.893293e-03  4.893293e-03  4.893293e-03  4.893293e-03  4.893293e-03
-1.500570  4.921356e-03  4.921356e-03  4.921356e-03  4.921356e-03  4.921356e-03  4.921356e-03
-1.499260  4.949521e-03  4.949521e-03  4.949521e-03  4.949521e-03  4.949521e-03  4.949521e-03
-1.497950  4.977789e-03  4.977789e-03  4.977789e-03  4.977789e-03  4.977789e-03  4.977789e-03
-1.496641  5.006160e-03  5.006160e-03  5.006160e-03  5.006160e-03  5.006160e-03  5.006160e-03
-1.495331  5.034635e-03  5.034635e-03  5.034635e-03  5.034635e-03  5.034635e-03  5.034635e-03
-1.494021  5.063214e-03  5.063214e-03  5.063214e-03  5.063214e-03  5.063214e-03  5.063214e-03
-1.492711  5.091896e-03  5.091896e-03  5.091896e-03  5.091896e-03  5.091896e-03  5.091896e-03
-1.491401  5.120683e-03  5.120683e-03  5.120683e-03  5.120683e-03  5.120683e-03  5.120683e-03
-1.490092  5.149574e-03  5.149574e-03  5.149574e-03  5.149574e-03  5.149574e-03  5.149574e-03
-1.488782  5.178570e-03  5.178570e-03  5.178570e-03  5.178570e-03  5.178570e-03  5.178570e-03
-1.487472  5.207671e-03  5.207671e-03  5.207671e-03  5.207671e-03  5.207671e-03  5.207671e-03
-1.486162  5.236877e-03  5.236877e-03  5.236877e-03  5.236877e-03  5.236877e-03  5.236877e-03
-1.484852  5.266189e-03  5.266189e-03  5.266189e-03  5.266189e-03  5.266189e-03  5.266189e-03
-1.483543  5.295606e-03  5.295606e-03  5.295606e-03  5.295606e-03  5.295606e-03  5.295606e-03
-1.482233  5.325130e-03  5.325130e-03  5.325130e-03  5.325130e-03  5.325130e-03  5.325130e-03
-1.480923  5.354760e-03  5.354760e-03  5.354760e-03  5.354760e-03  5.354760e-03  5.354760e-03
-1.479613  5.384497e-03  5.384497e-03  5.384497e-03  5.384497e-03  5.384497e-03  5.384497e-03
-1.478303  5.414340e-03  5.414340e-03  5.414340e-03  5.414340e-03  5.414340e-03  5.414340e-03
-1.476994  5.444291e-03  5.444291e-03  5.444291e-03  5.444291e-03  5.444291e-03  5.444291e-03
-1.475684  5.474349e-03  5.474349e-03  5.474349e-03  5.474349e-03  5.474349e-03  5.474349e-03
-1.474374  5.504515e-03  5.504515e-03  5.504515e-03  5.504515e-03  5.504515e-03  5.504515e-03
-1.473064  5.534789e-03  5.534789e-03  5.534789e-03  5.534789e-03  5.534789e-03  5.534789e-03
-1.471754  5.565171e-03  5.565171e-03  5.565171e-03  5.565171e-03  5.565171e-03  5.565171e-03
-1.470445  5.595662e-03  5.595662e-03  5.595662e-03  5.595662e-03  5.595662e-03  5.595662e-03
-1.469135  5.626261e-03  5.626261e-03  5.626261e-03  5.626261e-03  5.626261e-03  5.626261e-03
-1.467825  5.656970e-03  5.656970e-03  5.656970e-03  5.656970e-03  5.656970e-03  5.656970e-03
-1.466515  5.687788e-03  5.687788e-03  5.687788e-03  5.687788e-03  5.687788e-03  5.687788e-03
-1.465205  5.718716e-03  5.718716e-03  5.718716e-03  5.718716e-03  5.718716e-03  5.718716e-03
-1.463895  5.749753e-03  5.749753e-03  5.749753e-03  5.749753e-03  5.749753e-03  5.749753e-03
-1.462586  5.780901e-03  5.780901e-03  5.780901e-03  5.780901e-03  5.780901e-03  5.780901e-03
-1.461276  5.812159e-03  5.812159e-03  5.812159e-03  5.812159e-03  5.812159e-03  5.812159e-03
-1.459966  5.843528e-03  5.843528e-03  5.843528e-03  5.843528e-03  5.843528e-03  5.843528e-03
-1.458656  5.875008e-03  5.875008e-03  5.875008e-03  5.875008e-03  5.875008e-03  5.875008e-03
-1.457346  5.906600e-03  5.906600e-03  5.906600e-03  5.906600e-03  5.906600e-03  5.906600e-03
-1.456037  5.938303e-03  5.938303e-03  5.938303e-03  5.938303e-03  5.938303e-03  5.938303e-03
-1.454727  5.970118e-03  5.970118e-03  5.970118e-03  5.970118e-03  5.970118e-03  5.970118e-03
-1.453417  6.002045e-03  6.002045e-03  6.002045e-03  6.002045e-03  6.002045e-03  6.002045e-03
-1.452107  6.034085e-03  6.034085e-03  6.034085e-03  6.034085e-03  6.034085e-03  6.034085e-03
-1.450797  6.066238e-03  6.066238e-03  6.066238e-03  6.066238e-03  6.066238e-03  6.066238e-03
-1.449488  6.098504e-03  6.098504e-03  6.098504e-03  6.098504e-03  6.098504e-03  6.098504e-03
-1.448178  6.130883e-03  6.130883e-03  6.130883e-03  6.130883e-03  6.130883e-03  6.130883e-03
-1.446868  6.163375e-03  6.163375e-03  6.163375e-03  6.163375e-03  6.163375e-03  6.163375e-03
-1.445558  6.195982e-03  6.195982e-03  6.195982e-03  6.195982e-03  6.195982e-03  6.195982e-03
-1.444248  6.228703e-03  6.228703e-03  6.228703e-03  6.228703e-03  6.228703e-03  6.228703e-03
-1.442939  6.261539e-03  6.261539e-03  6.261539e-03  6.261539e-03  6.261539e-03  6.261539e-03
-1.441629  6.294489e-03  6.294489e-03  6.294489e-03  6.294489e-03  6.294489e-03  6.294489e-03
-1.440319  6.327555e-03  6.327555e-03  6.327555e-03  6.327555e-03  6.327555e-03  6.327555e-03
-1.439009  6.360736e-03  6.360736e-03  6.360736e-03  6.360736e-03  6.360736e-03  6.360736e-03
-1.437699  6.394033e-03  6.394033e-03  6.394033e-03  6.394033e-03  6.394033e-03  6.394033e-03
-1.436390  6.427446e-03  6.427446e-03  6.427446e-03  6.427446e-03  6.427446e-03  6.427446e-03
-1.435080  6.460975e-03  6.460975e-03  6.460975e-03  6.460975e-03  6.460975e-03  6.460975e-03
-1.433770  6.494622e-03  6.494622e-03  6.494622e-03  6.494622e-03  6.494622e-03  6.494622e-03
-1.432460  6.528385e-03  6.528385e-03  6.528385e-03  6.528385e-03  6.528385e-03  6.528385e-03
-1.431150  6.562265e-03  6.562265e-03  6.562265e-03  6.562265e-03  6.562265e-03  6.562265e-03
-1.429841  6.596263e-03  6.596263e-03  6.596263e-03  6.596263e-03  6.596263e-03  6.596263e-03
-1.428531  6.630379e-03  6.630379e-03  6.630379e-03  6.630379e-03  6.630379e-03  6.630379e-03
-1.427221  6.664613e-03  6.664613e-03  6.664613e-03  6.664613e-03  6.664613e-03  6.664613e-03
-1.425911  6.698966e-03  6.698966e-03  6.698966e-03  6.698966e-03  6.698966e-03  6.698966e-03
-1.424601  6.733437e-03  6.733437e-03  6.733437e-03  6.733437e-03  6.733437e-03  6.733437e-03
-1.423292  6.768028e-03  6.768028e-03  6.768028e-03  6.768028e-03  6.768028e-03  6.768028e-03
-1.421982  6.802738e-03  6.802738e-03  6.802738e-03  6.802738e-03  6.802738e-03  6.802738e-03
-1.420672  6.837568e-03  6.837568e-03  6.837568e-03  6.837568e-03  6.837568e-03  6.837568e-03
-1.419362  6.872518e-03  6.872518e-03  6.872518e-03  6.872518e-03  6.872518e-03  6.872518e-03
-1.418052  6.907588e-03  6.907588e-03  6.907588e-03  6.907588e-03  6.907588e-03  6.907588e-03
-1.416743  6.942780e-03  6.942780e-03  6.942780e-03  6.942780e-03  6.942780e-03  6.942780e-03
-1.415433  6.978092e-03  6.978092e-03  6.978092e-03  6.978092e-03  6.978092e-03  6.978092e-03
-1.414123  7.013526e-03  7.013526e-03  7.013526e-03  7.013526e-03  7.013526e-03  7.013526e-03
-1.412813  7.049081e-03  7.049081e-03  7.049081e-03  7.049081e-03  7.049081e-03  7.049081e-03
-1.411503  7.084759e-03  7.084759e-03  7.084759e-03  7.084759e-03  7.084759e-03  7.084759e-03
-1.410194  7.120558e-03  7.120558e-03  7.120558e-03  7.120558e-03  7.120558e-03  7.120558e-03
-1.408884  7.156481e-03  7.156481e-03  7.156481e-03  7.156481e-03  7.156481e-03  7.156481e-03
-1.407574  7.192526e-03  7.192526e-03  7.192526e-03  7.192526e-03  7.192526e-03  7.192526e-03
-1.406264  7.228695e-03  7.228695e-03  7.228695e-03  7.228695e-03  7.228695e-03  7.228695e-03
-1.404954  7.264988e-03  7.264988e-03  7.264988e-03  7.264988e-03  7.264988e-03  7.264988e-03
-1.403645  7.301404e-03  7.301404e-03  7.301404e-03  7.301404e-03  7.301404e-03  7.301404e-03
-1.402335  7.337945e-03  7.337945e-03  7.337945e-03  7.337945e-03  7.337945e-03  7.337945e-03
-1.401025  7.374611e-03  7.374611e-03  7.374611e-03  7.374611e-03  7.374611e-03  7.374611e-03
-1.399715  7.411401e-03  7.411401e-03  7.411401e-03  7.411401e-03  7.411401e-03  7.411401e-03
-1.398405  7.448317e-03  7.448317e-03  7.448317e-03  7.448317e-03  7.448317e-03  7.448317e-03
-1.397095  7.485359e-03  7.485359e-03  7.485359e-03  7.485359e-03  7.485359e-03  7.485359e-03
-1.395786  7.522526e-03  7.522526e-03  7.522526e-03  7.522526e-03  7.522526e-03  7.522526e-03
-1.394476  7.559820e-03  7.559820e-03  7.559820e-03  7.559820e-03  7.559820e-03  7.559820e-03
-1.393166  7.597241e-03  7.597241e-03  7.597241e-03  7.597241e-03  7.597241e-03  7.597241e-03
-1.391856  7.634788e-03  7.634788e-03  7.634788e-03  7.634788e-03  7.634788e-03  7.634788e-03
-1.390546  7.672463e-03  7.672463e-03  7.672463e-03  7.672463e-03  7.672463e-03  7.672463e-03
-1.389237  7.710266e-03  7.710266e-03  7.710266e-03  7.710266e-03  7.710266e-03  7.710266e-03
-1.387927  7.748197e-03  7.748197e-03  7.748197e-03  7.748197e-03  7.748197e-03  7.748197e-03
-1.386617  7.786256e-03  7.786256e-03  7.786256e-03  7.786256e-03  7.786256e-03  7.786256e-03
-1.385307  7.824444e-03  7.824444e-03  7.824444e-03  7.824444e-03  7.824444e-03  7.824444e-03
-1.383997  7.862761e-03  7.862761e-03  7.862761e-03  7.862761e-03  7.862761e-03  7.862761e-03
-1.382688  7.901207e-03  7.901207e-03  7.901207e-03  7.901207e-03  7.901207e-03  7.901207e-03
-1.381378  7.939783e-03  7.939783e-03  7.939783e-03  7.939783e-03  7.939783e-03  7.939783e-03
-1.380068  7.978489e-03  7.978489e-03  7.978489e-03  7.978489e-03  7.978489e-03  7.978489e-03
-1.378758  8.017326e-03  8.017326e-03  8.017326e-03  8.017326e-03  8.017326e-03  8.017326e-03
-1.377448  8.056294e-03  8.056294e-03  8.056294e-03  8.056294e-03  8.056294e-03  8.056294e-03
-1.376139  8.095393e-03  8.095393e-03  8.095393e-03  8.095393e-03  8.095393e-03  8.095393e-03
-1.374829  8.134623e-03  8.134623e-03  8.134623e-03  8.134623e-03  8.134623e-03  8.134623e-03
-1.373519  8.173985e-03  8.173985e-03  8.173985e-03  8.173985e-03  8.173985e-03  8.173985e-03
-1.372209  8.213480e-03  8.213480e-03  8.213480e-03  8.213480e-03  8.213480e-03  8.213480e-03
-1.370899  8.253107e-03  8.253107e-03  8.253107e-03  8.253107e-03  8.253107e-03  8.253107e-03
-1.369590  8.292867e-03  8.292867e-03  8.292867e-03  8.292867e-03  8.292867e-03  8.292867e-03
-1.368280  8.332761e-03  8.332761e-03  8.332761e-03  8.332761e-03  8.332761e-03  8.332761e-03
-1.366970  8.372788e-03  8.372788e-03  8.372788e-03  8.372788e-03  8.372788e-03  8.372788e-03
-1.365660  8.412949e-03  8.412949e-03  8.412949e-03  8.412949e-03  8.412949e-03  8.412949e-03
-1.364350  8.453245e-03  8.453245e-03  8.453245e-03  8.453245e-03  8.453245e-03  8.453245e-03
-1.363041  8.493676e-03  8.493676e-03  8.493676e-03  8.493676e-03  8.493676e-03  8.493676e-03
-1.361731  8.534242e-03  8.534242e-03  8.534242e-03  8.534242e-03  8.534242e-03  8.534242e-03
-1.360421  8.574943e-03  8.574943e-03  8.574943e-03  8.574943e-03  8.574943e-03  8.574943e-03
-1.359111  8.615780e-03  8.615780e-03  8.615780e-03  8.615780e-03  8.615780e-03  8.615780e-03
-1.357801  8.656754e-03  8.656754e-03  8.656754e-03  8.656754e-03  8.656754e-03  8.656754e-03
-1.356492  8.697864e-03  8.697864e-03  8.697864e-03  8.697864e-03  8.697864e-03  8.697864e-03
-1.355182  8.739111e-03  8.739111e-03  8.739111e-03  8.739111e-03  8.739111e-03  8.739111e-03
-1.353872  8.780496e-03  8.780496e-03  8.780496e-03  8.780496e-03  8.780496e-03  8.780496e-03
-1.352562  8.822018e-03  8.822018e-03  8.822018e-03  8.822018e-03  8.822018e-03  8.822018e-03
-1.351252  8.863678e-03  8.863678e-03  8.863678e-03  8.863678e-03  8.863678e-03  8.863678e-03
-1.349943  8.905478e-03  8.905478e-03  8.905478e-03  8.905478e-03  8.905478e-03  8.905478e-03
-1.348633  8.947416e-03  8.947416e-03  8.947416e-03  8.947416e-03  8.947416e-03  8.947416e-03
-1.347323  8.989493e-03  8.989493e-03  8.989493e-03  8.989493e-03  8.989493e-03  8.989493e-03
-1.346013  9.031710e-03  9.031710e-03  9.031710e-03  9.031710e-03  9.031710e-03  9.031710e-03
-1.344703  9.074067e-03  9.074067e-03  9.074067e-03  9.074067e-03  9.074067e-03  9.074067e-03
-1.343394  9.116565e-03  9.116565e-03  9.116565e-03  9.116565e-03  9.116565e-03  9.116565e-03
-1.342084  9.159203e-03  9.159203e-03  9.159203e-03  9.159203e-03  9.159203e-03  9.159203e-03
-1.340774  9.201983e-03  9.201983e-03  9.201983e-03  9.201983e-03  9.201983e-03  9.201983e-03
-1.339464  9.244904e-03  9.244904e-03  9.244904e-03  9.244904e-03  9.244904e-03  9.244904e-03
-1.338154  9.287967e-03  9.287967e-03  9.287967e-03  9.287967e-03  9.287967e-03  9.287967e-03
-1.336845  9.331173e-03  9.331173e-03  9.331173e-03  9.331173e-03  9.331173e-03  9.331173e-03
-1.335535  9.374521e-03  9.374521e-03  9.374521e-03  9.374521e-03  9.374521e-03  9.374521e-03
-1.334225  9.418013e-03  9.418013e-03  9.418013e-03  9.418013e-03  9.418013e-03  9.418013e-03
-1.332915  9.461648e-03  9.461648e-03  9.461648e-03  9.461648e-03  9.461648e-03  9.461648e-03
-1.331605  9.505427e-03  9.505427e-03  9.505427e-03  9.505427e-03  9.505427e-03  9.505427e-03
-1.330295  9.549351e-03  9.549351e-03  9.549351e-03  9.549351e-03  9.549351e-03  9.549351e-03
-1.328986  9.593419e-03  9.593419e-03  9.593419e-03  9.593419e-03  9.593419e-03  9.593419e-03
-1.327676  9.637633e-03  9.637633e-03  9.637633e-03  9.637633e-03  9.637633e-03  9.637633e-03
-1.326366  9.681992e-03  9.681992e-03  9.681992e-03  9.681992e-03  9.681992e-03  9.681992e-03
-1.325056  9.726497e-03  9.726497e-03  9.726497e-03  9.726497e-03  9.726497e-03  9.726497e-03
-1.323746  9.771148e-03  9.771148e-03  9.771148e-03  9.771148e-03  9.771148e-03  9.771148e-03
-1.322437  9.815947e-03  9.815947e-03  9.815947e-03  9.815947e-03  9.815947e-03  9.815947e-03
-1.321127  9.860892e-03  9.860892e-03  9.860892e-03  9.860892e-03  9.860892e-03  9.860892e-03
-1.319817  9.905985e-03  9.905985e-03  9.905985e-03  9.905985e-03  9.905985e-03  9.905985e-03
-1.318507  9.951226e-03  9.951226e-03  9.951226e-03  9.951226e-03  9.951226e-03  9.951226e-03
-1.317197  9.996616e-03  9.996616e-03  9.996616e-03  9.996616e-03  9.996616e-03  9.996616e-03
-1.315888  1.004215e-02  1.004215e-02  1.004215e-02  1.004215e-02  1.004215e-02  1.004215e-02
-1.314578  1.008784e-02  1.008784e-02  1.008784e-02  1.008784e-02  1.008784e-02  1.008784e-02
-1.313268  1.013368e-02  1.013368e-02  1.013368e-02  1.013368e-02  1.013368e-02  1.013368e-02
-1.311958  1.017967e-02  1.017967e-02  1.017967e-02  1.017967e-02  1.017967e-02  1.017967e-02
-1.310648  1.022580e-02  1.022580e-02  1.022580e-02  1.022580e-02  1.022580e-02  1.022580e-02
-1.309339  1.027209e-02  1.027209e-02  1.027209e-02  1.027209e-02  1.027209e-02  1.027209e-02
-1.308029  1.031853e-02  1.031853e-02  1.031853e-02  1.031853e-02  1.031853e-02  1.031853e-02
-1.306719  1.036513e-02  1.036513e-02  1.036513e-02  1.036513e-02  1.036513e-02  1.036513e-02
-1.305409  1.041187e-02  1.041187e-02  1.041187e-02  1.041187e-02  1.041187e-02  1.041187e-02
-1.304099  1.045877e-02  1.045877e-02  1.045877e-02  1.045877e-02  1.045877e-02  1.045877e-02
-1.302790  1.050582e-02  1.050582e-02  1.050582e-02  1.050582e-02  1.050582e-02  1.050582e-02
-1.301480  1.055302e-02  1.055302e-02  1.055302e-02  1.055302e-02  1.055302e-02  1.055302e-02
-1.300170  1.060038e-02  1.060038e-02  1.060038e-02  1.060038e-02  1.060038e-02  1.060038e-02
-1.298860  1.064789e-02  1.064789e-02  1.064789e-02  1.064789e-02  1.064789e-02  1.064789e-02
-1.297550  1.069556e-02  1.069556e-02  1.069556e-02  1.069556e-02  1.069556e-02  1.069556e-02
-1.296241  1.074338e-02  1.074338e-02  1.074338e-02  1.074338e-02  1.074338e-02  1.074338e-02
-1.294931  1.079135e-02  1.079135e-02  1.079135e-02  1.079135e-02  1.079135e-02  1.079135e-02
-1.293621  1.083949e-02  1.083949e-02  1.083949e-02  1.083949e-02  1.083949e-02  1.083949e-02
-1.292311  1.088778e-02  1.088778e-02  1.088778e-02  1.088778e-02  1.088778e-02  1.088778e-02
-1.291001  1.093622e-02  1.093622e-02  1.093622e-02  1.093622e-02  1.093622e-02  1.093622e-02
-1.289692  1.098483e-02  1.098483e-02  1.098483e-02  1.098483e-02  1.098483e-02  1.098483e-02
-1.288382  1.103359e-02  1.103359e-02  1.103359e-02  1.103359e-02  1.103359e-02  1.103359e-02
-1.287072  1.108251e-02  1.108251e-02  1.108251e-02  1.108251e-02  1.108251e-02  1.108251e-02
-1.285762  1.113159e-02  1.113159e-02  1.113159e-02  1.113159e-02  1.113159e-02  1.113159e-02
-1.284452  1.118083e-02  1.118083e-02  1.118083e-02  1.118083e-02  1.118083e-02  1.118083e-02
-1.283143  1.123023e-02  1.123023e-02  1.123023e-02  1.123023e-02  1.123023e-02  1.123023e-02
-1.281833  1.127978e-02  1.127978e-02  1.127978e-02  1.127978e-02  1.127978e-02  1.127978e-02
-1.280523  1.132950e-02  1.132950e-02  1.132950e-02  1.132950e-02  1.132950e-02  1.132950e-02
-1.279213  1.137938e-02  1.137938e-02  1.137938e-02  1.137938e-02  1.137938e-02  1.137938e-02
-1.277903  1.142942e-02  1.142942e-02  1.142942e-02  1.142942e-02  1.142942e-02  1.142942e-02
-1.276594  1.147962e-02  1.147962e-02  1.147962e-02  1.147962e-02  1.147962e-02  1.147962e-02
-1.275284  1.152999e-02  1.152999e-02  1.152999e-02  1.152999e-02  1.152999e-02  1.152999e-02
-1.273974  1.158052e-02  1.158052e-02  1.158052e-02  1.158052e-02  1.158052e-02  1.158052e-02
-1.272664  1.163121e-02  1.163121e-02  1.163121e-02  1.163121e-02  1.163121e-02  1.163121e-02
-1.271354  1.168206e-02  1.168206e-02  1.168206e-02  1.168206e-02  1.168206e-02  1.168206e-02
-1.270045  1.173308e-02  1.173308e-02  1.173308e-02  1.173308e-02  1.173308e-02  1.173308e-02
-1.268735  1.178427e-02  1.178427e-02  1.178427e-02  1.178427e-02  1.178427e-02  1.178427e-02
-1.267425  1.183561e-02  1.183561e-02  1.183561e-02  1.183561e-02  1.183561e-02  1.183561e-02
-1.266115  1.188713e-02  1.188713e-02  1.188713e-02  1.188713e-02  1.188713e-02  1.188713e-02
-1.264805  1.193881e-02  1.193881e-02  1.193881e-02  1.193881e-02  1.193881e-02  1.193881e-02
-1.263495  1.199066e-02  1.199066e-02  1.199066e-02  1.199066e-02  1.199066e-02  1.199066e-02
-1.262186  1.204267e-02  1.204267e-02  1.204267e-02  1.204267e-02  1.204267e-02  1.204267e-02
-1.260876  1.209485e-02  1.209485e-02  1.209485e-02  1.209485e-02  1.209485e-02  1.209485e-02
-1.259566  1.214720e-02  1.214720e-02  1.214720e-02  1.214720e-02  1.214720e-02  1.214720e-02
-1.258256  1.219972e-02  1.219972e-02  1.219972e-02  1.219972e-02  1.219972e-02  1.219972e-02
-1.256946  1.225240e-02  1.225240e-02  1.225240e-02  1.225240e-02  1.225240e-02  1.225240e-02
-1.255637  1.230526e-02  1.230526e-02  1.230526e-02  1.230526e-02  1.230526e-02  1.230526e-02
-1.254327  1.235829e-02  1.235829e-02  1.235829e-02  1.235829e-02  1.235829e-02  1.235829e-02
-1.253017  1.241148e-02  1.241148e-02  1.241148e-02  1.241148e-02  1.241148e-02  1.241148e-02
-1.251707  1.246485e-02  1.246485e-02  1.246485e-02  1.246485e-02  1.246485e-02  1.246485e-02
-1.250397  1.251839e-02  1.251839e-02  1.251839e-02  1.251839e-02  1.251839e-02  1.251839e-02
-1.249088  1.257210e-02  1.257210e-02  1.257210e-02  1.257210e-02  1.257210e-02  1.257210e-02
-1.247778  1.262598e-02  1.262598e-02  1.262598e-02  1.262598e-02  1.262598e-02  1.262598e-02
-1.246468  1.268003e-02  1.268003e-02  1.268003e-02  1.268003e-02  1.268003e-02  1.268003e-02
-1.245158  1.273426e-02  1.273426e-02  1.273426e-02  1.273426e-02  1.273426e-02  1.273426e-02
-1.243848  1.278866e-02  1.278866e-02  1.278866e-02  1.278866e-02  1.278866e-02  1.278866e-02
-1.242539  1.284324e-02  1.284324e-02  1.284324e-02  1.284324e-02  1.284324e-02  1.284324e-02
-1.241229  1.289799e-02  1.289799e-02  1.289799e-02  1.289799e-02  1.289799e-02  1.289799e-02
-1.239919  1.295292e-02  1.295292e-02  1.295292e-02  1.295292e-02  1.295292e-02  1.295292e-02
-1.238609  1.300802e-02  1.300802e-02  1.300802e-02  1.300802e-02  1.300802e-02  1.300802e-02
-1.237299  1.306330e-02  1.306330e-02  1.306330e-02  1.306330e-02  1.306330e-02  1.306330e-02
-1.235990  1.311875e-02  1.311875e-02  1.311875e-02  1.311875e-02  1.311875e-02  1.311875e-02
-1.234680  1.317438e-02  1.317438e-02  1.317438e-02  1.317438e-02  1.317438e-02  1.317438e-02
-1.233370  1.323019e-02  1.323019e-02  1.323019e-02  1.323019e-02  1.323019e-02  1.323019e-02
-1.232060  1.328618e-02  1.328618e-02  1.328618e-02  1.328618e-02  1.328618e-02  1.328618e-02
-1.230750  1.334235e-02  1.334235e-02  1.334235e-02  1.334235e-02  1.334235e-02  1.334235e-02
-1.229441  1.339870e-02  1.339870e-02  1.339870e-02  1.339870e-02  1.339870e-02  1.339870e-02
-1.228131  1.345522e-02  1.345522e-02  1.345522e-02  1.345522e-02  1.345522e-02  1.345522e-02
-1.226821  1.351193e-02  1.351193e-02  1.351193e-02  1.351193e-02  1.351193e-02  1.351193e-02
-1.225511  1.356882e-02  1.356882e-02  1.356882e-02  1.356882e-02  1.356882e-02  1.356882e-02
-1.224201  1.362588e-02  1.362588e-02  1.362588e-02  1.362588e-02  1.362588e-02  1.362588e-02
-1.222892  1.368313e-02  1.368313e-02  1.368313e-02  1.368313e-02  1.368313e-02  1.368313e-02
-1.221582  1.374057e-02  1.374057e-02  1.374057e-02  1.374057e-02  1.374057e-02  1.374057e-02
-1.220272  1.379818e-02  1.379818e-02  1.379818e-02  1.379818e-02  1.379818e-02  1.379818e-02
-1.218962  1.385598e-02  1.385598e-02  1.385598e-02  1.385598e-02  1.385598e-02  1.385598e-02
-1.217652  1.391396e-02  1.391396e-02  1.391396e-02  1.391396e-02  1.391396e-02  1.391396e-02
-1.216343  1.397213e-02  1.397213e-02  1.397213e-02  1.397213e-02  1.397213e-02  1.397213e-02
-1.215033  1.403048e-02  1.403048e-02  1.403048e-02  1.403048e-02  1.403048e-02  1.403048e-02
-1.213723  1.408902e-02  1.408902e-02  1.408902e-02  1.408902e-02  1.408902e-02  1.408902e-02
-1.212413  1.414775e-02  1.414775e-02  1.414775e-02  1.414775e-02  1.414775e-02  1.414775e-02
-1.211103  1.420666e-02  1.420666e-02  1.420666e-02  1.420666e-02  1.420666e-02  1.420666e-02
-1.209794  1.426576e-02  1.426576e-02  1.426576e-02  1.426576e-02  1.426576e-02  1.426576e-02
-1.208484  1.432504e-02  1.432504e-02  1.432504e-02  1.432504e-02  1.432504e-02  1.432504e-02
-1.207174  1.438451e-02  1.438451e-02  1.438451e-02  1.438451e-02  1.438451e-02  1.438451e-02
-1.205864  1.444418e-02  1.444418e-02  1.444418e-02  1.444418e-02  1.444418e-02  1.444418e-02
-1.204554  1.450403e-02  1.450403e-02  1.450403e-02  1.450403e-02  1.450403e-02  1.450403e-02
-1.203245  1.456407e-02  1.456407e-02  1.456407e-02  1.456407e-02  1.456407e-02  1.456407e-02
-1.201935  1.462430e-02  1.462430e-02  1.462430e-02  1.462430e-02  1.462430e-02  1.462430e-02
-1.200625  1.468473e-02  1.468473e-02  1.468473e-02  1.468473e-02  1.468473e-02  1.468473e-02
-1.199315  1.474534e-02  1.474534e-02  1.474534e-02  1.474534e-02  1.474534e-02  1.474534e-02
-1.198005  1.480615e-02  1.480615e-02  1.480615e-02  1.480615e-02  1.480615e-02  1.480615e-02
-1.196695  1.486715e-02  1.486715e-02  1.486715e-02  1.486715e-02  1.486715e-02  1.486715e-02
-1.195386  1.492834e-02  1.492834e-02  1.492834e-02  1.492834e-02  1.492834e-02  1.492834e-02
-1.194076  1.498972e-02  1.498972e-02  1.498972e-02  1.498972e-02  1.498972e-02  1.498972e-02
-1.192766  1.505130e-02  1.505130e-02  1.505130e-02  1.505130e-02  1.505130e-02  1.505130e-02
-1.191456  1.511308e-02  1.511308e-02  1.511308e-02  1.511308e-02  1.511308e-02  1.511308e-02
-1.190146  1.517505e-02  1.517505e-02  1.517505e-02  1.517505e-02  1.517505e-02  1.517505e-02
-1.188837  1.523722e-02  1.523722e-02  1.523722e-02  1.523722e-02  1.523722e-02  1.523722e-02
-1.187527  1.529958e-02  1.529958e-02  1.529958e-02  1.529958e-02  1.529958e-02  1.529958e-02
-1.186217  1.536214e-02  1.536214e-02  1.536214e-02  1.536214e-02  1.536214e-02  1.536214e-02
-1.184907  1.542490e-02  1.542490e-02  1.542490e-02  1.542490e-02  1.542490e-02  1.542490e-02
-1.183597  1.548785e-02  1.548785e-02  1.548785e-02  1.548785e-02  1.548785e-02  1.548785e-02
-1.182288  1.555101e-02  1.555101e-02  1.555101e-02  1.555101e-02  1.555101e-02  1.555101e-02
-1.180978  1.561436e-02  1.561436e-02  1.561436e-02  1.561436e-02  1.561436e-02  1.561436e-02
-1.179668  1.567792e-02  1.567792e-02  1.567792e-02  1.567792e-02  1.567792e-02  1.567792e-02
-1.178358  1.574167e-02  1.574167e-02  1.574167e-02  1.574167e-02  1.574167e-02  1.574167e-02
-1.177048  1.580563e-02  1.580563e-02  1.580563e-02  1.580563e-02  1.580563e-02  1.580563e-02
-1.175739  1.586978e-02  1.586978e-02  1.586978e-02  1.586978e-02  1.586978e-02  1.586978e-02
-1.174429  1.593414e-02  1.593414e-02  1.593414e-02  1.593414e-02  1.593414e-02  1.593414e-02
-1.173119  1.599870e-02  1.599870e-02  1.599870e-02  1.599870e-02  1.599870e-02  1.599870e-02
-1.171809  1.606347e-02  1.606347e-02  1.606347e-02  1.606347e-02  1.606347e-02  1.606347e-02
-1.170499  1.612844e-02  1.612844e-02  1.612844e-02  1.612844e-02  1.612844e-02  1.612844e-02
-1.169190  1.619361e-02  1.619361e-02  1.619361e-02  1.619361e-02  1.619361e-02  1.619361e-02
-1.167880  1.625899e-02  1.625899e-02  1.625899e-02  1.625899e-02  1.625899e-02  1.625899e-02
-1.166570  1.632458e-02  1.632458e-02  1.632458e-02  1.632458e-02  1.632458e-02  1.632458e-02
-1.165260  1.639037e-02  1.639037e-02  1.639037e-02  1.639037e-02  1.639037e-02  1.639037e-02
-1.163950  1.645637e-02  1.645637e-02  1.645637e-02  1.645637e-02  1.645637e-02  1.645637e-02
-1.162641  1.652258e-02  1.652258e-02  1.652258e-02  1.652258e-02  1.652258e-02  1.652258e-02
-1.161331  1.658899e-02  1.658899e-02  1.658899e-02  1.658899e-02  1.658899e-02  1.658899e-02
-1.160021  1.665562e-02  1.665562e-02  1.665562e-02  1.665562e-02  1.665562e-02  1.665562e-02
-1.158711  1.672245e-02  1.672245e-02  1.672245e-02  1.672245e-02  1.672245e-02  1.672245e-02
-1.157401  1.678949e-02  1.678949e-02  1.678949e-02  1.678949e-02  1.678949e-02  1.678949e-02
-1.156092  1.685675e-02  1.685675e-02  1.685675e-02  1.685675e-02  1.685675e-02  1.685675e-02
-1.154782  1.692421e-02  1.692421e-02  1.692421e-02  1.692421e-02  1.692421e-02  1.692421e-02
-1.153472  1.699189e-02  1.699189e-02  1.699189e-02  1.699189e-02  1.699189e-02  1.699189e-02
-1.152162  1.705978e-02  1.705978e-02  1.705978e-02  1.705978e-02  1.705978e-02  1.705978e-02
-1.150852  1.712788e-02  1.712788e-02  1.712788e-02  1.712788e-02  1.712788e-02  1.712788e-02
-1.149543  1.719619e-02  1.719619e-02  1.719619e-02  1.719619e-02  1.719619e-02  1.719619e-02
-1.148233  1.726472e-02  1.726472e-02  1.726472e-02  1.726472e-02  1.726472e-02  1.726472e-02
-1.146923  1.733347e-02  1.733347e-02  1.733347e-02  1.733347e-02  1.733347e-02  1.733347e-02
-1.145613  1.740243e-02  1.740243e-02  1.740243e-02  1.740243e-02  1.740243e-02  1.740243e-02
-1.144303  1.747161e-02  1.747161e-02  1.747161e-02  1.747161e-02  1.747161e-02  1.747161e-02
-1.142994  1.754100e-02  1.754100e-02  1.754100e-02  1.754100e-02  1.754100e-02  1.754100e-02
-1.141684  1.761061e-02  1.761061e-02  1.761061e-02  1.761061e-02  1.761061e-02  1.761061e-02
-1.140374  1.768044e-02  1.768044e-02  1.768044e-02  1.768044e-02  1.768044e-02  1.768044e-02
-1.139064  1.775049e-02  1.775049e-02  1.775049e-02  1.775049e-02  1.775049e-02  1.775049e-02
-1.137754  1.782076e-02  1.782076e-02  1.782076e-02  1.782076e-02  1.782076e-02  1.782076e-02
-1.136445  1.789125e-02  1.789125e-02  1.789125e-02  1.789125e-02  1.789125e-02  1.789125e-02
-1.135135  1.796195e-02  1.796195e-02  1.796195e-02  1.796195e-02  1.796195e-02  1.796195e-02
-1.133825  1.803288e-02  1.803288e-02  1.803288e-02  1.803288e-02  1.803288e-02  1.803288e-02
-1.132515  1.810404e-02  1.810404e-02  1.810404e-02  1.810404e-02  1.810404e-02  1.810404e-02
-1.131205  1.817541e-02  1.817541e-02  1.817541e-02  1.817541e-02  1.817541e-02  1.817541e-02
-1.129895  1.824701e-02  1.824701e-02  1.824701e-02  1.824701e-02  1.824701e-02  1.824701e-02
-1.128586  1.831883e-02  1.831883e-02  1.831883e-02  1.831883e-02  1.831883e-02  1.831883e-02
-1.127276  1.839087e-02  1.839087e-02  1.839087e-02  1.839087e-02  1.839087e-02  1.839087e-02
-1.125966  1.846315e-02  1.846315e-02  1.846315e-02  1.846315e-02  1.846315e-02  1.846315e-02
-1.124656  1.853564e-02  1.853564e-02  1.853564e-02  1.853564e-02  1.853564e-02  1.853564e-02
-1.123346  1.860837e-02  1.860837e-02  1.860837e-02  1.860837e-02  1.860837e-02  1.860837e-02
-1.122037  1.868132e-02  1.868132e-02  1.868132e-02  1.868132e-02  1.868132e-02  1.868132e-02
-1.120727  1.875449e-02  1.875449e-02  1.875449e-02  1.875449e-02  1.875449e-02  1.875449e-02
-1.119417  1.882790e-02  1.882790e-02  1.882790e-02  1.882790e-02  1.882790e-02  1.882790e-02
-1.118107  1.890154e-02  1.890154e-02  1.890154e-02  1.890154e-02  1.890154e-02  1.890154e-02
-1.116797  1.897540e-02  1.897540e-02  1.897540e-02  1.897540e-02  1.897540e-02  1.897540e-02
-1.115488  1.904950e-02  1.904950e-02  1.904950e-02  1.904950e-02  1.904950e-02  1.904950e-02
-1.114178  1.912383e-02  1.912383e-02  1.912383e-02  1.912383e-02  1.912383e-02  1.912383e-02
-1.112868  1.919839e-02  1.919839e-02  1.919839e-02  1.919839e-02  1.919839e-02  1.919839e-02
-1.111558  1.927318e-02  1.927318e-02  1.927318e-02  1.927318e-02  1.927318e-02  1.927318e-02
-1.110248  1.934820e-02  1.934820e-02  1.934820e-02  1.934820e-02  1.934820e-02  1.934820e-02
-1.108939  1.942346e-02  1.942346e-02  1.942346e-02  1.942346e-02  1.942346e-02  1.942346e-02
-1.107629  1.949896e-02  1.949896e-02  1.949896e-02  1.949896e-02  1.949896e-02  1.949896e-02
-1.106319  1.957469e-02  1.957469e-02  1.957469e-02  1.957469e-02  1.957469e-02  1.957469e-02
-1.105009  1.965065e-02  1.965065e-02  1.965065e-02  1.965065e-02  1.965065e-02  1.965065e-02
-1.103699  1.972685e-02  1.972685e-02  1.972685e-02  1.972685e-02  1.972685e-02  1.972685e-02
-1.102390  1.980329e-02  1.980329e-02  1.980329e-02  1.980329e-02  1.980329e-02  1.980329e-02
-1.101080  1.987997e-02  1.987997e-02  1.987997e-02  1.987997e-02  1.987997e-02  1.987997e-02
-1.099770  1.995689e-02  1.995689e-02  1.995689e-02  1.995689e-02  1.995689e-02  1.995689e-02
-1.098460  2.003404e-02  2.003404e-02  2.003404e-02  2.003404e-02  2.003404e-02  2.003404e-02
-1.097150  2.011144e-02  2.011144e-02  2.011144e-02  2.011144e-02  2.011144e-02  2.011144e-02
-1.095841  2.018907e-02  2.018907e-02  2.018907e-02  2.018907e-02  2.018907e-02  2.018907e-02
-1.094531  2.026695e-02  2.026695e-02  2.026695e-02  2.026695e-02  2.026695e-02  2.026695e-02
-1.093221  2.034507e-02  2.034507e-02  2.034507e-02  2.034507e-02  2.034507e-02  2.034507e-02
-1.091911  2.042343e-02  2.042343e-02  2.042343e-02  2.042343e-02  2.042343e-02  2.042343e-02
-1.090601  2.050204e-02  2.050204e-02  2.050204e-02  2.050204e-02  2.050204e-02  2.050204e-02
-1.089292  2.058089e-02  2.058089e-02  2.058089e-02  2.058089e-02  2.058089e-02  2.058089e-02
-1.087982  2.065999e-02  2.065999e-02  2.065999e-02  2.065999e-02  2.065999e-02  2.065999e-02
-1.086672  2.073933e-02  2.073933e-02  2.073933e-02  2.073933e-02  2.073933e-02  2.073933e-02
-1.085362  2.081892e-02  2.081892e-02  2.081892e-02  2.081892e-02  2.081892e-02  2.081892e-02
-1.084052  2.089875e-02  2.089875e-02  2.089875e-02  2.089875e-02  2.089875e-02  2.089875e-02
-1.082743  2.097884e-02  2.097884e-02  2.097884e-02  2.097884e-02  2.097884e-02  2.097884e-02
-1.081433  2.105917e-02  2.105917e-02  2.105917e-02  2.105917e-02  2.105917e-02  2.105917e-02
-1.080123  2.113975e-02  2.113975e-02  2.113975e-02  2.113975e-02  2.113975e-02  2.113975e-02
-1.078813  2.122059e-02  2.122059e-02  2.122059e-02  2.122059e-02  2.122059e-02  2.122059e-02
-1.077503  2.130167e-02  2.130167e-02  2.130167e-02  2.130167e-02  2.130167e-02  2.130167e-02
-1.076194  2.138300e-02  2.138300e-02  2.138300e-02  2.138300e-02  2.138300e-02  2.138300e-02
-1.074884  2.146459e-02  2.146459e-02  2.146459e-02  2.146459e-02  2.146459e-02  2.146459e-02
-1.073574  2.154643e-02  2.154643e-02  2.154643e-02  2.154643e-02  2.154643e-02  2.154643e-02
-1.072264  2.162853e-02  2.162853e-02  2.162853e-02  2.162853e-02  2.162853e-02  2.162853e-02
-1.070954  2.171088e-02  2.171088e-02  2.171088e-02  2.171088e-02  2.171088e-02  2.171088e-02
-1.069645  2.179348e-02  2.179348e-02  2.179348e-02  2.179348e-02  2.179348e-02  2.179348e-02
-1.068335  2.187634e-02  2.187634e-02  2.187634e-02  2.187634e-02  2.187634e-02  2.187634e-02
-1.067025  2.195946e-02  2.195946e-02  2.195946e-02  2.195946e-02  2.195946e-02  2.195946e-02
-1.065715  2.204283e-02  2.204283e-02  2.204283e-02  2.204283e-02  2.204283e-02  2.204283e-02
-1.064405  2.212647e-02  2.212647e-02  2.212647e-02  2.212647e-02  2.212647e-02  2.212647e-02
-1.063095  2.221036e-02  2.221036e-02  2.221036e-02  2.221036e-02  2.221036e-02  2.221036e-02
-1.061786  2.229451e-02  2.229451e-02  2.229451e-02  2.229451e-02  2.229451e-02  2.229451e-02
-1.060476  2.237893e-02  2.237893e-02  2.237893e-02  2.237893e-02  2.237893e-02  2.237893e-02
-1.059166  2.246360e-02  2.246360e-02  2.246360e-02  2.246360e-02  2.246360e-02  2.246360e-02
-1.057856  2.254854e-02  2.254854e-02  2.254854e-02  2.254854e-02  2.254854e-02  2.254854e-02
-1.056546  2.263374e-02  2.263374e-02  2.263374e-02  2.263374e-02  2.263374e-02  2.263374e-02
-1.055237  2.271920e-02  2.271920e-02  2.271920e-02  2.271920e-02  2.271920e-02  2.271920e-02
-1.053927  2.280493e-02  2.280493e-02  2.280493e-02  2.280493e-02  2.280493e-02  2.280493e-02
-1.052617  2.289093e-02  2.289093e-02  2.289093e-02  2.289093e-02  2.289093e-02  2.289093e-02
-1.051307  2.297719e-02  2.297719e-02  2.297719e-02  2.297719e-02  2.297719e-02  2.297719e-02
-1.049997  2.306371e-02  2.306371e-02  2.306371e-02  2.306371e-02  2.306371e-02  2.306371e-02
-1.048688  2.315051e-02  2.315051e-02  2.315051e-02  2.315051e-02  2.315051e-02  2.315051e-02
-1.047378  2.323757e-02  2.323757e-02  2.323757e-02  2.323757e-02  2.323757e-02  2.323757e-02
-1.046068  2.332490e-02  2.332490e-02  2.332490e-02  2.332490e-02  2.332490e-02  2.332490e-02
-1.044758  2.341251e-02  2.341251e-02  2.341251e-02  2.341251e-02  2.341251e-02  2.341251e-02
-1.043448  2.350038e-02  2.350038e-02  2.350038e-02  2.350038e-02  2.350038e-02  2.350038e-02
-1.042139  2.358852e-02  2.358852e-02  2.358852e-02  2.358852e-02  2.358852e-02  2.358852e-02
-1.040829  2.367694e-02  2.367694e-02  2.367694e-02  2.367694e-02  2.367694e-02  2.367694e-02
-1.039519  2.376563e-02  2.376563e-02  2.376563e-02  2.376563e-02  2.376563e-02  2.376563e-02
-1.038209  2.385460e-02  2.385460e-02  2.385460e-02  2.385460e-02  2.385460e-02  2.385460e-02
-1.036899  2.394384e-02  2.394384e-02  2.394384e-02  2.394384e-02  2.394384e-02  2.394384e-02
-1.035590  2.403335e-02  2.403335e-02  2.403335e-02  2.403335e-02  2.403335e-02  2.403335e-02
-1.034280  2.412315e-02  2.412315e-02  2.412315e-02  2.412315e-02  2.412315e-02  2.412315e-02
-1.032970  2.421321e-02  2.421321e-02  2.421321e-02  2.421321e-02  2.421321e-02  2.421321e-02
-1.031660  2.430356e-02  2.430356e-02  2.430356e-02  2.430356e-02  2.430356e-02  2.430356e-02
-1.030350  2.439419e-02  2.439419e-02  2.439419e-02  2.439419e-02  2.439419e-02  2.439419e-02
-1.029041  2.448510e-02  2.448510e-02  2.448510e-02  2.448510e-02  2.448510e-02  2.448510e-02
-1.027731  2.457628e-02  2.457628e-02  2.457628e-02  2.457628e-02  2.457628e-02  2.457628e-02
-1.026421  2.466775e-02  2.466775e-02  2.466775e-02  2.466775e-02  2.466775e-02  2.466775e-02
-1.025111  2.475950e-02  2.475950e-02  2.475950e-02  2.475950e-02  2.475950e-02  2.475950e-02
-1.023801  2.485154e-02  2.485154e-02  2.485154e-02  2.485154e-02  2.485154e-02  2.485154e-02
-1.022492  2.494385e-02  2.494385e-02  2.494385e-02  2.494385e-02  2.494385e-02  2.494385e-02
-1.021182  2.503646e-02  2.503646e-02  2.503646e-02  2.503646e-02  2.503646e-02  2.503646e-02
-1.019872  2.512934e-02  2.512934e-02  2.512934e-02  2.512934e-02  2.512934e-02  2.512934e-02
-1.018562  2.522252e-02  2.522252e-02  2.522252e-02  2.522252e-02  2.522252e-02  2.522252e-02
-1.017252  2.531598e-02  2.531598e-02  2.531598e-02  2.531598e-02  2.531598e-02  2.531598e-02
-1.015943  2.540973e-02  2.540973e-02  2.540973e-02  2.540973e-02  2.540973e-02  2.540973e-02
-1.014633  2.550377e-02  2.550377e-02  2.550377e-02  2.550377e-02  2.550377e-02  2.550377e-02
-1.013323  2.559810e-02  2.559810e-02  2.559810e-02  2.559810e-02  2.559810e-02  2.559810e-02
-1.012013  2.569272e-02  2.569272e-02  2.569272e-02  2.569272e-02  2.569272e-02  2.569272e-02
-1.010703  2.578763e-02  2.578763e-02  2.578763e-02  2.578763e-02  2.578763e-02  2.578763e-02
-1.009394  2.588284e-02  2.588284e-02  2.588284e-02  2.588284e-02  2.588284e-02  2.588284e-02
-1.008084  2.597833e-02  2.597833e-02  2.597833e-02  2.597833e-02  2.597833e-02  2.597833e-02
-1.006774  2.607413e-02  2.607413e-02  2.607413e-02  2.607413e-02  2.607413e-02  2.607413e-02
-1.005464  2.617021e-02  2.617021e-02  2.617021e-02  2.617021e-02  2.617021e-02  2.617021e-02
-1.004154  2.626659e-02  2.626659e-02  2.626659e-02  2.626659e-02  2.626659e-02  2.626659e-02
-1.002845  2.636327e-02  2.636327e-02  2.636327e-02  2.636327e-02  2.636327e-02  2.636327e-02
-1.001535  2.646025e-02  2.646025e-02  2.646025e-02  2.646025e-02  2.646025e-02  2.646025e-02
-1.000225  2.655753e-02  2.655753e-02  2.655753e-02  2.655753e-02  2.655753e-02  2.655753e-02
-0.998915  2.665510e-02  2.665510e-02  2.665510e-02  2.665510e-02  2.665510e-02  2.665510e-02
-0.997605  2.675298e-02  2.675298e-02  2.675298e-02  2.675298e-02  2.675298e-02  2.675298e-02
-0.996295  2.685116e-02  2.685116e-02  2.685116e-02  2.685116e-02  2.685116e-02  2.685116e-02
-0.994986  2.694964e-02  2.694964e-02  2.694964e-02  2.694964e-02  2.694964e-02  2.694964e-02
-0.993676  2.704842e-02  2.704842e-02  2.704842e-02  2.704842e-02  2.704842e-02  2.704842e-02
-0.992366  2.714750e-02  2.714750e-02  2.714750e-02  2.714750e-02  2.714750e-02  2.714750e-02
-0.991056  2.724689e-02  2.724689e-02  2.724689e-02  2.724689e-02  2.724689e-02  2.724689e-02
-0.989746  2.734659e-02  2.734659e-02  2.734659e-02  2.734659e-02  2.734659e-02  2.734659e-02
-0.988437  2.744659e-02  2.744659e-02  2.744659e-02  2.744659e-02  2.744659e-02  2.744659e-02
-0.987127  2.754691e-02  2.754691e-02  2.754691e-02  2.754691e-02  2.754691e-02  2.754691e-02
-0.985817  2.764753e-02  2.764753e-02  2.764753e-02  2.764753e-02  2.764753e-02  2.764753e-02
-0.984507  2.774845e-02  2.774845e-02  2.774845e-02  2.774845e-02  2.774845e-02  2.774845e-02
-0.983197  2.784969e-02  2.784969e-02  2.784969e-02  2.784969e-02  2.784969e-02  2.784969e-02
-0.981888  2.795124e-02  2.795124e-02  2.795124e-02  2.795124e-02  2.795124e-02  2.795124e-02
-0.980578  2.805311e-02  2.805311e-02  2.805311e-02  2.805311e-02  2.805311e-02  2.805311e-02
-0.979268  2.815528e-02  2.815528e-02  2.815528e-02  2.815528e-02  2.815528e-02  2.815528e-02
-0.977958  2.825777e-02  2.825777e-02  2.825777e-02  2.825777e-02  2.825777e-02  2.825777e-02
-0.976648  2.836058e-02  2.836058e-02  2.836058e-02  2.836058e-02  2.836058e-02  2.836058e-02
-0.975339  2.846370e-02  2.846370e-02  2.846370e-02  2.846370e-02  2.846370e-02  2.846370e-02
-0.974029  2.856713e-02  2.856713e-02  2.856713e-02  2.856713e-02  2.856713e-02  2.856713e-02
-0.972719  2.867089e-02  2.867089e-02  2.867089e-02  2.867089e-02  2.867089e-02  2.867089e-02
-0.971409  2.877496e-02  2.877496e-02  2.877496e-02  2.877496e-02  2.877496e-02  2.877496e-02
-0.970099  2.887936e-02  2.887936e-02  2.887936e-02  2.887936e-02  2.887936e-02  2.887936e-02
-0.968790  2.898407e-02  2.898407e-02  2.898407e-02  2.898407e-02  2.898407e-02  2.898407e-02
-0.967480  2.908911e-02  2.908911e-02  2.908911e-02  2.908911e-02  2.908911e-02  2.908911e-02
-0.966170  2.919446e-02  2.919446e-02  2.919446e-02  2.919446e-02  2.919446e-02  2.919446e-02
-0.964860  2.930015e-02  2.930015e-02  2.930015e-02  2.930015e-02  2.930015e-02  2.930015e-02
-0.963550  2.940615e-02  2.940615e-02  2.940615e-02  2.940615e-02  2.940615e-02  2.940615e-02
-0.962241  2.951248e-02  2.951248e-02  2.951248e-02  2.951248e-02  2.951248e-02  2.951248e-02
-0.960931  2.961914e-02  2.961914e-02  2.961914e-02  2.961914e-02  2.961914e-02  2.961914e-02
-0.959621  2.972613e-02  2.972613e-02  2.972613e-02  2.972613e-02  2.972613e-02  2.972613e-02
-0.958311  2.983344e-02  2.983344e-02  2.983344e-02  2.983344e-02  2.983344e-02  2.983344e-02
-0.957001  2.994108e-02  2.994108e-02  2.994108e-02  2.994108e-02  2.994108e-02  2.994108e-02
-0.955692  3.004906e-02  3.004906e-02  3.004906e-02  3.004906e-02  3.004906e-02  3.004906e-02
-0.954382  3.015736e-02  3.015736e-02  3.015736e-02  3.015736e-02  3.015736e-02  3.015736e-02
-0.953072  3.026600e-02  3.026600e-02  3.026600e-02  3.026600e-02  3.026600e-02  3.026600e-02
-0.951762  3.037497e-02  3.037497e-02  3.037497e-02  3.037497e-02  3.037497e-02  3.037497e-02
-0.950452  3.048427e-02  3.048427e-02  3.048427e-02  3.048427e-02  3.048427e-02  3.048427e-02
-0.949143  3.059391e-02  3.059391e-02  3.059391e-02  3.059391e-02  3.059391e-02  3.059391e-02
-0.947833  3.070388e-02  3.070388e-02  3.070388e-02  3.070388e-02  3.070388e-02  3.070388e-02
-0.946523  3.081420e-02  3.081420e-02  3.081420e-02  3.081420e-02  3.081420e-02  3.081420e-02
-0.945213  3.092485e-02  3.092485e-02  3.092485e-02  3.092485e-02  3.092485e-02  3.092485e-02
-0.943903  3.103584e-02  3.103584e-02  3.103584e-02  3.103584e-02  3.103584e-02  3.103584e-02
-0.942594  3.114717e-02  3.114717e-02  3.114717e-02  3.114717e-02  3.114717e-02  3.114717e-02
-0.941284  3.125884e-02  3.125884e-02  3.125884e-02  3.125884e-02  3.125884e-02  3.125884e-02
-0.939974  3.137085e-02  3.137085e-02  3.137085e-02  3.137085e-02  3.137085e-02  3.137085e-02
-0.938664  3.148321e-02  3.148321e-02  3.148321e-02  3.148321e-02  3.148321e-02  3.148321e-02
-0.937354  3.159591e-02  3.159591e-02  3.159591e-02  3.159591e-02  3.159591e-02  3.159591e-02
-0.936045  3.170896e-02  3.170896e-02  3.170896e-02  3.170896e-02  3.170896e-02  3.170896e-02
-0.934735  3.182235e-02  3.182235e-02  3.182235e-02  3.182235e-02  3.182235e-02  3.182235e-02
-0.933425  3.193609e-02  3.193609e-02  3.193609e-02  3.193609e-02  3.193609e-02  3.193609e-02
-0.932115  3.205018e-02  3.205018e-02  3.205018e-02  3.205018e-02  3.205018e-02  3.205018e-02
-0.930805  3.216462e-02  3.216462e-02  3.216462e-02  3.216462e-02  3.216462e-02  3.216462e-02
-0.929495  3.227940e-02  3.227940e-02  3.227940e-02  3.227940e-02  3.227940e-02  3.227940e-02
-0.928186  3.239454e-02  3.239454e-02  3.239454e-02  3.239454e-02  3.239454e-02  3.239454e-02
-0.926876  3.251004e-02  3.251004e-02  3.251004e-02  3.251004e-02  3.251004e-02  3.251004e-02
-0.925566  3.262588e-02  3.262588e-02  3.262588e-02  3.262588e-02  3.262588e-02  3.262588e-02
-0.924256  3.274208e-02  3.274208e-02  3.274208e-02  3.274208e-02  3.274208e-02  3.274208e-02
-0.922946  3.285864e-02  3.285864e-02  3.285864e-02  3.285864e-02  3.285864e-02  3.285864e-02
-0.921637  3.297555e-02  3.297555e-02  3.297555e-02  3.297555e-02  3.297555e-02  3.297555e-02
-0.920327  3.309283e-02  3.309283e-02  3.309283e-02  3.309283e-02  3.309283e-02  3.309283e-02
-0.919017  3.321046e-02  3.321046e-02  3.321046e-02  3.321046e-02  3.321046e-02  3.321046e-02
-0.917707  3.332845e-02  3.332845e-02  3.332845e-02  3.332845e-02  3.332845e-02  3.332845e-02
-0.916397  3.344680e-02  3.344680e-02  3.344680e-02  3.344680e-02  3.344680e-02  3.344680e-02
-0.915088  3.356551e-02  3.356551e-02  3.356551e-02  3.356551e-02  3.356551e-02  3.356551e-02
-0.913778  3.368459e-02  3.368459e-02  3.368459e-02  3.368459e-02  3.368459e-02  3.368459e-02
-0.912468  3.380403e-02  3.380403e-02  3.380403e-02  3.380403e-02  3.380403e-02  3.380403e-02
-0.911158  3.392383e-02  3.392383e-02  3.392383e-02  3.392383e-02  3.392383e-02  3.392383e-02
-0.909848  3.404401e-02  3.404401e-02  3.404401e-02  3.404401e-02  3.404401e-02  3.404401e-02
-0.908539  3.416455e-02  3.416455e-02  3.416455e-02  3.416455e-02  3.416455e-02  3.416455e-02
-0.907229  3.428546e-02  3.428546e-02  3.428546e-02  3.428546e-02  3.428546e-02  3.428546e-02
-0.905919  3.440674e-02  3.440674e-02  3.440674e-02  3.440674e-02  3.440674e-02  3.440674e-02
-0.904609  3.452839e-02  3.452839e-02  3.452839e-02  3.452839e-02  3.452839e-02  3.452839e-02
-0.903299  3.465041e-02  3.465041e-02  3.465041e-02  3.465041e-02  3.465041e-02  3.465041e-02
-0.901990  3.477280e-02  3.477280e-02  3.477280e-02  3.477280e-02  3.477280e-02  3.477280e-02
-0.900680  3.489557e-02  3.489557e-02  3.489557e-02  3.489557e-02  3.489557e-02  3.489557e-02
-0.899370  3.501872e-02  3.501872e-02  3.501872e-02  3.501872e-02  3.501872e-02  3.501872e-02
-0.898060  3.514224e-02  3.514224e-02  3.514224e-02  3.514224e-02  3.514224e-02  3.514224e-02
-0.896750  3.526613e-02  3.526613e-02  3.526613e-02  3.526613e-02  3.526613e-02  3.526613e-02
-0.895441  3.539041e-02  3.539041e-02  3.539041e-02  3.539041e-02  3.539041e-02  3.539041e-02
-0.894131  3.551507e-02  3.551507e-02  3.551507e-02  3.551507e-02  3.551507e-02  3.551507e-02
-0.892821  3.564011e-02  3.564011e-02  3.564011e-02  3.564011e-02  3.564011e-02  3.564011e-02
-0.891511  3.576553e-02  3.576553e-02  3.576553e-02  3.576553e-02  3.576553e-02  3.576553e-02
-0.890201  3.589133e-02  3.589133e-02  3.589133e-02  3.589133e-02  3.589133e-02  3.589133e-02
-0.888892  3.601752e-02  3.601752e-02  3.601752e-02  3.601752e-02  3.601752e-02  3.601752e-02
-0.887582  3.614409e-02  3.614409e-02  3.614409e-02  3.614409e-02  3.614409e-02  3.614409e-02
-0.886272  3.627105e-02  3.627105e-02  3.627105e-02  3.627105e-02  3.627105e-02  3.627105e-02
-0.884962  3.639840e-02  3.639840e-02  3.639840e-02  3.639840e-02  3.639840e-02  3.639840e-02
-0.883652  3.652613e-02  3.652613e-02  3.652613e-02  3.652613e-02  3.652613e-02  3.652613e-02
-0.882343  3.665426e-02  3.665426e-02  3.665426e-02  3.665426e-02  3.665426e-02  3.665426e-02
-0.881033  3.678278e-02  3.678278e-02  3.678278e-02  3.678278e-02  3.678278e-02  3.678278e-02
-0.879723  3.691169e-02  3.691169e-02  3.691169e-02  3.691169e-02  3.691169e-02  3.691169e-02
-0.878413  3.704099e-02  3.704099e-02  3.704099e-02  3.704099e-02  3.704099e-02  3.704099e-02
-0.877103  3.717069e-02  3.717069e-02  3.717069e-02  3.717069e-02  3.717069e-02  3.717069e-02
-0.875794  3.730079e-02  3.730079e-02  3.730079e-02  3.730079e-02  3.730079e-02  3.730079e-02
-0.874484  3.743128e-02  3.743128e-02  3.743128e-02  3.743128e-02  3.743128e-02  3.743128e-02
-0.873174  3.756217e-02  3.756217e-02  3.756217e-02  3.756217e-02  3.756217e-02  3.756217e-02
-0.871864  3.769346e-02  3.769346e-02  3.769346e-02  3.769346e-02  3.769346e-02  3.769346e-02
-0.870554  3.782515e-02  3.782515e-02  3.782515e-02  3.782515e-02  3.782515e-02  3.782515e-02
-0.869245  3.795725e-02  3.795725e-02  3.795725e-02  3.795725e-02  3.795725e-02  3.795725e-02
-0.867935  3.808974e-02  3.808974e-02  3.808974e-02  3.808974e-02  3.808974e-02  3.808974e-02
-0.866625  3.822264e-02  3.822264e-02  3.822264e-02  3.822264e-02  3.822264e-02  3.822264e-02
-0.865315  3.835595e-02  3.835595e-02  3.835595e-02  3.835595e-02  3.835595e-02  3.835595e-02
-0.864005  3.848966e-02  3.848966e-02  3.848966e-02  3.848966e-02  3.848966e-02  3.848966e-02
-0.862695  3.862378e-02  3.862378e-02  3.862378e-02  3.862378e-02  3.862378e-02  3.862378e-02
-0.861386  3.875831e-02  3.875831e-02  3.875831e-02  3.875831e-02  3.875831e-02  3.875831e-02
-0.860076  3.889325e-02  3.889325e-02  3.889325e-02  3.889325e-02  3.889325e-02  3.889325e-02
-0.858766  3.902861e-02  3.902861e-02  3.902861e-02  3.902861e-02  3.902861e-02  3.902861e-02
-0.857456  3.916437e-02  3.916437e-02  3.916437e-02  3.916437e-02  3.916437e-02  3.916437e-02
-0.856146  3.930055e-02  3.930055e-02  3.930055e-02  3.930055e-02  3.930055e-02  3.930055e-02
-0.854837  3.943715e-02  3.943715e-02  3.943715e-02  3.943715e-02  3.943715e-02  3.943715e-02
-0.853527  3.957416e-02  3.957416e-02  3.957416e-02  3.957416e-02  3.957416e-02  3.957416e-02
-0.852217  3.971159e-02  3.971159e-02  3.971159e-02  3.971159e-02  3.971159e-02  3.971159e-02
-0.850907  3.984944e-02  3.984944e-02  3.984944e-02  3.984944e-02  3.984944e-02  3.984944e-02
-0.849597  3.998770e-02  3.998770e-02  3.998770e-02  3.998770e-02  3.998770e-02  3.998770e-02
-0.848288  4.012639e-02  4.012639e-02  4.012639e-02  4.012639e-02  4.012639e-02  4.012639e-02
-0.846978  4.026551e-02  4.026551e-02  4.026551e-02  4.026551e-02  4.026551e-02  4.026551e-02
-0.845668  4.040505e-02  4.040505e-02  4.040505e-02  4.040505e-02  4.040505e-02  4.040505e-02
-0.844358  4.054501e-02  4.054501e-02  4.054501e-02  4.054501e-02  4.054501e-02  4.054501e-02
-0.843048  4.068540e-02  4.068540e-02  4.068540e-02  4.068540e-02  4.068540e-02  4.068540e-02
-0.841739  4.082622e-02  4.082622e-02  4.082622e-02  4.082622e-02  4.082622e-02  4.082622e-02
-0.840429  4.096746e-02  4.096746e-02  4.096746e-02  4.096746e-02  4.096746e-02  4.096746e-02
-0.839119  4.110914e-02  4.110914e-02  4.110914e-02  4.110914e-02  4.110914e-02  4.110914e-02
-0.837809  4.125125e-02  4.125125e-02  4.125125e-02  4.125125e-02  4.125125e-02  4.125125e-02
-0.836499  4.139379e-02  4.139379e-02  4.139379e-02  4.139379e-02  4.139379e-02  4.139379e-02
-0.835190  4.153677e-02  4.153677e-02  4.153677e-02  4.153677e-02  4.153677e-02  4.153677e-02
-0.833880  4.168018e-02  4.168018e-02  4.168018e-02  4.168018e-02  4.168018e-02  4.168018e-02
-0.832570  4.182403e-02  4.182403e-02  4.182403e-02  4.182403e-02  4.182403e-02  4.182403e-02
-0.831260  4.196832e-02  4.196832e-02  4.196832e-02  4.196832e-02  4.196832e-02  4.196832e-02
-0.829950  4.211305e-02  4.211305e-02  4.211305e-02  4.211305e-02  4.211305e-02  4.211305e-02
-0.828641  4.225822e-02  4.225822e-02  4.225822e-02  4.225822e-02  4.225822e-02  4.225822e-02
-0.827331  4.240383e-02  4.240383e-02  4.240383e-02  4.240383e-02  4.240383e-02  4.240383e-02
-0.826021  4.254988e-02  4.254988e-02  4.254988e-02  4.254988e-02  4.254988e-02  4.254988e-02
-0.824711  4.269638e-02  4.269638e-02  4.269638e-02  4.269638e-02  4.269638e-02  4.269638e-02
-0.823401  4.284333e-02  4.284333e-02  4.284333e-02  4.284333e-02  4.284333e-02  4.284333e-02
-0.822092  4.299072e-02  4.299072e-02  4.299072e-02  4.299072e-02  4.299072e-02  4.299072e-02
-0.820782  4.313856e-02  4.313856e-02  4.313856e-02  4.313856e-02  4.313856e-02  4.313856e-02
-0.819472  4.328686e-02  4.328686e-02  4.328686e-02  4.328686e-02  4.328686e-02  4.328686e-02
-0.818162  4.343560e-02  4.343560e-02  4.343560e-02  4.343560e-02  4.343560e-02  4.343560e-02
-0.816852  4.358480e-02  4.358480e-02  4.358480e-02  4.358480e-02  4.358480e-02  4.358480e-02
-0.815543  4.373445e-02  4.373445e-02  4.373445e-02  4.373445e-02  4.373445e-02  4.373445e-02
-0.814233  4.388456e-02  4.388456e-02  4.388456e-02  4.388456e-02  4.388456e-02  4.388456e-02
-0.812923  4.403512e-02  4.403512e-02  4.403512e-02  4.403512e-02  4.403512e-02  4.403512e-02
-0.811613  4.418614e-02  4.418614e-02  4.418614e-02  4.418614e-02  4.418614e-02  4.418614e-02
-0.810303  4.433763e-02  4.433763e-02  4.433763e-02  4.433763e-02  4.433763e-02  4.433763e-02
-0.808994  4.448957e-02  4.448957e-02  4.448957e-02  4.448957e-02  4.448957e-02  4.448957e-02
-0.807684  4.464198e-02  4.464198e-02  4.464198e-02  4.464198e-02  4.464198e-02  4.464198e-02
-0.806374  4.479485e-02  4.479485e-02  4.479485e-02  4.479485e-02  4.479485e-02  4.479485e-02
-0.805064  4.494818e-02  4.494818e-02  4.494818e-02  4.494818e-02  4.494818e-02  4.494818e-02
-0.803754  4.510199e-02  4.510199e-02  4.510199e-02  4.510199e-02  4.510199e-02  4.510199e-02
-0.802445  4.525626e-02  4.525626e-02  4.525626e-02  4.525626e-02  4.525626e-02  4.525626e-02
-0.801135  4.541100e-02  4.541100e-02  4.541100e-02  4.541100e-02  4.541100e-02  4.541100e-02
-0.799825  4.556621e-02  4.556621e-02  4.556621e-02  4.556621e-02  4.556621e-02  4.556621e-02
-0.798515  4.572189e-02  4.572189e-02  4.572189e-02  4.572189e-02  4.572189e-02  4.572189e-02
-0.797205  4.587805e-02  4.587805e-02  4.587805e-02  4.587805e-02  4.587805e-02  4.587805e-02
-0.795895  4.603468e-02  4.603468e-02  4.603468e-02  4.603468e-02  4.603468e-02  4.603468e-02
-0.794586  4.619179e-02  4.619179e-02  4.619179e-02  4.619179e-02  4.619179e-02  4.619179e-02
-0.793276  4.634938e-02  4.634938e-02  4.634938e-02  4.634938e-02  4.634938e-02  4.634938e-02
-0.791966  4.650745e-02  4.650745e-02  4.650745e-02  4.650745e-02  4.650745e-02  4.650745e-02
-0.790656  4.666600e-02  4.666600e-02  4.666600e-02  4.666600e-02  4.666600e-02  4.666600e-02
-0.789346  4.682503e-02  4.682503e-02  4.682503e-02  4.682503e-02  4.682503e-02  4.682503e-02
-0.788037  4.698454e-02  4.698454e-02  4.698454e-02  4.698454e-02  4.698454e-02  4.698454e-02
-0.786727  4.714454e-02  4.714454e-02  4.714454e-02  4.714454e-02  4.714454e-02  4.714454e-02
-0.785417  4.730503e-02  4.730503e-02  4.730503e-02  4.730503e-02  4.730503e-02  4.730503e-02
-0.784107  4.746600e-02  4.746600e-02  4.746600e-02  4.746600e-02  4.746600e-02  4.746600e-02
-0.782797  4.762747e-02  4.762747e-02  4.762747e-02  4.762747e-02  4.762747e-02  4.762747e-02
-0.781488  4.778942e-02  4.778942e-02  4.778942e-02  4.778942e-02  4.778942e-02  4.778942e-02
-0.780178  4.795187e-02  4.795187e-02  4.795187e-02  4.795187e-02  4.795187e-02  4.795187e-02
-0.778868  4.811481e-02  4.811481e-02  4.811481e-02  4.811481e-02  4.811481e-02  4.811481e-02
-0.777558  4.827825e-02  4.827825e-02  4.827825e-02  4.827825e-02  4.827825e-02  4.827825e-02
-0.776248  4.844218e-02  4.844218e-02  4.844218e-02  4.844218e-02  4.844218e-02  4.844218e-02
-0.774939  4.860662e-02  4.860662e-02  4.860662e-02  4.860662e-02  4.860662e-02  4.860662e-02
-0.773629  4.877155e-02  4.877155e-02  4.877155e-02  4.877155e-02  4.877155e-02  4.877155e-02
-0.772319  4.893698e-02  4.893698e-02  4.893698e-02  4.893698e-02  4.893698e-02  4.893698e-02
-0.771009  4.910292e-02  4.910292e-02  4.910292e-02  4.910292e-02  4.910292e-02  4.910292e-02
-0.769699  4.926936e-02  4.926936e-02  4.926936e-02  4.926936e-02  4.926936e-02  4.926936e-02
-0.768390  4.943631e-02  4.943631e-02  4.943631e-02  4.943631e-02  4.943631e-02  4.943631e-02
-0.767080  4.960377e-02  4.960377e-02  4.960377e-02  4.960377e-02  4.960377e-02  4.960377e-02
-0.765770  4.977173e-02  4.977173e-02  4.977173e-02  4.977173e-02  4.977173e-02  4.977173e-02
-0.764460  4.994021e-02  4.994021e-02  4.994021e-02  4.994021e-02  4.994021e-02  4.994021e-02
-0.763150  5.010920e-02  5.010920e-02  5.010920e-02  5.010920e-02  5.010920e-02  5.010920e-02
-0.761841  5.027870e-02  5.027870e-02  5.027870e-02  5.027870e-02  5.027870e-02  5.027870e-02
-0.760531  5.044872e-02  5.044872e-02  5.044872e-02  5.044872e-02  5.044872e-02  5.044872e-02
-0.759221  5.061925e-02  5.061925e-02  5.061925e-02  5.061925e-02  5.061925e-02  5.061925e-02
-0.757911  5.079030e-02  5.079030e-02  5.079030e-02  5.079030e-02  5.079030e-02  5.079030e-02
-0.756601  5.096187e-02  5.096187e-02  5.096187e-02  5.096187e-02  5.096187e-02  5.096187e-02
-0.755292  5.113397e-02  5.113397e-02  5.113397e-02  5.113397e-02  5.113397e-02  5.113397e-02
-0.753982  5.130658e-02  5.130658e-02  5.130658e-02  5.130658e-02  5.130658e-02  5.130658e-02
-0.752672  5.147972e-02  5.147972e-02  5.147972e-02  5.147972e-02  5.147972e-02  5.147972e-02
-0.751362  5.165339e-02  5.165339e-02  5.165339e-02  5.165339e-02  5.165339e-02  5.165339e-02
-0.750052  5.182759e-02  5.182759e-02  5.182759e-02  5.182759e-02  5.182759e-02  5.182759e-02
-0.748743  5.200231e-02  5.200231e-02  5.200231e-02  5.200231e-02  5.200231e-02  5.200231e-02
-0.747433  5.217756e-02  5.217756e-02  5.217756e-02  5.217756e-02  5.217756e-02  5.217756e-02
-0.746123  5.235335e-02  5.235335e-02  5.235335e-02  5.235335e-02  5.235335e-02  5.235335e-02
-0.744813  5.252967e-02  5.252967e-02  5.252967e-02  5.252967e-02  5.252967e-02  5.252967e-02
-0.743503  5.270653e-02  5.270653e-02  5.270653e-02  5.270653e-02  5.270653e-02  5.270653e-02
-0.742194  5.288393e-02  5.288393e-02  5.288393e-02  5.288393e-02  5.288393e-02  5.288393e-02
-0.740884  5.306186e-02  5.306186e-02  5.306186e-02  5.306186e-02  5.306186e-02  5.306186e-02
-0.739574  5.324033e-02  5.324033e-02  5.324033e-02  5.324033e-02  5.324033e-02  5.324033e-02
-0.738264  5.341935e-02  5.341935e-02  5.341935e-02  5.341935e-02  5.341935e-02  5.341935e-02
-0.736954  5.359891e-02  5.359891e-02  5.359891e-02  5.359891e-02  5.359891e-02  5.359891e-02
-0.735645  5.377902e-02  5.377902e-02  5.377902e-02  5.377902e-02  5.377902e-02  5.377902e-02
-0.734335  5.395967e-02  5.395967e-02  5.395967e-02  5.395967e-02  5.395967e-02  5.395967e-02
-0.733025  5.414087e-02  5.414087e-02  5.414087e-02  5.414087e-02  5.414087e-02  5.414087e-02
-0.731715  5.432262e-02  5.432262e-02  5.432262e-02  5.432262e-02  5.432262e-02  5.432262e-02
-0.730405  5.450493e-02  5.450493e-02  5.450493e-02  5.450493e-02  5.450493e-02  5.450493e-02
-0.729095  5.468779e-02  5.468779e-02  5.468779e-02  5.468779e-02  5.468779e-02  5.468779e-02
-0.727786  5.487120e-02  5.487120e-02  5.487120e-02  5.487120e-02  5.487120e-02  5.487120e-02
-0.726476  5.505517e-02  5.505517e-02  5.505517e-02  5.505517e-02  5.505517e-02  5.505517e-02
-0.725166  5.523970e-02  5.523970e-02  5.523970e-02  5.523970e-02  5.523970e-02  5.523970e-02
-0.723856  5.542479e-02  5.542479e-02  5.542479e-02  5.542479e-02  5.542479e-02  5.542479e-02
-0.722546  5.561044e-02  5.561044e-02  5.561044e-02  5.561044e-02  5.561044e-02  5.561044e-02
-0.721237  5.579665e-02  5.579665e-02  5.579665e-02  5.579665e-02  5.579665e-02  5.579665e-02
-0.719927  5.598343e-02  5.598343e-02  5.598343e-02  5.598343e-02  5.598343e-02  5.598343e-02
-0.718617  5.617078e-02  5.617078e-02  5.617078e-02  5.617078e-02  5.617078e-02  5.617078e-02
-0.717307  5.635870e-02  5.635870e-02  5.635870e-02  5.635870e-02  5.635870e-02  5.635870e-02
-0.715997  5.654718e-02  5.654718e-02  5.654718e-02  5.654718e-02  5.654718e-02  5.654718e-02
-0.714688  5.673624e-02  5.673624e-02  5.673624e-02  5.673624e-02  5.673624e-02  5.673624e-02
-0.713378  5.692588e-02  5.692588e-02  5.692588e-02  5.692588e-02  5.692588e-02  5.692588e-02
-0.712068  5.711608e-02  5.711608e-02  5.711608e-02  5.711608e-02  5.711608e-02  5.711608e-02
-0.710758  5.730687e-02  5.730687e-02  5.730687e-02  5.730687e-02  5.730687e-02  5.730687e-02
-0.709448  5.749824e-02  5.749824e-02  5.749824e-02  5.749824e-02  5.749824e-02  5.749824e-02
-0.708139  5.769018e-02  5.769018e-02  5.769018e-02  5.769018e-02  5.769018e-02  5.769018e-02
-0.706829  5.788271e-02  5.788271e-02  5.788271e-02  5.788271e-02  5.788271e-02  5.788271e-02
-0.705519  5.807583e-02  5.807583e-02  5.807583e-02  5.807583e-02  5.807583e-02  5.807583e-02
-0.704209  5.826953e-02  5.826953e-02  5.826953e-02  5.826953e-02  5.826953e-02  5.826953e-02
-0.702899  5.846381e-02  5.846381e-02  5.846381e-02  5.846381e-02  5.846381e-02  5.846381e-02
-0.701590  5.865869e-02  5.865869e-02  5.865869e-02  5.865869e-02  5.865869e-02  5.865869e-02
-0.700280  5.885416e-02  5.885416e-02  5.885416e-02  5.885416e-02  5.885416e-02  5.885416e-02
-0.698970  5.905022e-02  5.905022e-02  5.905022e-02  5.905022e-02  5.905022e-02  5.905022e-02
