# Neutrino-40Ar cc cross section (10^-38 cm^2/GeV) #
# log(energy in GeV)  nu_e      nu_mu      nu_tau      nu_e_bar      nu_mu_bar    nu_tau_bar #

-3.301030  0.000000e+00  0.000000e+00  0.000000e+00  0.000000e+00  0.000000e+00  0.000000e+00
-3.298729  0.000000e+00  0.000000e+00  0.000000e+00  0.000000e+00  0.000000e+00  0.000000e+00
-3.296428  0.000000e+00  0.000000e+00  0.000000e+00  0.000000e+00  0.000000e+00  0.000000e+00
-3.294127  0.000000e+00  0.000000e+00  0.000000e+00  0.000000e+00  0.000000e+00  0.000000e+00
-3.291826  0.000000e+00  0.000000e+00  0.000000e+00  0.000000e+00  0.000000e+00  0.000000e+00
-3.289525  0.000000e+00  0.000000e+00  0.000000e+00  0.000000e+00  0.000000e+00  0.000000e+00
-3.287224  0.000000e+00  0.000000e+00  0.000000e+00  0.000000e+00  0.000000e+00  0.000000e+00
-3.284923  0.000000e+00  0.000000e+00  0.000000e+00  0.000000e+00  0.000000e+00  0.000000e+00
-3.282622  0.000000e+00  0.000000e+00  0.000000e+00  0.000000e+00  0.000000e+00  0.000000e+00
-3.280321  0.000000e+00  0.000000e+00  0.000000e+00  0.000000e+00  0.000000e+00  0.000000e+00
-3.278020  0.000000e+00  0.000000e+00  0.000000e+00  0.000000e+00  0.000000e+00  0.000000e+00
-3.275719  0.000000e+00  0.000000e+00  0.000000e+00  0.000000e+00  0.000000e+00  0.000000e+00
-3.273418  0.000000e+00  0.000000e+00  0.000000e+00  0.000000e+00  0.000000e+00  0.000000e+00
-3.271117  0.000000e+00  0.000000e+00  0.000000e+00  0.000000e+00  0.000000e+00  0.000000e+00
-3.268816  0.000000e+00  0.000000e+00  0.000000e+00  0.000000e+00  0.000000e+00  0.000000e+00
-3.266515  0.000000e+00  0.000000e+00  0.000000e+00  0.000000e+00  0.000000e+00  0.000000e+00
-3.264214  0.000000e+00  0.000000e+00  0.000000e+00  0.000000e+00  0.000000e+00  0.000000e+00
-3.261912  0.000000e+00  0.000000e+00  0.000000e+00  0.000000e+00  0.000000e+00  0.000000e+00
-3.259611  0.000000e+00  0.000000e+00  0.000000e+00  0.000000e+00  0.000000e+00  0.000000e+00
-3.257310  0.000000e+00  0.000000e+00  0.000000e+00  0.000000e+00  0.000000e+00  0.000000e+00
-3.255009  0.000000e+00  0.000000e+00  0.000000e+00  0.000000e+00  0.000000e+00  0.000000e+00
-3.252708  0.000000e+00  0.000000e+00  0.000000e+00  0.000000e+00  0.000000e+00  0.000000e+00
-3.250407  0.000000e+00  0.000000e+00  0.000000e+00  0.000000e+00  0.000000e+00  0.000000e+00
-3.248106  0.000000e+00  0.000000e+00  0.000000e+00  0.000000e+00  0.000000e+00  0.000000e+00
-3.245805  0.000000e+00  0.000000e+00  0.000000e+00  0.000000e+00  0.000000e+00  0.000000e+00
-3.243504  0.000000e+00  0.000000e+00  0.000000e+00  0.000000e+00  0.000000e+00  0.000000e+00
-3.241203  0.000000e+00  0.000000e+00  0.000000e+00  0.000000e+00  0.000000e+00  0.000000e+00
-3.238902  0.000000e+00  0.000000e+00  0.000000e+00  0.000000e+00  0.000000e+00  0.000000e+00
-3.236601  0.000000e+00  0.000000e+00  0.000000e+00  0.000000e+00  0.000000e+00  0.000000e+00
-3.234300  0.000000e+00  0.000000e+00  0.000000e+00  0.000000e+00  0.000000e+00  0.000000e+00
-3.231999  0.000000e+00  0.000000e+00  0.000000e+00  0.000000e+00  0.000000e+00  0.000000e+00
-3.229698  0.000000e+00  0.000000e+00  0.000000e+00  0.000000e+00  0.000000e+00  0.000000e+00
-3.227397  0.000000e+00  0.000000e+00  0.000000e+00  0.000000e+00  0.000000e+00  0.000000e+00
-3.225096  0.000000e+00  0.000000e+00  0.000000e+00  0.000000e+00  0.000000e+00  0.000000e+00
-3.222795  0.000000e+00  0.000000e+00  0.000000e+00  0.000000e+00  0.000000e+00  0.000000e+00
-3.220494  0.000000e+00  0.000000e+00  0.000000e+00  0.000000e+00  0.000000e+00  0.000000e+00
-3.218193  0.000000e+00  0.000000e+00  0.000000e+00  0.000000e+00  0.000000e+00  0.000000e+00
-3.215892  0.000000e+00  0.000000e+00  0.000000e+00  0.000000e+00  0.000000e+00  0.000000e+00
-3.213591  0.000000e+00  0.000000e+00  0.000000e+00  0.000000e+00  0.000000e+00  0.000000e+00
-3.211290  0.000000e+00  0.000000e+00  0.000000e+00  0.000000e+00  0.000000e+00  0.000000e+00
-3.208989  0.000000e+00  0.000000e+00  0.000000e+00  0.000000e+00  0.000000e+00  0.000000e+00
-3.206688  0.000000e+00  0.000000e+00  0.000000e+00  0.000000e+00  0.000000e+00  0.000000e+00
-3.204387  0.000000e+00  0.000000e+00  0.000000e+00  0.000000e+00  0.000000e+00  0.000000e+00
-3.202086  0.000000e+00  0.000000e+00  0.000000e+00  0.000000e+00  0.000000e+00  0.000000e+00
-3.199785  0.000000e+00  0.000000e+00  0.000000e+00  0.000000e+00  0.000000e+00  0.000000e+00
-3.197484  0.000000e+00  0.000000e+00  0.000000e+00  0.000000e+00  0.000000e+00  0.000000e+00
-3.195183  0.000000e+00  0.000000e+00  0.000000e+00  0.000000e+00  0.000000e+00  0.000000e+00
-3.192882  0.000000e+00  0.000000e+00  0.000000e+00  0.000000e+00  0.000000e+00  0.000000e+00
-3.190581  0.000000e+00  0.000000e+00  0.000000e+00  0.000000e+00  0.000000e+00  0.000000e+00
-3.188280  0.000000e+00  0.000000e+00  0.000000e+00  0.000000e+00  0.000000e+00  0.000000e+00
-3.185978  0.000000e+00  0.000000e+00  0.000000e+00  0.000000e+00  0.000000e+00  0.000000e+00
-3.183677  0.000000e+00  0.000000e+00  0.000000e+00  0.000000e+00  0.000000e+00  0.000000e+00
-3.181376  0.000000e+00  0.000000e+00  0.000000e+00  0.000000e+00  0.000000e+00  0.000000e+00
-3.179075  0.000000e+00  0.000000e+00  0.000000e+00  0.000000e+00  0.000000e+00  0.000000e+00
-3.176774  0.000000e+00  0.000000e+00  0.000000e+00  0.000000e+00  0.000000e+00  0.000000e+00
-3.174473  0.000000e+00  0.000000e+00  0.000000e+00  0.000000e+00  0.000000e+00  0.000000e+00
-3.172172  0.000000e+00  0.000000e+00  0.000000e+00  0.000000e+00  0.000000e+00  0.000000e+00
-3.169871  0.000000e+00  0.000000e+00  0.000000e+00  0.000000e+00  0.000000e+00  0.000000e+00
-3.167570  0.000000e+00  0.000000e+00  0.000000e+00  0.000000e+00  0.000000e+00  0.000000e+00
-3.165269  0.000000e+00  0.000000e+00  0.000000e+00  0.000000e+00  0.000000e+00  0.000000e+00
-3.162968  0.000000e+00  0.000000e+00  0.000000e+00  0.000000e+00  0.000000e+00  0.000000e+00
-3.160667  0.000000e+00  0.000000e+00  0.000000e+00  0.000000e+00  0.000000e+00  0.000000e+00
-3.158366  0.000000e+00  0.000000e+00  0.000000e+00  0.000000e+00  0.000000e+00  0.000000e+00
-3.156065  0.000000e+00  0.000000e+00  0.000000e+00  0.000000e+00  0.000000e+00  0.000000e+00
-3.153764  0.000000e+00  0.000000e+00  0.000000e+00  0.000000e+00  0.000000e+00  0.000000e+00
-3.151463  0.000000e+00  0.000000e+00  0.000000e+00  0.000000e+00  0.000000e+00  0.000000e+00
-3.149162  0.000000e+00  0.000000e+00  0.000000e+00  0.000000e+00  0.000000e+00  0.000000e+00
-3.146861  0.000000e+00  0.000000e+00  0.000000e+00  0.000000e+00  0.000000e+00  0.000000e+00
-3.144560  0.000000e+00  0.000000e+00  0.000000e+00  0.000000e+00  0.000000e+00  0.000000e+00
-3.142259  0.000000e+00  0.000000e+00  0.000000e+00  0.000000e+00  0.000000e+00  0.000000e+00
-3.139958  0.000000e+00  0.000000e+00  0.000000e+00  0.000000e+00  0.000000e+00  0.000000e+00
-3.137657  0.000000e+00  0.000000e+00  0.000000e+00  0.000000e+00  0.000000e+00  0.000000e+00
-3.135356  0.000000e+00  0.000000e+00  0.000000e+00  0.000000e+00  0.000000e+00  0.000000e+00
-3.133055  0.000000e+00  0.000000e+00  0.000000e+00  0.000000e+00  0.000000e+00  0.000000e+00
-3.130754  0.000000e+00  0.000000e+00  0.000000e+00  0.000000e+00  0.000000e+00  0.000000e+00
-3.128453  0.000000e+00  0.000000e+00  0.000000e+00  0.000000e+00  0.000000e+00  0.000000e+00
-3.126152  0.000000e+00  0.000000e+00  0.000000e+00  0.000000e+00  0.000000e+00  0.000000e+00
-3.123851  0.000000e+00  0.000000e+00  0.000000e+00  0.000000e+00  0.000000e+00  0.000000e+00
-3.121550  0.000000e+00  0.000000e+00  0.000000e+00  0.000000e+00  0.000000e+00  0.000000e+00
-3.119249  0.000000e+00  0.000000e+00  0.000000e+00  0.000000e+00  0.000000e+00  0.000000e+00
-3.116948  0.000000e+00  0.000000e+00  0.000000e+00  0.000000e+00  0.000000e+00  0.000000e+00
-3.114647  0.000000e+00  0.000000e+00  0.000000e+00  0.000000e+00  0.000000e+00  0.000000e+00
-3.112346  0.000000e+00  0.000000e+00  0.000000e+00  0.000000e+00  0.000000e+00  0.000000e+00
-3.110045  0.000000e+00  0.000000e+00  0.000000e+00  0.000000e+00  0.000000e+00  0.000000e+00
-3.107743  0.000000e+00  0.000000e+00  0.000000e+00  0.000000e+00  0.000000e+00  0.000000e+00
-3.105442  0.000000e+00  0.000000e+00  0.000000e+00  0.000000e+00  0.000000e+00  0.000000e+00
-3.103141  0.000000e+00  0.000000e+00  0.000000e+00  0.000000e+00  0.000000e+00  0.000000e+00
-3.100840  0.000000e+00  0.000000e+00  0.000000e+00  0.000000e+00  0.000000e+00  0.000000e+00
-3.098539  0.000000e+00  0.000000e+00  0.000000e+00  0.000000e+00  0.000000e+00  0.000000e+00
-3.096238  0.000000e+00  0.000000e+00  0.000000e+00  0.000000e+00  0.000000e+00  0.000000e+00
-3.093937  0.000000e+00  0.000000e+00  0.000000e+00  0.000000e+00  0.000000e+00  0.000000e+00
-3.091636  0.000000e+00  0.000000e+00  0.000000e+00  0.000000e+00  0.000000e+00  0.000000e+00
-3.089335  0.000000e+00  0.000000e+00  0.000000e+00  0.000000e+00  0.000000e+00  0.000000e+00
-3.087034  0.000000e+00  0.000000e+00  0.000000e+00  0.000000e+00  0.000000e+00  0.000000e+00
-3.084733  0.000000e+00  0.000000e+00  0.000000e+00  0.000000e+00  0.000000e+00  0.000000e+00
-3.082432  0.000000e+00  0.000000e+00  0.000000e+00  0.000000e+00  0.000000e+00  0.000000e+00
-3.080131  0.000000e+00  0.000000e+00  0.000000e+00  0.000000e+00  0.000000e+00  0.000000e+00
-3.077830  0.000000e+00  0.000000e+00  0.000000e+00  0.000000e+00  0.000000e+00  0.000000e+00
-3.075529  0.000000e+00  0.000000e+00  0.000000e+00  0.000000e+00  0.000000e+00  0.000000e+00
-3.073228  0.000000e+00  0.000000e+00  0.000000e+00  0.000000e+00  0.000000e+00  0.000000e+00
-3.070927  0.000000e+00  0.000000e+00  0.000000e+00  0.000000e+00  0.000000e+00  0.000000e+00
-3.068626  0.000000e+00  0.000000e+00  0.000000e+00  0.000000e+00  0.000000e+00  0.000000e+00
-3.066325  0.000000e+00  0.000000e+00  0.000000e+00  0.000000e+00  0.000000e+00  0.000000e+00
-3.064024  0.000000e+00  0.000000e+00  0.000000e+00  0.000000e+00  0.000000e+00  0.000000e+00
-3.061723  0.000000e+00  0.000000e+00  0.000000e+00  0.000000e+00  0.000000e+00  0.000000e+00
-3.059422  0.000000e+00  0.000000e+00  0.000000e+00  0.000000e+00  0.000000e+00  0.000000e+00
-3.057121  0.000000e+00  0.000000e+00  0.000000e+00  0.000000e+00  0.000000e+00  0.000000e+00
-3.054820  0.000000e+00  0.000000e+00  0.000000e+00  0.000000e+00  0.000000e+00  0.000000e+00
-3.052519  0.000000e+00  0.000000e+00  0.000000e+00  0.000000e+00  0.000000e+00  0.000000e+00
-3.050218  0.000000e+00  0.000000e+00  0.000000e+00  0.000000e+00  0.000000e+00  0.000000e+00
-3.047917  0.000000e+00  0.000000e+00  0.000000e+00  0.000000e+00  0.000000e+00  0.000000e+00
-3.045616  0.000000e+00  0.000000e+00  0.000000e+00  0.000000e+00  0.000000e+00  0.000000e+00
-3.043315  0.000000e+00  0.000000e+00  0.000000e+00  0.000000e+00  0.000000e+00  0.000000e+00
-3.041014  0.000000e+00  0.000000e+00  0.000000e+00  0.000000e+00  0.000000e+00  0.000000e+00
-3.038713  0.000000e+00  0.000000e+00  0.000000e+00  0.000000e+00  0.000000e+00  0.000000e+00
-3.036412  0.000000e+00  0.000000e+00  0.000000e+00  0.000000e+00  0.000000e+00  0.000000e+00
-3.034111  0.000000e+00  0.000000e+00  0.000000e+00  0.000000e+00  0.000000e+00  0.000000e+00
-3.031809  0.000000e+00  0.000000e+00  0.000000e+00  0.000000e+00  0.000000e+00  0.000000e+00
-3.029508  0.000000e+00  0.000000e+00  0.000000e+00  0.000000e+00  0.000000e+00  0.000000e+00
-3.027207  0.000000e+00  0.000000e+00  0.000000e+00  0.000000e+00  0.000000e+00  0.000000e+00
-3.024906  0.000000e+00  0.000000e+00  0.000000e+00  0.000000e+00  0.000000e+00  0.000000e+00
-3.022605  0.000000e+00  0.000000e+00  0.000000e+00  0.000000e+00  0.000000e+00  0.000000e+00
-3.020304  0.000000e+00  0.000000e+00  0.000000e+00  0.000000e+00  0.000000e+00  0.000000e+00
-3.018003  0.000000e+00  0.000000e+00  0.000000e+00  0.000000e+00  0.000000e+00  0.000000e+00
-3.015702  0.000000e+00  0.000000e+00  0.000000e+00  0.000000e+00  0.000000e+00  0.000000e+00
-3.013401  0.000000e+00  0.000000e+00  0.000000e+00  0.000000e+00  0.000000e+00  0.000000e+00
-3.011100  0.000000e+00  0.000000e+00  0.000000e+00  0.000000e+00  0.000000e+00  0.000000e+00
-3.008799  0.000000e+00  0.000000e+00  0.000000e+00  0.000000e+00  0.000000e+00  0.000000e+00
-3.006498  0.000000e+00  0.000000e+00  0.000000e+00  0.000000e+00  0.000000e+00  0.000000e+00
-3.004197  0.000000e+00  0.000000e+00  0.000000e+00  0.000000e+00  0.000000e+00  0.000000e+00
-3.001896  0.000000e+00  0.000000e+00  0.000000e+00  0.000000e+00  0.000000e+00  0.000000e+00
-2.999595  0.000000e+00  0.000000e+00  0.000000e+00  0.000000e+00  0.000000e+00  0.000000e+00
-2.997294  0.000000e+00  0.000000e+00  0.000000e+00  0.000000e+00  0.000000e+00  0.000000e+00
-2.994993  0.000000e+00  0.000000e+00  0.000000e+00  0.000000e+00  0.000000e+00  0.000000e+00
-2.992692  0.000000e+00  0.000000e+00  0.000000e+00  0.000000e+00  0.000000e+00  0.000000e+00
-2.990391  0.000000e+00  0.000000e+00  0.000000e+00  0.000000e+00  0.000000e+00  0.000000e+00
-2.988090  0.000000e+00  0.000000e+00  0.000000e+00  0.000000e+00  0.000000e+00  0.000000e+00
-2.985789  0.000000e+00  0.000000e+00  0.000000e+00  0.000000e+00  0.000000e+00  0.000000e+00
-2.983488  0.000000e+00  0.000000e+00  0.000000e+00  0.000000e+00  0.000000e+00  0.000000e+00
-2.981187  0.000000e+00  0.000000e+00  0.000000e+00  0.000000e+00  0.000000e+00  0.000000e+00
-2.978886  0.000000e+00  0.000000e+00  0.000000e+00  0.000000e+00  0.000000e+00  0.000000e+00
-2.976585  0.000000e+00  0.000000e+00  0.000000e+00  0.000000e+00  0.000000e+00  0.000000e+00
-2.974284  0.000000e+00  0.000000e+00  0.000000e+00  0.000000e+00  0.000000e+00  0.000000e+00
-2.971983  0.000000e+00  0.000000e+00  0.000000e+00  0.000000e+00  0.000000e+00  0.000000e+00
-2.969682  0.000000e+00  0.000000e+00  0.000000e+00  0.000000e+00  0.000000e+00  0.000000e+00
-2.967381  0.000000e+00  0.000000e+00  0.000000e+00  0.000000e+00  0.000000e+00  0.000000e+00
-2.965080  0.000000e+00  0.000000e+00  0.000000e+00  0.000000e+00  0.000000e+00  0.000000e+00
-2.962779  0.000000e+00  0.000000e+00  0.000000e+00  0.000000e+00  0.000000e+00  0.000000e+00
-2.960478  0.000000e+00  0.000000e+00  0.000000e+00  0.000000e+00  0.000000e+00  0.000000e+00
-2.958177  0.000000e+00  0.000000e+00  0.000000e+00  0.000000e+00  0.000000e+00  0.000000e+00
-2.955875  0.000000e+00  0.000000e+00  0.000000e+00  0.000000e+00  0.000000e+00  0.000000e+00
-2.953574  0.000000e+00  0.000000e+00  0.000000e+00  0.000000e+00  0.000000e+00  0.000000e+00
-2.951273  0.000000e+00  0.000000e+00  0.000000e+00  0.000000e+00  0.000000e+00  0.000000e+00
-2.948972  0.000000e+00  0.000000e+00  0.000000e+00  0.000000e+00  0.000000e+00  0.000000e+00
-2.946671  0.000000e+00  0.000000e+00  0.000000e+00  0.000000e+00  0.000000e+00  0.000000e+00
-2.944370  0.000000e+00  0.000000e+00  0.000000e+00  0.000000e+00  0.000000e+00  0.000000e+00
-2.942069  0.000000e+00  0.000000e+00  0.000000e+00  0.000000e+00  0.000000e+00  0.000000e+00
-2.939768  0.000000e+00  0.000000e+00  0.000000e+00  0.000000e+00  0.000000e+00  0.000000e+00
-2.937467  0.000000e+00  0.000000e+00  0.000000e+00  0.000000e+00  0.000000e+00  0.000000e+00
-2.935166  0.000000e+00  0.000000e+00  0.000000e+00  0.000000e+00  0.000000e+00  0.000000e+00
-2.932865  0.000000e+00  0.000000e+00  0.000000e+00  0.000000e+00  0.000000e+00  0.000000e+00
-2.930564  0.000000e+00  0.000000e+00  0.000000e+00  0.000000e+00  0.000000e+00  0.000000e+00
-2.928263  0.000000e+00  0.000000e+00  0.000000e+00  0.000000e+00  0.000000e+00  0.000000e+00
-2.925962  0.000000e+00  0.000000e+00  0.000000e+00  0.000000e+00  0.000000e+00  0.000000e+00
-2.923661  0.000000e+00  0.000000e+00  0.000000e+00  0.000000e+00  0.000000e+00  0.000000e+00
-2.921360  0.000000e+00  0.000000e+00  0.000000e+00  0.000000e+00  0.000000e+00  0.000000e+00
-2.919059  0.000000e+00  0.000000e+00  0.000000e+00  0.000000e+00  0.000000e+00  0.000000e+00
-2.916758  0.000000e+00  0.000000e+00  0.000000e+00  0.000000e+00  0.000000e+00  0.000000e+00
-2.914457  0.000000e+00  0.000000e+00  0.000000e+00  0.000000e+00  0.000000e+00  0.000000e+00
-2.912156  0.000000e+00  0.000000e+00  0.000000e+00  0.000000e+00  0.000000e+00  0.000000e+00
-2.909855  0.000000e+00  0.000000e+00  0.000000e+00  0.000000e+00  0.000000e+00  0.000000e+00
-2.907554  0.000000e+00  0.000000e+00  0.000000e+00  0.000000e+00  0.000000e+00  0.000000e+00
-2.905253  0.000000e+00  0.000000e+00  0.000000e+00  0.000000e+00  0.000000e+00  0.000000e+00
-2.902952  0.000000e+00  0.000000e+00  0.000000e+00  0.000000e+00  0.000000e+00  0.000000e+00
-2.900651  0.000000e+00  0.000000e+00  0.000000e+00  0.000000e+00  0.000000e+00  0.000000e+00
-2.898350  0.000000e+00  0.000000e+00  0.000000e+00  0.000000e+00  0.000000e+00  0.000000e+00
-2.896049  0.000000e+00  0.000000e+00  0.000000e+00  0.000000e+00  0.000000e+00  0.000000e+00
-2.893748  0.000000e+00  0.000000e+00  0.000000e+00  0.000000e+00  0.000000e+00  0.000000e+00
-2.891447  0.000000e+00  0.000000e+00  0.000000e+00  0.000000e+00  0.000000e+00  0.000000e+00
-2.889146  0.000000e+00  0.000000e+00  0.000000e+00  0.000000e+00  0.000000e+00  0.000000e+00
-2.886845  0.000000e+00  0.000000e+00  0.000000e+00  0.000000e+00  0.000000e+00  0.000000e+00
-2.884544  0.000000e+00  0.000000e+00  0.000000e+00  0.000000e+00  0.000000e+00  0.000000e+00
-2.882243  0.000000e+00  0.000000e+00  0.000000e+00  0.000000e+00  0.000000e+00  0.000000e+00
-2.879942  0.000000e+00  0.000000e+00  0.000000e+00  0.000000e+00  0.000000e+00  0.000000e+00
-2.877640  0.000000e+00  0.000000e+00  0.000000e+00  0.000000e+00  0.000000e+00  0.000000e+00
-2.875339  0.000000e+00  0.000000e+00  0.000000e+00  0.000000e+00  0.000000e+00  0.000000e+00
-2.873038  0.000000e+00  0.000000e+00  0.000000e+00  0.000000e+00  0.000000e+00  0.000000e+00
-2.870737  0.000000e+00  0.000000e+00  0.000000e+00  0.000000e+00  0.000000e+00  0.000000e+00
-2.868436  0.000000e+00  0.000000e+00  0.000000e+00  0.000000e+00  0.000000e+00  0.000000e+00
-2.866135  0.000000e+00  0.000000e+00  0.000000e+00  0.000000e+00  0.000000e+00  0.000000e+00
-2.863834  0.000000e+00  0.000000e+00  0.000000e+00  0.000000e+00  0.000000e+00  0.000000e+00
-2.861533  0.000000e+00  0.000000e+00  0.000000e+00  0.000000e+00  0.000000e+00  0.000000e+00
-2.859232  0.000000e+00  0.000000e+00  0.000000e+00  0.000000e+00  0.000000e+00  0.000000e+00
-2.856931  0.000000e+00  0.000000e+00  0.000000e+00  0.000000e+00  0.000000e+00  0.000000e+00
-2.854630  0.000000e+00  0.000000e+00  0.000000e+00  0.000000e+00  0.000000e+00  0.000000e+00
-2.852329  0.000000e+00  0.000000e+00  0.000000e+00  0.000000e+00  0.000000e+00  0.000000e+00
-2.850028  0.000000e+00  0.000000e+00  0.000000e+00  0.000000e+00  0.000000e+00  0.000000e+00
-2.847727  0.000000e+00  0.000000e+00  0.000000e+00  0.000000e+00  0.000000e+00  0.000000e+00
-2.845426  0.000000e+00  0.000000e+00  0.000000e+00  0.000000e+00  0.000000e+00  0.000000e+00
-2.843125  0.000000e+00  0.000000e+00  0.000000e+00  0.000000e+00  0.000000e+00  0.000000e+00
-2.840824  0.000000e+00  0.000000e+00  0.000000e+00  0.000000e+00  0.000000e+00  0.000000e+00
-2.838523  0.000000e+00  0.000000e+00  0.000000e+00  0.000000e+00  0.000000e+00  0.000000e+00
-2.836222  0.000000e+00  0.000000e+00  0.000000e+00  0.000000e+00  0.000000e+00  0.000000e+00
-2.833921  0.000000e+00  0.000000e+00  0.000000e+00  0.000000e+00  0.000000e+00  0.000000e+00
-2.831620  0.000000e+00  0.000000e+00  0.000000e+00  0.000000e+00  0.000000e+00  0.000000e+00
-2.829319  0.000000e+00  0.000000e+00  0.000000e+00  0.000000e+00  0.000000e+00  0.000000e+00
-2.827018  0.000000e+00  0.000000e+00  0.000000e+00  0.000000e+00  0.000000e+00  0.000000e+00
-2.824717  0.000000e+00  0.000000e+00  0.000000e+00  0.000000e+00  0.000000e+00  0.000000e+00
-2.822416  0.000000e+00  0.000000e+00  0.000000e+00  0.000000e+00  0.000000e+00  0.000000e+00
-2.820115  0.000000e+00  0.000000e+00  0.000000e+00  0.000000e+00  0.000000e+00  0.000000e+00
-2.817814  0.000000e+00  0.000000e+00  0.000000e+00  0.000000e+00  0.000000e+00  0.000000e+00
-2.815513  0.000000e+00  0.000000e+00  0.000000e+00  0.000000e+00  0.000000e+00  0.000000e+00
-2.813212  0.000000e+00  0.000000e+00  0.000000e+00  0.000000e+00  0.000000e+00  0.000000e+00
-2.810911  0.000000e+00  0.000000e+00  0.000000e+00  0.000000e+00  0.000000e+00  0.000000e+00
-2.808610  0.000000e+00  0.000000e+00  0.000000e+00  0.000000e+00  0.000000e+00  0.000000e+00
-2.806309  0.000000e+00  0.000000e+00  0.000000e+00  0.000000e+00  0.000000e+00  0.000000e+00
-2.804008  0.000000e+00  0.000000e+00  0.000000e+00  0.000000e+00  0.000000e+00  0.000000e+00
-2.801706  0.000000e+00  0.000000e+00  0.000000e+00  0.000000e+00  0.000000e+00  0.000000e+00
-2.799405  0.000000e+00  0.000000e+00  0.000000e+00  0.000000e+00  0.000000e+00  0.000000e+00
-2.797104  0.000000e+00  0.000000e+00  0.000000e+00  0.000000e+00  0.000000e+00  0.000000e+00
-2.794803  0.000000e+00  0.000000e+00  0.000000e+00  0.000000e+00  0.000000e+00  0.000000e+00
-2.792502  0.000000e+00  0.000000e+00  0.000000e+00  0.000000e+00  0.000000e+00  0.000000e+00
-2.790201  0.000000e+00  0.000000e+00  0.000000e+00  0.000000e+00  0.000000e+00  0.000000e+00
-2.787900  0.000000e+00  0.000000e+00  0.000000e+00  0.000000e+00  0.000000e+00  0.000000e+00
-2.785599  0.000000e+00  0.000000e+00  0.000000e+00  0.000000e+00  0.000000e+00  0.000000e+00
-2.783298  0.000000e+00  0.000000e+00  0.000000e+00  0.000000e+00  0.000000e+00  0.000000e+00
-2.780997  0.000000e+00  0.000000e+00  0.000000e+00  0.000000e+00  0.000000e+00  0.000000e+00
-2.778696  0.000000e+00  0.000000e+00  0.000000e+00  0.000000e+00  0.000000e+00  0.000000e+00
-2.776395  0.000000e+00  0.000000e+00  0.000000e+00  0.000000e+00  0.000000e+00  0.000000e+00
-2.774094  0.000000e+00  0.000000e+00  0.000000e+00  0.000000e+00  0.000000e+00  0.000000e+00
-2.771793  0.000000e+00  0.000000e+00  0.000000e+00  0.000000e+00  0.000000e+00  0.000000e+00
-2.769492  0.000000e+00  0.000000e+00  0.000000e+00  0.000000e+00  0.000000e+00  0.000000e+00
-2.767191  0.000000e+00  0.000000e+00  0.000000e+00  0.000000e+00  0.000000e+00  0.000000e+00
-2.764890  0.000000e+00  0.000000e+00  0.000000e+00  0.000000e+00  0.000000e+00  0.000000e+00
-2.762589  0.000000e+00  0.000000e+00  0.000000e+00  0.000000e+00  0.000000e+00  0.000000e+00
-2.760288  0.000000e+00  0.000000e+00  0.000000e+00  0.000000e+00  0.000000e+00  0.000000e+00
-2.757987  0.000000e+00  0.000000e+00  0.000000e+00  0.000000e+00  0.000000e+00  0.000000e+00
-2.755686  0.000000e+00  0.000000e+00  0.000000e+00  0.000000e+00  0.000000e+00  0.000000e+00
-2.753385  0.000000e+00  0.000000e+00  0.000000e+00  0.000000e+00  0.000000e+00  0.000000e+00
-2.751084  0.000000e+00  0.000000e+00  0.000000e+00  0.000000e+00  0.000000e+00  0.000000e+00
-2.748783  0.000000e+00  0.000000e+00  0.000000e+00  0.000000e+00  0.000000e+00  0.000000e+00
-2.746482  0.000000e+00  0.000000e+00  0.000000e+00  0.000000e+00  0.000000e+00  0.000000e+00
-2.744181  0.000000e+00  0.000000e+00  0.000000e+00  0.000000e+00  0.000000e+00  0.000000e+00
-2.741880  0.000000e+00  0.000000e+00  0.000000e+00  0.000000e+00  0.000000e+00  0.000000e+00
-2.739579  0.000000e+00  0.000000e+00  0.000000e+00  0.000000e+00  0.000000e+00  0.000000e+00
-2.737278  0.000000e+00  0.000000e+00  0.000000e+00  0.000000e+00  0.000000e+00  0.000000e+00
-2.734977  0.000000e+00  0.000000e+00  0.000000e+00  0.000000e+00  0.000000e+00  0.000000e+00
-2.732676  0.000000e+00  0.000000e+00  0.000000e+00  0.000000e+00  0.000000e+00  0.000000e+00
-2.730375  0.000000e+00  0.000000e+00  0.000000e+00  0.000000e+00  0.000000e+00  0.000000e+00
-2.728074  0.000000e+00  0.000000e+00  0.000000e+00  0.000000e+00  0.000000e+00  0.000000e+00
-2.725772  0.000000e+00  0.000000e+00  0.000000e+00  0.000000e+00  0.000000e+00  0.000000e+00
-2.723471  0.000000e+00  0.000000e+00  0.000000e+00  0.000000e+00  0.000000e+00  0.000000e+00
-2.721170  0.000000e+00  0.000000e+00  0.000000e+00  0.000000e+00  0.000000e+00  0.000000e+00
-2.718869  0.000000e+00  0.000000e+00  0.000000e+00  0.000000e+00  0.000000e+00  0.000000e+00
-2.716568  0.000000e+00  0.000000e+00  0.000000e+00  0.000000e+00  0.000000e+00  0.000000e+00
-2.714267  0.000000e+00  0.000000e+00  0.000000e+00  0.000000e+00  0.000000e+00  0.000000e+00
-2.711966  0.000000e+00  0.000000e+00  0.000000e+00  0.000000e+00  0.000000e+00  0.000000e+00
-2.709665  0.000000e+00  0.000000e+00  0.000000e+00  0.000000e+00  0.000000e+00  0.000000e+00
-2.707364  0.000000e+00  0.000000e+00  0.000000e+00  0.000000e+00  0.000000e+00  0.000000e+00
-2.705063  0.000000e+00  0.000000e+00  0.000000e+00  0.000000e+00  0.000000e+00  0.000000e+00
-2.702762  0.000000e+00  0.000000e+00  0.000000e+00  0.000000e+00  0.000000e+00  0.000000e+00
-2.700461  0.000000e+00  0.000000e+00  0.000000e+00  0.000000e+00  0.000000e+00  0.000000e+00
-2.698160  0.000000e+00  0.000000e+00  0.000000e+00  0.000000e+00  0.000000e+00  0.000000e+00
-2.695859  0.000000e+00  0.000000e+00  0.000000e+00  0.000000e+00  0.000000e+00  0.000000e+00
-2.693558  0.000000e+00  0.000000e+00  0.000000e+00  0.000000e+00  0.000000e+00  0.000000e+00
-2.691257  0.000000e+00  0.000000e+00  0.000000e+00  0.000000e+00  0.000000e+00  0.000000e+00
-2.688956  0.000000e+00  0.000000e+00  0.000000e+00  0.000000e+00  0.000000e+00  0.000000e+00
-2.686655  0.000000e+00  0.000000e+00  0.000000e+00  0.000000e+00  0.000000e+00  0.000000e+00
-2.684354  0.000000e+00  0.000000e+00  0.000000e+00  0.000000e+00  0.000000e+00  0.000000e+00
-2.682053  0.000000e+00  0.000000e+00  0.000000e+00  0.000000e+00  0.000000e+00  0.000000e+00
-2.679752  0.000000e+00  0.000000e+00  0.000000e+00  0.000000e+00  0.000000e+00  0.000000e+00
-2.677451  0.000000e+00  0.000000e+00  0.000000e+00  0.000000e+00  0.000000e+00  0.000000e+00
-2.675150  0.000000e+00  0.000000e+00  0.000000e+00  0.000000e+00  0.000000e+00  0.000000e+00
-2.672849  0.000000e+00  0.000000e+00  0.000000e+00  0.000000e+00  0.000000e+00  0.000000e+00
-2.670548  0.000000e+00  0.000000e+00  0.000000e+00  0.000000e+00  0.000000e+00  0.000000e+00
-2.668247  0.000000e+00  0.000000e+00  0.000000e+00  0.000000e+00  0.000000e+00  0.000000e+00
-2.665946  0.000000e+00  0.000000e+00  0.000000e+00  0.000000e+00  0.000000e+00  0.000000e+00
-2.663645  0.000000e+00  0.000000e+00  0.000000e+00  0.000000e+00  0.000000e+00  0.000000e+00
-2.661344  0.000000e+00  0.000000e+00  0.000000e+00  0.000000e+00  0.000000e+00  0.000000e+00
-2.659043  0.000000e+00  0.000000e+00  0.000000e+00  0.000000e+00  0.000000e+00  0.000000e+00
-2.656742  0.000000e+00  0.000000e+00  0.000000e+00  0.000000e+00  0.000000e+00  0.000000e+00
-2.654441  0.000000e+00  0.000000e+00  0.000000e+00  0.000000e+00  0.000000e+00  0.000000e+00
-2.652140  0.000000e+00  0.000000e+00  0.000000e+00  0.000000e+00  0.000000e+00  0.000000e+00
-2.649839  0.000000e+00  0.000000e+00  0.000000e+00  0.000000e+00  0.000000e+00  0.000000e+00
-2.647537  0.000000e+00  0.000000e+00  0.000000e+00  0.000000e+00  0.000000e+00  0.000000e+00
-2.645236  0.000000e+00  0.000000e+00  0.000000e+00  0.000000e+00  0.000000e+00  0.000000e+00
-2.642935  0.000000e+00  0.000000e+00  0.000000e+00  0.000000e+00  0.000000e+00  0.000000e+00
-2.640634  0.000000e+00  0.000000e+00  0.000000e+00  0.000000e+00  0.000000e+00  0.000000e+00
-2.638333  0.000000e+00  0.000000e+00  0.000000e+00  0.000000e+00  0.000000e+00  0.000000e+00
-2.636032  0.000000e+00  0.000000e+00  0.000000e+00  0.000000e+00  0.000000e+00  0.000000e+00
-2.633731  0.000000e+00  0.000000e+00  0.000000e+00  0.000000e+00  0.000000e+00  0.000000e+00
-2.631430  0.000000e+00  0.000000e+00  0.000000e+00  0.000000e+00  0.000000e+00  0.000000e+00
-2.629129  0.000000e+00  0.000000e+00  0.000000e+00  0.000000e+00  0.000000e+00  0.000000e+00
-2.626828  0.000000e+00  0.000000e+00  0.000000e+00  0.000000e+00  0.000000e+00  0.000000e+00
-2.624527  0.000000e+00  0.000000e+00  0.000000e+00  0.000000e+00  0.000000e+00  0.000000e+00
-2.622226  0.000000e+00  0.000000e+00  0.000000e+00  0.000000e+00  0.000000e+00  0.000000e+00
-2.619925  0.000000e+00  0.000000e+00  0.000000e+00  0.000000e+00  0.000000e+00  0.000000e+00
-2.617624  0.000000e+00  0.000000e+00  0.000000e+00  0.000000e+00  0.000000e+00  0.000000e+00
-2.615323  0.000000e+00  0.000000e+00  0.000000e+00  0.000000e+00  0.000000e+00  0.000000e+00
-2.613022  0.000000e+00  0.000000e+00  0.000000e+00  0.000000e+00  0.000000e+00  0.000000e+00
-2.610721  0.000000e+00  0.000000e+00  0.000000e+00  0.000000e+00  0.000000e+00  0.000000e+00
-2.608420  0.000000e+00  0.000000e+00  0.000000e+00  0.000000e+00  0.000000e+00  0.000000e+00
-2.606119  0.000000e+00  0.000000e+00  0.000000e+00  0.000000e+00  0.000000e+00  0.000000e+00
-2.603818  0.000000e+00  0.000000e+00  0.000000e+00  0.000000e+00  0.000000e+00  0.000000e+00
-2.601517  0.000000e+00  0.000000e+00  0.000000e+00  0.000000e+00  0.000000e+00  0.000000e+00
-2.599216  0.000000e+00  0.000000e+00  0.000000e+00  0.000000e+00  0.000000e+00  0.000000e+00
-2.596915  0.000000e+00  0.000000e+00  0.000000e+00  0.000000e+00  0.000000e+00  0.000000e+00
-2.594614  0.000000e+00  0.000000e+00  0.000000e+00  0.000000e+00  0.000000e+00  0.000000e+00
-2.592313  0.000000e+00  0.000000e+00  0.000000e+00  0.000000e+00  0.000000e+00  0.000000e+00
-2.590012  0.000000e+00  0.000000e+00  0.000000e+00  0.000000e+00  0.000000e+00  0.000000e+00
-2.587711  0.000000e+00  0.000000e+00  0.000000e+00  0.000000e+00  0.000000e+00  0.000000e+00
-2.585410  0.000000e+00  0.000000e+00  0.000000e+00  0.000000e+00  0.000000e+00  0.000000e+00
-2.583109  0.000000e+00  0.000000e+00  0.000000e+00  0.000000e+00  0.000000e+00  0.000000e+00
-2.580808  0.000000e+00  0.000000e+00  0.000000e+00  0.000000e+00  0.000000e+00  0.000000e+00
-2.578507  0.000000e+00  0.000000e+00  0.000000e+00  0.000000e+00  0.000000e+00  0.000000e+00
-2.576206  0.000000e+00  0.000000e+00  0.000000e+00  0.000000e+00  0.000000e+00  0.000000e+00
-2.573905  0.000000e+00  0.000000e+00  0.000000e+00  0.000000e+00  0.000000e+00  0.000000e+00
-2.571603  0.000000e+00  0.000000e+00  0.000000e+00  0.000000e+00  0.000000e+00  0.000000e+00
-2.569302  0.000000e+00  0.000000e+00  0.000000e+00  0.000000e+00  0.000000e+00  0.000000e+00
-2.567001  0.000000e+00  0.000000e+00  0.000000e+00  0.000000e+00  0.000000e+00  0.000000e+00
-2.564700  0.000000e+00  0.000000e+00  0.000000e+00  0.000000e+00  0.000000e+00  0.000000e+00
-2.562399  0.000000e+00  0.000000e+00  0.000000e+00  0.000000e+00  0.000000e+00  0.000000e+00
-2.560098  0.000000e+00  0.000000e+00  0.000000e+00  0.000000e+00  0.000000e+00  0.000000e+00
-2.557797  0.000000e+00  0.000000e+00  0.000000e+00  0.000000e+00  0.000000e+00  0.000000e+00
-2.555496  0.000000e+00  0.000000e+00  0.000000e+00  0.000000e+00  0.000000e+00  0.000000e+00
-2.553195  0.000000e+00  0.000000e+00  0.000000e+00  0.000000e+00  0.000000e+00  0.000000e+00
-2.550894  0.000000e+00  0.000000e+00  0.000000e+00  0.000000e+00  0.000000e+00  0.000000e+00
-2.548593  0.000000e+00  0.000000e+00  0.000000e+00  0.000000e+00  0.000000e+00  0.000000e+00
-2.546292  0.000000e+00  0.000000e+00  0.000000e+00  0.000000e+00  0.000000e+00  0.000000e+00
-2.543991  0.000000e+00  0.000000e+00  0.000000e+00  0.000000e+00  0.000000e+00  0.000000e+00
-2.541690  0.000000e+00  0.000000e+00  0.000000e+00  0.000000e+00  0.000000e+00  0.000000e+00
-2.539389  0.000000e+00  0.000000e+00  0.000000e+00  0.000000e+00  0.000000e+00  0.000000e+00
-2.537088  0.000000e+00  0.000000e+00  0.000000e+00  0.000000e+00  0.000000e+00  0.000000e+00
-2.534787  0.000000e+00  0.000000e+00  0.000000e+00  0.000000e+00  0.000000e+00  0.000000e+00
-2.532486  0.000000e+00  0.000000e+00  0.000000e+00  0.000000e+00  0.000000e+00  0.000000e+00
-2.530185  0.000000e+00  0.000000e+00  0.000000e+00  0.000000e+00  0.000000e+00  0.000000e+00
-2.527884  0.000000e+00  0.000000e+00  0.000000e+00  0.000000e+00  0.000000e+00  0.000000e+00
-2.525583  0.000000e+00  0.000000e+00  0.000000e+00  0.000000e+00  0.000000e+00  0.000000e+00
-2.523282  0.000000e+00  0.000000e+00  0.000000e+00  0.000000e+00  0.000000e+00  0.000000e+00
-2.520981  1.867452e-04  0.000000e+00  0.000000e+00  0.000000e+00  0.000000e+00  0.000000e+00
-2.518680  3.520186e-04  0.000000e+00  0.000000e+00  0.000000e+00  0.000000e+00  0.000000e+00
-2.516379  5.120261e-04  0.000000e+00  0.000000e+00  0.000000e+00  0.000000e+00  0.000000e+00
-2.514078  6.668751e-04  0.000000e+00  0.000000e+00  0.000000e+00  0.000000e+00  0.000000e+00
-2.511777  8.166737e-04  0.000000e+00  0.000000e+00  0.000000e+00  0.000000e+00  0.000000e+00
-2.509476  9.615311e-04  0.000000e+00  0.000000e+00  0.000000e+00  0.000000e+00  0.000000e+00
-2.507175  1.101557e-03  0.000000e+00  0.000000e+00  0.000000e+00  0.000000e+00  0.000000e+00
-2.504874  1.236864e-03  0.000000e+00  0.000000e+00  0.000000e+00  0.000000e+00  0.000000e+00
-2.502573  1.367563e-03  0.000000e+00  0.000000e+00  0.000000e+00  0.000000e+00  0.000000e+00
-2.500272  1.493767e-03  0.000000e+00  0.000000e+00  0.000000e+00  0.000000e+00  0.000000e+00
-2.497971  1.615591e-03  0.000000e+00  0.000000e+00  0.000000e+00  0.000000e+00  0.000000e+00
-2.495669  1.733150e-03  0.000000e+00  0.000000e+00  0.000000e+00  0.000000e+00  0.000000e+00
-2.493368  1.846561e-03  0.000000e+00  0.000000e+00  0.000000e+00  0.000000e+00  0.000000e+00
-2.491067  1.955940e-03  0.000000e+00  0.000000e+00  0.000000e+00  0.000000e+00  0.000000e+00
-2.488766  2.061407e-03  0.000000e+00  0.000000e+00  0.000000e+00  0.000000e+00  0.000000e+00
-2.486465  2.163081e-03  0.000000e+00  0.000000e+00  0.000000e+00  0.000000e+00  0.000000e+00
-2.484164  2.261083e-03  0.000000e+00  0.000000e+00  0.000000e+00  0.000000e+00  0.000000e+00
-2.481863  2.355534e-03  0.000000e+00  0.000000e+00  0.000000e+00  0.000000e+00  0.000000e+00
-2.479562  2.446559e-03  0.000000e+00  0.000000e+00  0.000000e+00  0.000000e+00  0.000000e+00
-2.477261  2.534281e-03  0.000000e+00  0.000000e+00  0.000000e+00  0.000000e+00  0.000000e+00
-2.474960  2.618826e-03  0.000000e+00  0.000000e+00  0.000000e+00  0.000000e+00  0.000000e+00
-2.472659  2.700321e-03  0.000000e+00  0.000000e+00  0.000000e+00  0.000000e+00  0.000000e+00
-2.470358  2.778893e-03  0.000000e+00  0.000000e+00  0.000000e+00  0.000000e+00  0.000000e+00
-2.468057  2.854672e-03  0.000000e+00  0.000000e+00  0.000000e+00  0.000000e+00  0.000000e+00
-2.465756  2.927788e-03  0.000000e+00  0.000000e+00  0.000000e+00  0.000000e+00  0.000000e+00
-2.463455  2.998373e-03  0.000000e+00  0.000000e+00  0.000000e+00  0.000000e+00  0.000000e+00
-2.461154  3.066561e-03  0.000000e+00  0.000000e+00  0.000000e+00  0.000000e+00  0.000000e+00
-2.458853  3.132486e-03  0.000000e+00  0.000000e+00  0.000000e+00  0.000000e+00  0.000000e+00
-2.456552  3.196283e-03  0.000000e+00  0.000000e+00  0.000000e+00  0.000000e+00  0.000000e+00
-2.454251  3.258090e-03  0.000000e+00  0.000000e+00  0.000000e+00  0.000000e+00  0.000000e+00
-2.451950  3.318045e-03  0.000000e+00  0.000000e+00  0.000000e+00  0.000000e+00  0.000000e+00
-2.449649  3.376289e-03  0.000000e+00  0.000000e+00  0.000000e+00  0.000000e+00  0.000000e+00
-2.447348  3.432962e-03  0.000000e+00  0.000000e+00  0.000000e+00  0.000000e+00  0.000000e+00
-2.445047  3.488207e-03  0.000000e+00  0.000000e+00  0.000000e+00  0.000000e+00  0.000000e+00
-2.442746  3.542170e-03  0.000000e+00  0.000000e+00  0.000000e+00  0.000000e+00  0.000000e+00
-2.440445  3.594995e-03  0.000000e+00  0.000000e+00  0.000000e+00  0.000000e+00  0.000000e+00
-2.438144  3.646830e-03  0.000000e+00  0.000000e+00  0.000000e+00  0.000000e+00  0.000000e+00
-2.435843  3.697823e-03  0.000000e+00  0.000000e+00  0.000000e+00  0.000000e+00  0.000000e+00
-2.433542  3.748126e-03  0.000000e+00  0.000000e+00  0.000000e+00  0.000000e+00  0.000000e+00
-2.431241  3.797890e-03  0.000000e+00  0.000000e+00  0.000000e+00  0.000000e+00  0.000000e+00
-2.428940  3.847268e-03  0.000000e+00  0.000000e+00  0.000000e+00  0.000000e+00  0.000000e+00
-2.426639  3.896416e-03  0.000000e+00  0.000000e+00  0.000000e+00  0.000000e+00  0.000000e+00
-2.424338  3.945490e-03  0.000000e+00  0.000000e+00  0.000000e+00  0.000000e+00  0.000000e+00
-2.422037  3.994649e-03  0.000000e+00  0.000000e+00  0.000000e+00  0.000000e+00  0.000000e+00
-2.419736  4.044052e-03  0.000000e+00  0.000000e+00  0.000000e+00  0.000000e+00  0.000000e+00
-2.417434  4.093863e-03  0.000000e+00  0.000000e+00  0.000000e+00  0.000000e+00  0.000000e+00
-2.415133  4.144243e-03  0.000000e+00  0.000000e+00  0.000000e+00  0.000000e+00  0.000000e+00
-2.412832  4.195359e-03  0.000000e+00  0.000000e+00  0.000000e+00  0.000000e+00  0.000000e+00
-2.410531  4.247378e-03  0.000000e+00  0.000000e+00  0.000000e+00  0.000000e+00  0.000000e+00
-2.408230  4.300467e-03  0.000000e+00  0.000000e+00  0.000000e+00  0.000000e+00  0.000000e+00
-2.405929  4.354798e-03  0.000000e+00  0.000000e+00  0.000000e+00  0.000000e+00  0.000000e+00
-2.403628  4.410544e-03  0.000000e+00  0.000000e+00  0.000000e+00  0.000000e+00  0.000000e+00
-2.401327  4.467878e-03  0.000000e+00  0.000000e+00  0.000000e+00  0.000000e+00  0.000000e+00
-2.399026  4.526977e-03  0.000000e+00  0.000000e+00  0.000000e+00  0.000000e+00  0.000000e+00
-2.396725  4.588019e-03  0.000000e+00  0.000000e+00  0.000000e+00  0.000000e+00  0.000000e+00
-2.394424  4.651184e-03  0.000000e+00  0.000000e+00  0.000000e+00  0.000000e+00  0.000000e+00
-2.392123  4.716654e-03  0.000000e+00  0.000000e+00  0.000000e+00  0.000000e+00  0.000000e+00
-2.389822  4.784612e-03  0.000000e+00  0.000000e+00  0.000000e+00  0.000000e+00  0.000000e+00
-2.387521  4.855246e-03  0.000000e+00  0.000000e+00  0.000000e+00  0.000000e+00  0.000000e+00
-2.385220  4.928719e-03  0.000000e+00  0.000000e+00  0.000000e+00  0.000000e+00  0.000000e+00
-2.382919  5.004978e-03  0.000000e+00  0.000000e+00  0.000000e+00  0.000000e+00  0.000000e+00
-2.380618  5.083852e-03  0.000000e+00  0.000000e+00  0.000000e+00  0.000000e+00  0.000000e+00
-2.378317  5.165166e-03  0.000000e+00  0.000000e+00  0.000000e+00  0.000000e+00  0.000000e+00
-2.376016  5.248743e-03  0.000000e+00  0.000000e+00  0.000000e+00  0.000000e+00  0.000000e+00
-2.373715  5.334406e-03  0.000000e+00  0.000000e+00  0.000000e+00  0.000000e+00  0.000000e+00
-2.371414  5.421974e-03  0.000000e+00  0.000000e+00  0.000000e+00  0.000000e+00  0.000000e+00
-2.369113  5.511266e-03  0.000000e+00  0.000000e+00  0.000000e+00  0.000000e+00  0.000000e+00
-2.366812  5.602097e-03  0.000000e+00  0.000000e+00  0.000000e+00  0.000000e+00  0.000000e+00
-2.364511  5.694280e-03  0.000000e+00  0.000000e+00  0.000000e+00  0.000000e+00  0.000000e+00
-2.362210  5.787630e-03  0.000000e+00  0.000000e+00  0.000000e+00  0.000000e+00  0.000000e+00
-2.359909  5.881955e-03  0.000000e+00  0.000000e+00  0.000000e+00  0.000000e+00  0.000000e+00
-2.357608  5.977063e-03  0.000000e+00  0.000000e+00  0.000000e+00  0.000000e+00  0.000000e+00
-2.355307  6.072762e-03  0.000000e+00  0.000000e+00  0.000000e+00  0.000000e+00  0.000000e+00
-2.353006  6.168854e-03  0.000000e+00  0.000000e+00  0.000000e+00  0.000000e+00  0.000000e+00
-2.350705  6.265141e-03  0.000000e+00  0.000000e+00  0.000000e+00  0.000000e+00  0.000000e+00
-2.348404  6.361424e-03  0.000000e+00  0.000000e+00  0.000000e+00  0.000000e+00  0.000000e+00
-2.346103  6.457500e-03  0.000000e+00  0.000000e+00  0.000000e+00  0.000000e+00  0.000000e+00
-2.343802  6.553164e-03  0.000000e+00  0.000000e+00  0.000000e+00  0.000000e+00  0.000000e+00
-2.341500  6.648211e-03  0.000000e+00  0.000000e+00  0.000000e+00  0.000000e+00  0.000000e+00
-2.339199  6.742528e-03  0.000000e+00  0.000000e+00  0.000000e+00  0.000000e+00  0.000000e+00
-2.336898  6.836165e-03  0.000000e+00  0.000000e+00  0.000000e+00  0.000000e+00  0.000000e+00
-2.334597  6.929190e-03  0.000000e+00  0.000000e+00  0.000000e+00  0.000000e+00  0.000000e+00
-2.332296  7.021669e-03  0.000000e+00  0.000000e+00  0.000000e+00  0.000000e+00  0.000000e+00
-2.329995  7.113671e-03  0.000000e+00  0.000000e+00  0.000000e+00  0.000000e+00  0.000000e+00
-2.327694  7.205265e-03  0.000000e+00  0.000000e+00  0.000000e+00  0.000000e+00  0.000000e+00
-2.325393  7.296520e-03  0.000000e+00  0.000000e+00  0.000000e+00  0.000000e+00  0.000000e+00
-2.323092  7.387507e-03  0.000000e+00  0.000000e+00  0.000000e+00  0.000000e+00  0.000000e+00
-2.320791  7.478297e-03  0.000000e+00  0.000000e+00  0.000000e+00  0.000000e+00  0.000000e+00
-2.318490  7.568961e-03  0.000000e+00  0.000000e+00  0.000000e+00  0.000000e+00  0.000000e+00
-2.316189  7.659571e-03  0.000000e+00  0.000000e+00  0.000000e+00  0.000000e+00  0.000000e+00
-2.313888  7.750202e-03  0.000000e+00  0.000000e+00  0.000000e+00  0.000000e+00  0.000000e+00
-2.311587  7.840926e-03  0.000000e+00  0.000000e+00  0.000000e+00  0.000000e+00  0.000000e+00
-2.309286  7.931819e-03  0.000000e+00  0.000000e+00  0.000000e+00  0.000000e+00  0.000000e+00
-2.306985  8.022956e-03  0.000000e+00  0.000000e+00  0.000000e+00  0.000000e+00  0.000000e+00
-2.304684  8.114414e-03  0.000000e+00  0.000000e+00  0.000000e+00  0.000000e+00  0.000000e+00
-2.302383  8.206269e-03  0.000000e+00  0.000000e+00  0.000000e+00  0.000000e+00  0.000000e+00
-2.300082  8.298599e-03  0.000000e+00  0.000000e+00  0.000000e+00  0.000000e+00  0.000000e+00
-2.297781  8.391483e-03  0.000000e+00  0.000000e+00  0.000000e+00  0.000000e+00  0.000000e+00
-2.295480  8.485000e-03  0.000000e+00  0.000000e+00  0.000000e+00  0.000000e+00  0.000000e+00
-2.293179  8.579232e-03  0.000000e+00  0.000000e+00  0.000000e+00  0.000000e+00  0.000000e+00
-2.290878  8.674258e-03  0.000000e+00  0.000000e+00  0.000000e+00  0.000000e+00  0.000000e+00
-2.288577  8.770161e-03  0.000000e+00  0.000000e+00  0.000000e+00  0.000000e+00  0.000000e+00
-2.286276  8.867024e-03  0.000000e+00  0.000000e+00  0.000000e+00  0.000000e+00  0.000000e+00
-2.283975  8.964931e-03  0.000000e+00  0.000000e+00  0.000000e+00  0.000000e+00  0.000000e+00
-2.281674  9.063965e-03  0.000000e+00  0.000000e+00  0.000000e+00  0.000000e+00  0.000000e+00
-2.279373  9.164174e-03  0.000000e+00  0.000000e+00  0.000000e+00  0.000000e+00  0.000000e+00
-2.277072  9.265560e-03  0.000000e+00  0.000000e+00  0.000000e+00  0.000000e+00  0.000000e+00
-2.274771  9.368126e-03  0.000000e+00  0.000000e+00  0.000000e+00  0.000000e+00  0.000000e+00
-2.272470  9.471873e-03  0.000000e+00  0.000000e+00  0.000000e+00  0.000000e+00  0.000000e+00
-2.270169  9.576804e-03  0.000000e+00  0.000000e+00  0.000000e+00  0.000000e+00  0.000000e+00
-2.267868  9.682919e-03  0.000000e+00  0.000000e+00  0.000000e+00  0.000000e+00  0.000000e+00
-2.265566  9.790221e-03  0.000000e+00  0.000000e+00  0.000000e+00  0.000000e+00  0.000000e+00
-2.263265  9.898711e-03  0.000000e+00  0.000000e+00  0.000000e+00  0.000000e+00  0.000000e+00
-2.260964  1.000839e-02  0.000000e+00  0.000000e+00  0.000000e+00  0.000000e+00  0.000000e+00
-2.258663  1.011926e-02  0.000000e+00  0.000000e+00  0.000000e+00  0.000000e+00  0.000000e+00
-2.256362  1.023133e-02  0.000000e+00  0.000000e+00  0.000000e+00  0.000000e+00  0.000000e+00
-2.254061  1.034459e-02  0.000000e+00  0.000000e+00  0.000000e+00  0.000000e+00  0.000000e+00
-2.251760  1.045905e-02  0.000000e+00  0.000000e+00  0.000000e+00  0.000000e+00  0.000000e+00
-2.249459  1.057471e-02  0.000000e+00  0.000000e+00  0.000000e+00  0.000000e+00  0.000000e+00
-2.247158  1.069156e-02  0.000000e+00  0.000000e+00  0.000000e+00  0.000000e+00  0.000000e+00
-2.244857  1.080963e-02  0.000000e+00  0.000000e+00  0.000000e+00  0.000000e+00  0.000000e+00
-2.242556  1.092889e-02  0.000000e+00  0.000000e+00  0.000000e+00  0.000000e+00  0.000000e+00
-2.240255  1.104936e-02  0.000000e+00  0.000000e+00  0.000000e+00  0.000000e+00  0.000000e+00
-2.237954  1.117105e-02  0.000000e+00  0.000000e+00  0.000000e+00  0.000000e+00  0.000000e+00
-2.235653  1.129394e-02  0.000000e+00  0.000000e+00  0.000000e+00  0.000000e+00  0.000000e+00
-2.233352  1.141804e-02  0.000000e+00  0.000000e+00  0.000000e+00  0.000000e+00  0.000000e+00
-2.231051  1.154336e-02  0.000000e+00  0.000000e+00  0.000000e+00  0.000000e+00  0.000000e+00
-2.228750  1.166990e-02  0.000000e+00  0.000000e+00  0.000000e+00  0.000000e+00  0.000000e+00
-2.226449  1.179766e-02  0.000000e+00  0.000000e+00  0.000000e+00  0.000000e+00  0.000000e+00
-2.224148  1.192663e-02  0.000000e+00  0.000000e+00  0.000000e+00  0.000000e+00  0.000000e+00
-2.221847  1.205683e-02  0.000000e+00  0.000000e+00  0.000000e+00  0.000000e+00  0.000000e+00
-2.219546  1.218826e-02  0.000000e+00  0.000000e+00  0.000000e+00  0.000000e+00  0.000000e+00
-2.217245  1.232091e-02  0.000000e+00  0.000000e+00  0.000000e+00  0.000000e+00  0.000000e+00
-2.214944  1.245479e-02  0.000000e+00  0.000000e+00  0.000000e+00  0.000000e+00  0.000000e+00
-2.212643  1.258991e-02  0.000000e+00  0.000000e+00  0.000000e+00  0.000000e+00  0.000000e+00
-2.210342  1.272631e-02  0.000000e+00  0.000000e+00  0.000000e+00  0.000000e+00  0.000000e+00
-2.208041  1.286406e-02  0.000000e+00  0.000000e+00  0.000000e+00  0.000000e+00  0.000000e+00
-2.205740  1.300324e-02  0.000000e+00  0.000000e+00  0.000000e+00  0.000000e+00  0.000000e+00
-2.203439  1.314392e-02  0.000000e+00  0.000000e+00  0.000000e+00  0.000000e+00  0.000000e+00
-2.201138  1.328617e-02  0.000000e+00  0.000000e+00  0.000000e+00  0.000000e+00  0.000000e+00
-2.198837  1.343007e-02  0.000000e+00  0.000000e+00  0.000000e+00  0.000000e+00  0.000000e+00
-2.196536  1.357570e-02  0.000000e+00  0.000000e+00  0.000000e+00  0.000000e+00  0.000000e+00
-2.194235  1.372312e-02  0.000000e+00  0.000000e+00  0.000000e+00  0.000000e+00  0.000000e+00
-2.191934  1.387242e-02  0.000000e+00  0.000000e+00  0.000000e+00  0.000000e+00  0.000000e+00
-2.189633  1.402368e-02  0.000000e+00  0.000000e+00  0.000000e+00  0.000000e+00  0.000000e+00
-2.187331  1.417697e-02  0.000000e+00  0.000000e+00  0.000000e+00  0.000000e+00  0.000000e+00
-2.185030  1.433237e-02  0.000000e+00  0.000000e+00  0.000000e+00  0.000000e+00  0.000000e+00
-2.182729  1.448996e-02  0.000000e+00  0.000000e+00  0.000000e+00  0.000000e+00  0.000000e+00
-2.180428  1.464983e-02  0.000000e+00  0.000000e+00  0.000000e+00  0.000000e+00  0.000000e+00
-2.178127  1.481206e-02  0.000000e+00  0.000000e+00  0.000000e+00  0.000000e+00  0.000000e+00
-2.175826  1.497673e-02  0.000000e+00  0.000000e+00  0.000000e+00  0.000000e+00  0.000000e+00
-2.173525  1.514393e-02  0.000000e+00  0.000000e+00  0.000000e+00  0.000000e+00  0.000000e+00
-2.171224  1.531373e-02  0.000000e+00  0.000000e+00  0.000000e+00  0.000000e+00  0.000000e+00
-2.168923  1.548623e-02  0.000000e+00  0.000000e+00  0.000000e+00  0.000000e+00  0.000000e+00
-2.166622  1.566151e-02  0.000000e+00  0.000000e+00  0.000000e+00  0.000000e+00  0.000000e+00
-2.164321  1.583966e-02  0.000000e+00  0.000000e+00  0.000000e+00  0.000000e+00  0.000000e+00
-2.162020  1.602077e-02  0.000000e+00  0.000000e+00  0.000000e+00  0.000000e+00  0.000000e+00
-2.159719  1.620493e-02  0.000000e+00  0.000000e+00  0.000000e+00  0.000000e+00  0.000000e+00
-2.157418  1.639223e-02  0.000000e+00  0.000000e+00  0.000000e+00  0.000000e+00  0.000000e+00
-2.155117  1.658276e-02  0.000000e+00  0.000000e+00  0.000000e+00  0.000000e+00  0.000000e+00
-2.152816  1.677662e-02  0.000000e+00  0.000000e+00  0.000000e+00  0.000000e+00  0.000000e+00
-2.150515  1.697389e-02  0.000000e+00  0.000000e+00  0.000000e+00  0.000000e+00  0.000000e+00
-2.148214  1.717467e-02  0.000000e+00  0.000000e+00  0.000000e+00  0.000000e+00  0.000000e+00
-2.145913  1.737907e-02  0.000000e+00  0.000000e+00  0.000000e+00  0.000000e+00  0.000000e+00
-2.143612  1.758716e-02  0.000000e+00  0.000000e+00  0.000000e+00  0.000000e+00  0.000000e+00
-2.141311  1.779906e-02  0.000000e+00  0.000000e+00  0.000000e+00  0.000000e+00  0.000000e+00
-2.139010  1.801487e-02  0.000000e+00  0.000000e+00  0.000000e+00  0.000000e+00  0.000000e+00
-2.136709  1.823467e-02  0.000000e+00  0.000000e+00  0.000000e+00  0.000000e+00  0.000000e+00
-2.134408  1.845859e-02  0.000000e+00  0.000000e+00  0.000000e+00  0.000000e+00  0.000000e+00
-2.132107  1.868668e-02  0.000000e+00  0.000000e+00  0.000000e+00  0.000000e+00  0.000000e+00
-2.129806  1.891899e-02  0.000000e+00  0.000000e+00  0.000000e+00  0.000000e+00  0.000000e+00
-2.127505  1.915556e-02  0.000000e+00  0.000000e+00  0.000000e+00  0.000000e+00  0.000000e+00
-2.125204  1.939641e-02  0.000000e+00  0.000000e+00  0.000000e+00  0.000000e+00  0.000000e+00
-2.122903  1.964157e-02  0.000000e+00  0.000000e+00  0.000000e+00  0.000000e+00  0.000000e+00
-2.120602  1.989108e-02  0.000000e+00  0.000000e+00  0.000000e+00  0.000000e+00  0.000000e+00
-2.118301  2.014497e-02  0.000000e+00  0.000000e+00  0.000000e+00  0.000000e+00  0.000000e+00
-2.116000  2.040327e-02  0.000000e+00  0.000000e+00  0.000000e+00  0.000000e+00  0.000000e+00
-2.113699  2.066601e-02  0.000000e+00  0.000000e+00  0.000000e+00  0.000000e+00  0.000000e+00
-2.111397  2.093323e-02  0.000000e+00  0.000000e+00  0.000000e+00  0.000000e+00  0.000000e+00
-2.109096  2.120496e-02  0.000000e+00  0.000000e+00  0.000000e+00  0.000000e+00  0.000000e+00
-2.106795  2.148124e-02  0.000000e+00  0.000000e+00  0.000000e+00  0.000000e+00  0.000000e+00
-2.104494  2.176210e-02  0.000000e+00  0.000000e+00  0.000000e+00  0.000000e+00  0.000000e+00
-2.102193  2.204758e-02  0.000000e+00  0.000000e+00  0.000000e+00  0.000000e+00  0.000000e+00
-2.099892  2.233770e-02  0.000000e+00  0.000000e+00  0.000000e+00  0.000000e+00  0.000000e+00
-2.097591  2.263252e-02  0.000000e+00  0.000000e+00  0.000000e+00  0.000000e+00  0.000000e+00
-2.095290  2.293206e-02  0.000000e+00  0.000000e+00  0.000000e+00  0.000000e+00  0.000000e+00
-2.092989  2.323636e-02  0.000000e+00  0.000000e+00  0.000000e+00  0.000000e+00  0.000000e+00
-2.090688  2.354545e-02  0.000000e+00  0.000000e+00  0.000000e+00  0.000000e+00  0.000000e+00
-2.088387  2.385939e-02  0.000000e+00  0.000000e+00  0.000000e+00  0.000000e+00  0.000000e+00
-2.086086  2.417820e-02  0.000000e+00  0.000000e+00  0.000000e+00  0.000000e+00  0.000000e+00
-2.083785  2.450192e-02  0.000000e+00  0.000000e+00  0.000000e+00  0.000000e+00  0.000000e+00
-2.081484  2.483059e-02  0.000000e+00  0.000000e+00  0.000000e+00  0.000000e+00  0.000000e+00
-2.079183  2.516425e-02  0.000000e+00  0.000000e+00  0.000000e+00  0.000000e+00  0.000000e+00
-2.076882  2.550295e-02  0.000000e+00  0.000000e+00  0.000000e+00  0.000000e+00  0.000000e+00
-2.074581  2.584672e-02  0.000000e+00  0.000000e+00  0.000000e+00  0.000000e+00  0.000000e+00
-2.072280  2.619560e-02  0.000000e+00  0.000000e+00  0.000000e+00  0.000000e+00  0.000000e+00
-2.069979  2.654963e-02  0.000000e+00  0.000000e+00  0.000000e+00  0.000000e+00  0.000000e+00
-2.067678  2.690886e-02  0.000000e+00  0.000000e+00  0.000000e+00  0.000000e+00  0.000000e+00
-2.065377  2.727334e-02  0.000000e+00  0.000000e+00  0.000000e+00  0.000000e+00  0.000000e+00
-2.063076  2.764311e-02  0.000000e+00  0.000000e+00  0.000000e+00  0.000000e+00  0.000000e+00
-2.060775  2.801823e-02  0.000000e+00  0.000000e+00  0.000000e+00  0.000000e+00  0.000000e+00
-2.058474  2.839877e-02  0.000000e+00  0.000000e+00  0.000000e+00  0.000000e+00  0.000000e+00
-2.056173  2.878477e-02  0.000000e+00  0.000000e+00  0.000000e+00  0.000000e+00  0.000000e+00
-2.053872  2.917631e-02  0.000000e+00  0.000000e+00  0.000000e+00  0.000000e+00  0.000000e+00
-2.051571  2.957344e-02  0.000000e+00  0.000000e+00  0.000000e+00  0.000000e+00  0.000000e+00
-2.049270  2.997622e-02  0.000000e+00  0.000000e+00  0.000000e+00  0.000000e+00  0.000000e+00
-2.046969  3.038471e-02  0.000000e+00  0.000000e+00  0.000000e+00  0.000000e+00  0.000000e+00
-2.044668  3.079897e-02  0.000000e+00  0.000000e+00  0.000000e+00  0.000000e+00  0.000000e+00
-2.042367  3.121907e-02  0.000000e+00  0.000000e+00  0.000000e+00  0.000000e+00  0.000000e+00
-2.040066  3.164508e-02  0.000000e+00  0.000000e+00  0.000000e+00  0.000000e+00  0.000000e+00
-2.037765  3.207705e-02  0.000000e+00  0.000000e+00  0.000000e+00  0.000000e+00  0.000000e+00
-2.035463  3.251505e-02  0.000000e+00  0.000000e+00  0.000000e+00  0.000000e+00  0.000000e+00
-2.033162  3.295914e-02  0.000000e+00  0.000000e+00  0.000000e+00  0.000000e+00  0.000000e+00
-2.030861  3.340940e-02  0.000000e+00  0.000000e+00  0.000000e+00  0.000000e+00  0.000000e+00
-2.028560  3.386589e-02  0.000000e+00  0.000000e+00  0.000000e+00  0.000000e+00  0.000000e+00
-2.026259  3.432867e-02  0.000000e+00  0.000000e+00  0.000000e+00  0.000000e+00  0.000000e+00
-2.023958  3.479782e-02  0.000000e+00  0.000000e+00  0.000000e+00  0.000000e+00  0.000000e+00
-2.021657  3.527341e-02  0.000000e+00  0.000000e+00  0.000000e+00  0.000000e+00  0.000000e+00
-2.019356  3.575550e-02  0.000000e+00  0.000000e+00  0.000000e+00  0.000000e+00  0.000000e+00
-2.017055  3.624417e-02  0.000000e+00  0.000000e+00  0.000000e+00  0.000000e+00  0.000000e+00
-2.014754  3.673949e-02  0.000000e+00  0.000000e+00  0.000000e+00  0.000000e+00  0.000000e+00
-2.012453  3.724153e-02  0.000000e+00  0.000000e+00  0.000000e+00  0.000000e+00  0.000000e+00
-2.010152  3.775037e-02  0.000000e+00  0.000000e+00  0.000000e+00  0.000000e+00  0.000000e+00
-2.007851  3.826607e-02  0.000000e+00  0.000000e+00  0.000000e+00  0.000000e+00  0.000000e+00
-2.005550  3.878872e-02  0.000000e+00  0.000000e+00  0.000000e+00  0.000000e+00  0.000000e+00
-2.003249  3.931839e-02  0.000000e+00  0.000000e+00  0.000000e+00  0.000000e+00  0.000000e+00
-2.000948  3.985516e-02  0.000000e+00  0.000000e+00  0.000000e+00  0.000000e+00  0.000000e+00
-1.998647  4.039911e-02  0.000000e+00  0.000000e+00  0.000000e+00  0.000000e+00  0.000000e+00
-1.996346  4.095030e-02  0.000000e+00  0.000000e+00  0.000000e+00  0.000000e+00  0.000000e+00
-1.994045  4.150884e-02  0.000000e+00  0.000000e+00  0.000000e+00  0.000000e+00  0.000000e+00
-1.991744  4.207493e-02  0.000000e+00  0.000000e+00  0.000000e+00  0.000000e+00  0.000000e+00
-1.989443  4.264893e-02  0.000000e+00  0.000000e+00  0.000000e+00  0.000000e+00  0.000000e+00
-1.987142  4.323120e-02  0.000000e+00  0.000000e+00  0.000000e+00  0.000000e+00  0.000000e+00
-1.984841  4.382210e-02  0.000000e+00  0.000000e+00  0.000000e+00  0.000000e+00  0.000000e+00
-1.982540  4.442201e-02  0.000000e+00  0.000000e+00  0.000000e+00  0.000000e+00  0.000000e+00
-1.980239  4.503130e-02  0.000000e+00  0.000000e+00  0.000000e+00  0.000000e+00  0.000000e+00
-1.977938  4.565034e-02  0.000000e+00  0.000000e+00  0.000000e+00  0.000000e+00  0.000000e+00
-1.975637  4.627952e-02  0.000000e+00  0.000000e+00  0.000000e+00  0.000000e+00  0.000000e+00
-1.973336  4.691922e-02  0.000000e+00  0.000000e+00  0.000000e+00  0.000000e+00  0.000000e+00
-1.971035  4.756983e-02  0.000000e+00  0.000000e+00  0.000000e+00  0.000000e+00  0.000000e+00
-1.968734  4.823175e-02  0.000000e+00  0.000000e+00  0.000000e+00  0.000000e+00  0.000000e+00
-1.966433  4.890538e-02  0.000000e+00  0.000000e+00  0.000000e+00  0.000000e+00  0.000000e+00
-1.964132  4.959112e-02  0.000000e+00  0.000000e+00  0.000000e+00  0.000000e+00  0.000000e+00
-1.961831  5.028937e-02  0.000000e+00  0.000000e+00  0.000000e+00  0.000000e+00  0.000000e+00
-1.959530  5.100054e-02  0.000000e+00  0.000000e+00  0.000000e+00  0.000000e+00  0.000000e+00
-1.957228  5.172506e-02  0.000000e+00  0.000000e+00  0.000000e+00  0.000000e+00  0.000000e+00
-1.954927  5.246335e-02  0.000000e+00  0.000000e+00  0.000000e+00  0.000000e+00  0.000000e+00
-1.952626  5.321583e-02  0.000000e+00  0.000000e+00  0.000000e+00  0.000000e+00  0.000000e+00
-1.950325  5.398292e-02  0.000000e+00  0.000000e+00  0.000000e+00  0.000000e+00  0.000000e+00
-1.948024  5.476508e-02  0.000000e+00  0.000000e+00  0.000000e+00  0.000000e+00  0.000000e+00
-1.945723  5.556272e-02  0.000000e+00  0.000000e+00  0.000000e+00  0.000000e+00  0.000000e+00
-1.943422  5.637631e-02  0.000000e+00  0.000000e+00  0.000000e+00  0.000000e+00  0.000000e+00
-1.941121  5.720629e-02  0.000000e+00  0.000000e+00  0.000000e+00  0.000000e+00  0.000000e+00
-1.938820  5.805311e-02  0.000000e+00  0.000000e+00  0.000000e+00  0.000000e+00  0.000000e+00
-1.936519  5.891724e-02  0.000000e+00  0.000000e+00  0.000000e+00  0.000000e+00  0.000000e+00
-1.934218  5.979914e-02  0.000000e+00  0.000000e+00  0.000000e+00  0.000000e+00  0.000000e+00
-1.931917  6.069928e-02  0.000000e+00  0.000000e+00  0.000000e+00  0.000000e+00  0.000000e+00
-1.929616  6.161813e-02  0.000000e+00  0.000000e+00  0.000000e+00  0.000000e+00  0.000000e+00
-1.927315  6.255618e-02  0.000000e+00  0.000000e+00  0.000000e+00  0.000000e+00  0.000000e+00
-1.925014  6.351391e-02  0.000000e+00  0.000000e+00  0.000000e+00  0.000000e+00  0.000000e+00
-1.922713  6.449182e-02  0.000000e+00  0.000000e+00  0.000000e+00  0.000000e+00  0.000000e+00
-1.920412  6.549040e-02  0.000000e+00  0.000000e+00  0.000000e+00  0.000000e+00  0.000000e+00
-1.918111  6.651000e-02  0.000000e+00  0.000000e+00  0.000000e+00  0.000000e+00  0.000000e+00
-1.915810  6.755057e-02  0.000000e+00  0.000000e+00  0.000000e+00  0.000000e+00  0.000000e+00
-1.913509  6.861201e-02  0.000000e+00  0.000000e+00  0.000000e+00  0.000000e+00  0.000000e+00
-1.911208  6.969420e-02  0.000000e+00  0.000000e+00  0.000000e+00  0.000000e+00  0.000000e+00
-1.908907  7.079702e-02  0.000000e+00  0.000000e+00  0.000000e+00  0.000000e+00  0.000000e+00
-1.906606  7.192035e-02  0.000000e+00  0.000000e+00  0.000000e+00  0.000000e+00  0.000000e+00
-1.904305  7.306408e-02  0.000000e+00  0.000000e+00  0.000000e+00  0.000000e+00  0.000000e+00
-1.902004  7.422808e-02  0.000000e+00  0.000000e+00  0.000000e+00  0.000000e+00  0.000000e+00
-1.899703  7.541223e-02  0.000000e+00  0.000000e+00  0.000000e+00  0.000000e+00  0.000000e+00
-1.897402  7.661642e-02  0.000000e+00  0.000000e+00  0.000000e+00  0.000000e+00  0.000000e+00
-1.895101  7.784052e-02  0.000000e+00  0.000000e+00  0.000000e+00  0.000000e+00  0.000000e+00
-1.892800  7.908441e-02  0.000000e+00  0.000000e+00  0.000000e+00  0.000000e+00  0.000000e+00
-1.890499  8.034796e-02  0.000000e+00  0.000000e+00  0.000000e+00  0.000000e+00  0.000000e+00
-1.888198  8.163104e-02  0.000000e+00  0.000000e+00  0.000000e+00  0.000000e+00  0.000000e+00
-1.885897  8.293353e-02  0.000000e+00  0.000000e+00  0.000000e+00  0.000000e+00  0.000000e+00
-1.883596  8.425531e-02  0.000000e+00  0.000000e+00  0.000000e+00  0.000000e+00  0.000000e+00
-1.881294  8.559623e-02  0.000000e+00  0.000000e+00  0.000000e+00  0.000000e+00  0.000000e+00
-1.878993  8.695617e-02  0.000000e+00  0.000000e+00  0.000000e+00  0.000000e+00  0.000000e+00
-1.876692  8.833500e-02  0.000000e+00  0.000000e+00  0.000000e+00  0.000000e+00  0.000000e+00
-1.874391  8.973259e-02  0.000000e+00  0.000000e+00  0.000000e+00  0.000000e+00  0.000000e+00
-1.872090  9.114879e-02  0.000000e+00  0.000000e+00  0.000000e+00  0.000000e+00  0.000000e+00
-1.869789  9.258348e-02  0.000000e+00  0.000000e+00  0.000000e+00  0.000000e+00  0.000000e+00
-1.867488  9.403651e-02  0.000000e+00  0.000000e+00  0.000000e+00  0.000000e+00  0.000000e+00
-1.865187  9.550775e-02  0.000000e+00  0.000000e+00  0.000000e+00  0.000000e+00  0.000000e+00
-1.862886  9.699706e-02  0.000000e+00  0.000000e+00  0.000000e+00  0.000000e+00  0.000000e+00
-1.860585  9.850429e-02  0.000000e+00  0.000000e+00  0.000000e+00  0.000000e+00  0.000000e+00
-1.858284  1.000293e-01  0.000000e+00  0.000000e+00  0.000000e+00  0.000000e+00  0.000000e+00
-1.855983  1.015720e-01  0.000000e+00  0.000000e+00  0.000000e+00  0.000000e+00  0.000000e+00
-1.853682  1.031321e-01  0.000000e+00  0.000000e+00  0.000000e+00  0.000000e+00  0.000000e+00
-1.851381  1.047096e-01  0.000000e+00  0.000000e+00  0.000000e+00  0.000000e+00  0.000000e+00
-1.849080  1.063043e-01  0.000000e+00  0.000000e+00  0.000000e+00  0.000000e+00  0.000000e+00
-1.846779  1.079160e-01  0.000000e+00  0.000000e+00  0.000000e+00  0.000000e+00  0.000000e+00
-1.844478  1.095446e-01  0.000000e+00  0.000000e+00  0.000000e+00  0.000000e+00  0.000000e+00
-1.842177  1.111900e-01  0.000000e+00  0.000000e+00  0.000000e+00  0.000000e+00  0.000000e+00
-1.839876  1.128519e-01  0.000000e+00  0.000000e+00  0.000000e+00  0.000000e+00  0.000000e+00
-1.837575  1.145303e-01  0.000000e+00  0.000000e+00  0.000000e+00  0.000000e+00  0.000000e+00
-1.835274  1.162249e-01  0.000000e+00  0.000000e+00  0.000000e+00  0.000000e+00  0.000000e+00
-1.832973  1.179356e-01  0.000000e+00  0.000000e+00  0.000000e+00  0.000000e+00  0.000000e+00
-1.830672  1.196623e-01  0.000000e+00  0.000000e+00  0.000000e+00  0.000000e+00  0.000000e+00
-1.828371  1.214048e-01  0.000000e+00  0.000000e+00  0.000000e+00  0.000000e+00  0.000000e+00
-1.826070  1.231628e-01  0.000000e+00  0.000000e+00  0.000000e+00  0.000000e+00  0.000000e+00
-1.823769  1.249363e-01  0.000000e+00  0.000000e+00  0.000000e+00  0.000000e+00  0.000000e+00
-1.821468  1.267251e-01  0.000000e+00  0.000000e+00  0.000000e+00  0.000000e+00  0.000000e+00
-1.819167  1.285290e-01  0.000000e+00  0.000000e+00  0.000000e+00  0.000000e+00  0.000000e+00
-1.816866  1.303478e-01  0.000000e+00  0.000000e+00  0.000000e+00  0.000000e+00  0.000000e+00
-1.814565  1.321814e-01  0.000000e+00  0.000000e+00  0.000000e+00  0.000000e+00  0.000000e+00
-1.812264  1.340296e-01  0.000000e+00  0.000000e+00  0.000000e+00  0.000000e+00  0.000000e+00
-1.809963  1.358921e-01  0.000000e+00  0.000000e+00  0.000000e+00  0.000000e+00  0.000000e+00
-1.807662  1.377689e-01  0.000000e+00  0.000000e+00  0.000000e+00  0.000000e+00  0.000000e+00
-1.805360  1.396597e-01  0.000000e+00  0.000000e+00  0.000000e+00  0.000000e+00  0.000000e+00
-1.803059  1.415648e-01  0.000000e+00  0.000000e+00  0.000000e+00  0.000000e+00  0.000000e+00
-1.800758  1.434844e-01  0.000000e+00  0.000000e+00  0.000000e+00  0.000000e+00  0.000000e+00
-1.798457  1.454185e-01  0.000000e+00  0.000000e+00  0.000000e+00  0.000000e+00  0.000000e+00
-1.796156  1.473674e-01  0.000000e+00  0.000000e+00  0.000000e+00  0.000000e+00  0.000000e+00
-1.793855  1.493313e-01  0.000000e+00  0.000000e+00  0.000000e+00  0.000000e+00  0.000000e+00
-1.791554  1.513103e-01  0.000000e+00  0.000000e+00  0.000000e+00  0.000000e+00  0.000000e+00
-1.789253  1.533046e-01  0.000000e+00  0.000000e+00  0.000000e+00  0.000000e+00  0.000000e+00
-1.786952  1.553145e-01  0.000000e+00  0.000000e+00  0.000000e+00  0.000000e+00  0.000000e+00
-1.784651  1.573401e-01  0.000000e+00  0.000000e+00  0.000000e+00  0.000000e+00  0.000000e+00
-1.782350  1.593816e-01  0.000000e+00  0.000000e+00  0.000000e+00  0.000000e+00  0.000000e+00
-1.780049  1.614391e-01  0.000000e+00  0.000000e+00  0.000000e+00  0.000000e+00  0.000000e+00
-1.777748  1.635130e-01  0.000000e+00  0.000000e+00  0.000000e+00  0.000000e+00  0.000000e+00
-1.775447  1.656033e-01  0.000000e+00  0.000000e+00  0.000000e+00  0.000000e+00  0.000000e+00
-1.773146  1.677104e-01  0.000000e+00  0.000000e+00  0.000000e+00  0.000000e+00  0.000000e+00
-1.770845  1.698343e-01  0.000000e+00  0.000000e+00  0.000000e+00  0.000000e+00  0.000000e+00
-1.768544  1.719753e-01  0.000000e+00  0.000000e+00  0.000000e+00  0.000000e+00  0.000000e+00
-1.766243  1.741336e-01  0.000000e+00  0.000000e+00  0.000000e+00  0.000000e+00  0.000000e+00
-1.763942  1.763094e-01  0.000000e+00  0.000000e+00  0.000000e+00  0.000000e+00  0.000000e+00
-1.761641  1.785029e-01  0.000000e+00  0.000000e+00  0.000000e+00  0.000000e+00  0.000000e+00
-1.759340  1.807143e-01  0.000000e+00  0.000000e+00  0.000000e+00  0.000000e+00  0.000000e+00
-1.757039  1.829438e-01  0.000000e+00  0.000000e+00  0.000000e+00  0.000000e+00  0.000000e+00
-1.754738  1.851917e-01  0.000000e+00  0.000000e+00  0.000000e+00  0.000000e+00  0.000000e+00
-1.752437  1.874582e-01  0.000000e+00  0.000000e+00  0.000000e+00  0.000000e+00  0.000000e+00
-1.750136  1.897435e-01  0.000000e+00  0.000000e+00  0.000000e+00  0.000000e+00  0.000000e+00
-1.747835  1.920477e-01  0.000000e+00  0.000000e+00  0.000000e+00  0.000000e+00  0.000000e+00
-1.745534  1.943712e-01  0.000000e+00  0.000000e+00  0.000000e+00  0.000000e+00  0.000000e+00
-1.743233  1.967142e-01  0.000000e+00  0.000000e+00  0.000000e+00  0.000000e+00  0.000000e+00
-1.740932  1.990768e-01  0.000000e+00  0.000000e+00  0.000000e+00  0.000000e+00  0.000000e+00
-1.738631  2.014594e-01  0.000000e+00  0.000000e+00  0.000000e+00  0.000000e+00  0.000000e+00
-1.736330  2.038621e-01  0.000000e+00  0.000000e+00  0.000000e+00  0.000000e+00  0.000000e+00
-1.734029  2.062852e-01  0.000000e+00  0.000000e+00  0.000000e+00  0.000000e+00  0.000000e+00
-1.731728  2.087289e-01  0.000000e+00  0.000000e+00  0.000000e+00  0.000000e+00  0.000000e+00
-1.729427  2.111935e-01  0.000000e+00  0.000000e+00  0.000000e+00  0.000000e+00  0.000000e+00
-1.727125  2.136792e-01  0.000000e+00  0.000000e+00  0.000000e+00  0.000000e+00  0.000000e+00
-1.724824  2.161862e-01  0.000000e+00  0.000000e+00  0.000000e+00  0.000000e+00  0.000000e+00
-1.722523  2.187149e-01  0.000000e+00  0.000000e+00  0.000000e+00  0.000000e+00  0.000000e+00
-1.720222  2.212654e-01  0.000000e+00  0.000000e+00  0.000000e+00  0.000000e+00  0.000000e+00
-1.717921  2.238380e-01  0.000000e+00  0.000000e+00  0.000000e+00  0.000000e+00  0.000000e+00
-1.715620  2.264329e-01  0.000000e+00  0.000000e+00  0.000000e+00  0.000000e+00  0.000000e+00
-1.713319  2.290505e-01  0.000000e+00  0.000000e+00  0.000000e+00  0.000000e+00  0.000000e+00
-1.711018  2.316909e-01  0.000000e+00  0.000000e+00  0.000000e+00  0.000000e+00  0.000000e+00
-1.708717  2.343545e-01  0.000000e+00  0.000000e+00  0.000000e+00  0.000000e+00  0.000000e+00
-1.706416  2.370415e-01  0.000000e+00  0.000000e+00  0.000000e+00  0.000000e+00  0.000000e+00
-1.704115  2.397521e-01  0.000000e+00  0.000000e+00  0.000000e+00  0.000000e+00  0.000000e+00
-1.701814  2.424865e-01  0.000000e+00  0.000000e+00  0.000000e+00  0.000000e+00  0.000000e+00
-1.699513  2.452447e-01  0.000000e+00  0.000000e+00  0.000000e+00  0.000000e+00  0.000000e+00
-1.697212  2.480269e-01  0.000000e+00  0.000000e+00  0.000000e+00  0.000000e+00  0.000000e+00
-1.694911  2.508329e-01  0.000000e+00  0.000000e+00  0.000000e+00  0.000000e+00  0.000000e+00
-1.692610  2.536629e-01  0.000000e+00  0.000000e+00  0.000000e+00  0.000000e+00  0.000000e+00
-1.690309  2.565170e-01  0.000000e+00  0.000000e+00  0.000000e+00  0.000000e+00  0.000000e+00
-1.688008  2.593953e-01  0.000000e+00  0.000000e+00  0.000000e+00  0.000000e+00  0.000000e+00
-1.685707  2.622976e-01  0.000000e+00  0.000000e+00  0.000000e+00  0.000000e+00  0.000000e+00
-1.683406  2.652243e-01  0.000000e+00  0.000000e+00  0.000000e+00  0.000000e+00  0.000000e+00
-1.681105  2.681752e-01  0.000000e+00  0.000000e+00  0.000000e+00  0.000000e+00  0.000000e+00
-1.678804  2.711504e-01  0.000000e+00  0.000000e+00  0.000000e+00  0.000000e+00  0.000000e+00
-1.676503  2.741501e-01  0.000000e+00  0.000000e+00  0.000000e+00  0.000000e+00  0.000000e+00
-1.674202  2.771743e-01  0.000000e+00  0.000000e+00  0.000000e+00  0.000000e+00  0.000000e+00
-1.671901  2.802230e-01  0.000000e+00  0.000000e+00  0.000000e+00  0.000000e+00  0.000000e+00
-1.669600  2.832963e-01  0.000000e+00  0.000000e+00  0.000000e+00  0.000000e+00  0.000000e+00
-1.667299  2.863942e-01  0.000000e+00  0.000000e+00  0.000000e+00  0.000000e+00  0.000000e+00
-1.664998  2.895169e-01  0.000000e+00  0.000000e+00  0.000000e+00  0.000000e+00  0.000000e+00
-1.662697  2.926644e-01  0.000000e+00  0.000000e+00  0.000000e+00  0.000000e+00  0.000000e+00
-1.660396  2.958367e-01  0.000000e+00  0.000000e+00  0.000000e+00  0.000000e+00  0.000000e+00
-1.658095  2.990340e-01  0.000000e+00  0.000000e+00  0.000000e+00  0.000000e+00  0.000000e+00
-1.655794  3.022562e-01  0.000000e+00  0.000000e+00  0.000000e+00  0.000000e+00  0.000000e+00
-1.653493  3.055034e-01  0.000000e+00  0.000000e+00  0.000000e+00  0.000000e+00  0.000000e+00
-1.651191  3.087758e-01  0.000000e+00  0.000000e+00  0.000000e+00  0.000000e+00  0.000000e+00
-1.648890  3.120734e-01  0.000000e+00  0.000000e+00  0.000000e+00  0.000000e+00  0.000000e+00
-1.646589  3.153962e-01  0.000000e+00  0.000000e+00  0.000000e+00  0.000000e+00  0.000000e+00
-1.644288  3.187443e-01  0.000000e+00  0.000000e+00  0.000000e+00  0.000000e+00  0.000000e+00
-1.641987  3.221178e-01  0.000000e+00  0.000000e+00  0.000000e+00  0.000000e+00  0.000000e+00
-1.639686  3.255168e-01  0.000000e+00  0.000000e+00  0.000000e+00  0.000000e+00  0.000000e+00
-1.637385  3.289413e-01  0.000000e+00  0.000000e+00  0.000000e+00  0.000000e+00  0.000000e+00
-1.635084  3.323913e-01  0.000000e+00  0.000000e+00  0.000000e+00  0.000000e+00  0.000000e+00
-1.632783  3.358671e-01  0.000000e+00  0.000000e+00  0.000000e+00  0.000000e+00  0.000000e+00
-1.630482  3.393685e-01  0.000000e+00  0.000000e+00  0.000000e+00  0.000000e+00  0.000000e+00
-1.628181  3.428957e-01  0.000000e+00  0.000000e+00  0.000000e+00  0.000000e+00  0.000000e+00
-1.625880  3.464488e-01  0.000000e+00  0.000000e+00  0.000000e+00  0.000000e+00  0.000000e+00
-1.623579  3.500279e-01  0.000000e+00  0.000000e+00  0.000000e+00  0.000000e+00  0.000000e+00
-1.621278  3.536329e-01  0.000000e+00  0.000000e+00  0.000000e+00  0.000000e+00  0.000000e+00
-1.618977  3.572640e-01  0.000000e+00  0.000000e+00  0.000000e+00  0.000000e+00  0.000000e+00
-1.616676  3.609213e-01  0.000000e+00  0.000000e+00  0.000000e+00  0.000000e+00  0.000000e+00
-1.614375  3.646048e-01  0.000000e+00  0.000000e+00  0.000000e+00  0.000000e+00  0.000000e+00
-1.612074  3.683149e-01  0.000000e+00  0.000000e+00  0.000000e+00  0.000000e+00  0.000000e+00
-1.609773  3.720520e-01  0.000000e+00  0.000000e+00  0.000000e+00  0.000000e+00  0.000000e+00
-1.607472  3.758167e-01  0.000000e+00  0.000000e+00  0.000000e+00  0.000000e+00  0.000000e+00
-1.605171  3.796097e-01  0.000000e+00  0.000000e+00  0.000000e+00  0.000000e+00  0.000000e+00
-1.602870  3.834314e-01  0.000000e+00  0.000000e+00  0.000000e+00  0.000000e+00  0.000000e+00
-1.600569  3.872824e-01  0.000000e+00  0.000000e+00  0.000000e+00  0.000000e+00  0.000000e+00
-1.598268  3.911634e-01  0.000000e+00  0.000000e+00  0.000000e+00  0.000000e+00  0.000000e+00
-1.595967  3.950749e-01  0.000000e+00  0.000000e+00  0.000000e+00  0.000000e+00  0.000000e+00
-1.593666  3.990174e-01  0.000000e+00  0.000000e+00  0.000000e+00  0.000000e+00  0.000000e+00
-1.591365  4.029917e-01  0.000000e+00  0.000000e+00  0.000000e+00  0.000000e+00  0.000000e+00
-1.589064  4.069984e-01  0.000000e+00  0.000000e+00  0.000000e+00  0.000000e+00  0.000000e+00
-1.586763  4.110379e-01  0.000000e+00  0.000000e+00  0.000000e+00  0.000000e+00  0.000000e+00
-1.584462  4.151110e-01  0.000000e+00  0.000000e+00  0.000000e+00  0.000000e+00  0.000000e+00
-1.582161  4.192182e-01  0.000000e+00  0.000000e+00  0.000000e+00  0.000000e+00  0.000000e+00
-1.579860  4.233603e-01  0.000000e+00  0.000000e+00  0.000000e+00  0.000000e+00  0.000000e+00
-1.577559  4.275378e-01  0.000000e+00  0.000000e+00  0.000000e+00  0.000000e+00  0.000000e+00
-1.575257  4.317513e-01  0.000000e+00  0.000000e+00  0.000000e+00  0.000000e+00  0.000000e+00
-1.572956  4.360017e-01  0.000000e+00  0.000000e+00  0.000000e+00  0.000000e+00  0.000000e+00
-1.570655  4.402894e-01  0.000000e+00  0.000000e+00  0.000000e+00  0.000000e+00  0.000000e+00
-1.568354  4.446151e-01  0.000000e+00  0.000000e+00  0.000000e+00  0.000000e+00  0.000000e+00
-1.566053  4.489796e-01  0.000000e+00  0.000000e+00  0.000000e+00  0.000000e+00  0.000000e+00
-1.563752  4.533835e-01  0.000000e+00  0.000000e+00  0.000000e+00  0.000000e+00  0.000000e+00
-1.561451  4.578275e-01  0.000000e+00  0.000000e+00  0.000000e+00  0.000000e+00  0.000000e+00
-1.559150  4.623123e-01  0.000000e+00  0.000000e+00  0.000000e+00  0.000000e+00  0.000000e+00
-1.556849  4.668386e-01  0.000000e+00  0.000000e+00  0.000000e+00  0.000000e+00  0.000000e+00
-1.554548  4.714070e-01  0.000000e+00  0.000000e+00  0.000000e+00  0.000000e+00  0.000000e+00
-1.552247  4.760184e-01  0.000000e+00  0.000000e+00  0.000000e+00  0.000000e+00  0.000000e+00
-1.549946  4.806734e-01  0.000000e+00  0.000000e+00  0.000000e+00  0.000000e+00  0.000000e+00
-1.547645  4.853727e-01  0.000000e+00  0.000000e+00  0.000000e+00  0.000000e+00  0.000000e+00
-1.545344  4.901172e-01  0.000000e+00  0.000000e+00  0.000000e+00  0.000000e+00  0.000000e+00
-1.543043  4.949074e-01  0.000000e+00  0.000000e+00  0.000000e+00  0.000000e+00  0.000000e+00
-1.540742  4.997443e-01  0.000000e+00  0.000000e+00  0.000000e+00  0.000000e+00  0.000000e+00
-1.538441  5.046286e-01  0.000000e+00  0.000000e+00  0.000000e+00  0.000000e+00  0.000000e+00
-1.536140  5.095609e-01  0.000000e+00  0.000000e+00  0.000000e+00  0.000000e+00  0.000000e+00
-1.533839  5.145422e-01  0.000000e+00  0.000000e+00  0.000000e+00  0.000000e+00  0.000000e+00
-1.531538  5.195731e-01  0.000000e+00  0.000000e+00  0.000000e+00  0.000000e+00  0.000000e+00
-1.529237  5.246545e-01  0.000000e+00  0.000000e+00  0.000000e+00  0.000000e+00  0.000000e+00
-1.526936  5.297872e-01  0.000000e+00  0.000000e+00  0.000000e+00  0.000000e+00  0.000000e+00
-1.524635  5.349720e-01  0.000000e+00  0.000000e+00  0.000000e+00  0.000000e+00  0.000000e+00
-1.522334  5.402096e-01  0.000000e+00  0.000000e+00  0.000000e+00  0.000000e+00  0.000000e+00
-1.520033  5.455010e-01  0.000000e+00  0.000000e+00  0.000000e+00  0.000000e+00  0.000000e+00
-1.517732  5.508470e-01  0.000000e+00  0.000000e+00  0.000000e+00  0.000000e+00  0.000000e+00
-1.515431  5.562484e-01  0.000000e+00  0.000000e+00  0.000000e+00  0.000000e+00  0.000000e+00
-1.513130  5.617059e-01  0.000000e+00  0.000000e+00  0.000000e+00  0.000000e+00  0.000000e+00
-1.510829  5.672204e-01  0.000000e+00  0.000000e+00  0.000000e+00  0.000000e+00  0.000000e+00
-1.508528  5.727927e-01  0.000000e+00  0.000000e+00  0.000000e+00  0.000000e+00  0.000000e+00
-1.506227  5.784236e-01  0.000000e+00  0.000000e+00  0.000000e+00  0.000000e+00  0.000000e+00
-1.503926  5.841140e-01  0.000000e+00  0.000000e+00  0.000000e+00  0.000000e+00  0.000000e+00
-1.501625  5.898647e-01  0.000000e+00  0.000000e+00  0.000000e+00  0.000000e+00  0.000000e+00
-1.499324  5.956766e-01  0.000000e+00  0.000000e+00  0.000000e+00  0.000000e+00  0.000000e+00
-1.497022  6.015505e-01  0.000000e+00  0.000000e+00  0.000000e+00  0.000000e+00  0.000000e+00
-1.494721  6.074873e-01  0.000000e+00  0.000000e+00  0.000000e+00  0.000000e+00  0.000000e+00
-1.492420  6.134878e-01  0.000000e+00  0.000000e+00  0.000000e+00  0.000000e+00  0.000000e+00
-1.490119  6.195530e-01  0.000000e+00  0.000000e+00  0.000000e+00  0.000000e+00  0.000000e+00
-1.487818  6.256838e-01  0.000000e+00  0.000000e+00  0.000000e+00  0.000000e+00  0.000000e+00
-1.485517  6.318810e-01  0.000000e+00  0.000000e+00  0.000000e+00  0.000000e+00  0.000000e+00
-1.483216  6.381456e-01  0.000000e+00  0.000000e+00  0.000000e+00  0.000000e+00  0.000000e+00
-1.480915  6.444786e-01  0.000000e+00  0.000000e+00  0.000000e+00  0.000000e+00  0.000000e+00
-1.478614  6.508808e-01  0.000000e+00  0.000000e+00  0.000000e+00  0.000000e+00  0.000000e+00
-1.476313  6.573531e-01  0.000000e+00  0.000000e+00  0.000000e+00  0.000000e+00  0.000000e+00
-1.474012  6.638967e-01  0.000000e+00  0.000000e+00  0.000000e+00  0.000000e+00  0.000000e+00
-1.471711  6.705124e-01  0.000000e+00  0.000000e+00  0.000000e+00  0.000000e+00  0.000000e+00
-1.469410  6.772011e-01  0.000000e+00  0.000000e+00  0.000000e+00  0.000000e+00  0.000000e+00
-1.467109  6.839640e-01  0.000000e+00  0.000000e+00  0.000000e+00  0.000000e+00  0.000000e+00
-1.464808  6.908019e-01  0.000000e+00  0.000000e+00  0.000000e+00  0.000000e+00  0.000000e+00
-1.462507  6.977160e-01  0.000000e+00  0.000000e+00  0.000000e+00  0.000000e+00  0.000000e+00
-1.460206  7.047072e-01  0.000000e+00  0.000000e+00  0.000000e+00  0.000000e+00  0.000000e+00
-1.457905  7.117765e-01  0.000000e+00  0.000000e+00  0.000000e+00  0.000000e+00  0.000000e+00
-1.455604  7.189251e-01  0.000000e+00  0.000000e+00  0.000000e+00  0.000000e+00  0.000000e+00
-1.453303  7.261539e-01  0.000000e+00  0.000000e+00  0.000000e+00  0.000000e+00  0.000000e+00
-1.451002  7.334640e-01  0.000000e+00  0.000000e+00  0.000000e+00  0.000000e+00  0.000000e+00
-1.448701  7.408565e-01  0.000000e+00  0.000000e+00  0.000000e+00  0.000000e+00  0.000000e+00
-1.446400  7.483326e-01  0.000000e+00  0.000000e+00  0.000000e+00  0.000000e+00  0.000000e+00
-1.444099  7.558932e-01  0.000000e+00  0.000000e+00  0.000000e+00  0.000000e+00  0.000000e+00
-1.441798  7.635395e-01  0.000000e+00  0.000000e+00  0.000000e+00  0.000000e+00  0.000000e+00
-1.439497  7.712726e-01  0.000000e+00  0.000000e+00  0.000000e+00  0.000000e+00  0.000000e+00
-1.437196  7.790937e-01  0.000000e+00  0.000000e+00  0.000000e+00  0.000000e+00  0.000000e+00
-1.434895  7.870040e-01  0.000000e+00  0.000000e+00  0.000000e+00  0.000000e+00  0.000000e+00
-1.432594  7.950044e-01  0.000000e+00  0.000000e+00  0.000000e+00  0.000000e+00  0.000000e+00
-1.430293  8.030964e-01  0.000000e+00  0.000000e+00  0.000000e+00  0.000000e+00  0.000000e+00
-1.427992  8.112810e-01  0.000000e+00  0.000000e+00  0.000000e+00  0.000000e+00  0.000000e+00
-1.425691  8.195594e-01  0.000000e+00  0.000000e+00  0.000000e+00  0.000000e+00  0.000000e+00
-1.423390  8.279333e-01  0.000000e+00  0.000000e+00  0.000000e+00  0.000000e+00  0.000000e+00
-1.421088  8.364041e-01  0.000000e+00  0.000000e+00  0.000000e+00  0.000000e+00  0.000000e+00
-1.418787  8.449737e-01  0.000000e+00  0.000000e+00  0.000000e+00  0.000000e+00  0.000000e+00
-1.416486  8.536436e-01  0.000000e+00  0.000000e+00  0.000000e+00  0.000000e+00  0.000000e+00
-1.414185  8.624156e-01  0.000000e+00  0.000000e+00  0.000000e+00  0.000000e+00  0.000000e+00
-1.411884  8.712915e-01  0.000000e+00  0.000000e+00  0.000000e+00  0.000000e+00  0.000000e+00
-1.409583  8.802728e-01  0.000000e+00  0.000000e+00  0.000000e+00  0.000000e+00  0.000000e+00
-1.407282  8.893616e-01  0.000000e+00  0.000000e+00  0.000000e+00  0.000000e+00  0.000000e+00
-1.404981  8.985594e-01  0.000000e+00  0.000000e+00  0.000000e+00  0.000000e+00  0.000000e+00
-1.402680  9.078681e-01  0.000000e+00  0.000000e+00  0.000000e+00  0.000000e+00  0.000000e+00
-1.400379  9.172895e-01  0.000000e+00  0.000000e+00  0.000000e+00  0.000000e+00  0.000000e+00
-1.398078  9.268255e-01  0.000000e+00  0.000000e+00  0.000000e+00  0.000000e+00  0.000000e+00
-1.395777  9.364779e-01  0.000000e+00  0.000000e+00  0.000000e+00  0.000000e+00  0.000000e+00
-1.393476  9.462486e-01  0.000000e+00  0.000000e+00  0.000000e+00  0.000000e+00  0.000000e+00
-1.391175  9.561395e-01  0.000000e+00  0.000000e+00  0.000000e+00  0.000000e+00  0.000000e+00
-1.388874  9.661526e-01  0.000000e+00  0.000000e+00  0.000000e+00  0.000000e+00  0.000000e+00
-1.386573  9.762896e-01  0.000000e+00  0.000000e+00  0.000000e+00  0.000000e+00  0.000000e+00
-1.384272  9.865528e-01  0.000000e+00  0.000000e+00  0.000000e+00  0.000000e+00  0.000000e+00
-1.381971  9.969439e-01  0.000000e+00  0.000000e+00  0.000000e+00  0.000000e+00  0.000000e+00
-1.379670  1.007465e+00  0.000000e+00  0.000000e+00  0.000000e+00  0.000000e+00  0.000000e+00
-1.377369  1.018118e+00  0.000000e+00  0.000000e+00  0.000000e+00  0.000000e+00  0.000000e+00
-1.375068  1.028905e+00  0.000000e+00  0.000000e+00  0.000000e+00  0.000000e+00  0.000000e+00
-1.372767  1.039829e+00  0.000000e+00  0.000000e+00  0.000000e+00  0.000000e+00  0.000000e+00
-1.370466  1.050891e+00  0.000000e+00  0.000000e+00  0.000000e+00  0.000000e+00  0.000000e+00
-1.368165  1.062093e+00  0.000000e+00  0.000000e+00  0.000000e+00  0.000000e+00  0.000000e+00
-1.365864  1.073437e+00  0.000000e+00  0.000000e+00  0.000000e+00  0.000000e+00  0.000000e+00
-1.363563  1.084927e+00  0.000000e+00  0.000000e+00  0.000000e+00  0.000000e+00  0.000000e+00
-1.361262  1.096563e+00  0.000000e+00  0.000000e+00  0.000000e+00  0.000000e+00  0.000000e+00
-1.358961  1.108348e+00  0.000000e+00  0.000000e+00  0.000000e+00  0.000000e+00  0.000000e+00
-1.356660  1.120285e+00  0.000000e+00  0.000000e+00  0.000000e+00  0.000000e+00  0.000000e+00
-1.354359  1.132375e+00  0.000000e+00  0.000000e+00  0.000000e+00  0.000000e+00  0.000000e+00
-1.352058  1.144621e+00  0.000000e+00  0.000000e+00  0.000000e+00  0.000000e+00  0.000000e+00
-1.349757  1.157025e+00  0.000000e+00  0.000000e+00  0.000000e+00  0.000000e+00  0.000000e+00
-1.347456  1.169590e+00  0.000000e+00  0.000000e+00  0.000000e+00  0.000000e+00  0.000000e+00
-1.345154  1.182315e+00  0.000000e+00  0.000000e+00  0.000000e+00  0.000000e+00  0.000000e+00
-1.342853  1.195203e+00  0.000000e+00  0.000000e+00  0.000000e+00  0.000000e+00  0.000000e+00
-1.340552  1.208254e+00  0.000000e+00  0.000000e+00  0.000000e+00  0.000000e+00  0.000000e+00
-1.338251  1.221468e+00  0.000000e+00  0.000000e+00  0.000000e+00  0.000000e+00  0.000000e+00
-1.335950  1.234846e+00  0.000000e+00  0.000000e+00  0.000000e+00  0.000000e+00  0.000000e+00
-1.333649  1.248390e+00  0.000000e+00  0.000000e+00  0.000000e+00  0.000000e+00  0.000000e+00
-1.331348  1.262098e+00  0.000000e+00  0.000000e+00  0.000000e+00  0.000000e+00  0.000000e+00
-1.329047  1.275973e+00  0.000000e+00  0.000000e+00  0.000000e+00  0.000000e+00  0.000000e+00
-1.326746  1.290016e+00  0.000000e+00  0.000000e+00  0.000000e+00  0.000000e+00  0.000000e+00
-1.324445  1.304226e+00  0.000000e+00  0.000000e+00  0.000000e+00  0.000000e+00  0.000000e+00
-1.322144  1.318604e+00  0.000000e+00  0.000000e+00  0.000000e+00  0.000000e+00  0.000000e+00
-1.319843  1.333152e+00  0.000000e+00  0.000000e+00  0.000000e+00  0.000000e+00  0.000000e+00
-1.317542  1.347871e+00  0.000000e+00  0.000000e+00  0.000000e+00  0.000000e+00  0.000000e+00
-1.315241  1.362760e+00  0.000000e+00  0.000000e+00  0.000000e+00  0.000000e+00  0.000000e+00
-1.312940  1.377821e+00  0.000000e+00  0.000000e+00  0.000000e+00  0.000000e+00  0.000000e+00
-1.310639  1.393054e+00  0.000000e+00  0.000000e+00  0.000000e+00  0.000000e+00  0.000000e+00
-1.308338  1.408461e+00  0.000000e+00  0.000000e+00  0.000000e+00  0.000000e+00  0.000000e+00
-1.306037  1.424043e+00  0.000000e+00  0.000000e+00  0.000000e+00  0.000000e+00  0.000000e+00
-1.303736  1.439799e+00  0.000000e+00  0.000000e+00  0.000000e+00  0.000000e+00  0.000000e+00
-1.301435  1.455731e+00  0.000000e+00  0.000000e+00  0.000000e+00  0.000000e+00  0.000000e+00
-1.299134  1.471840e+00  0.000000e+00  0.000000e+00  0.000000e+00  0.000000e+00  0.000000e+00
-1.296833  1.488126e+00  0.000000e+00  0.000000e+00  0.000000e+00  0.000000e+00  0.000000e+00
-1.294532  1.504591e+00  0.000000e+00  0.000000e+00  0.000000e+00  0.000000e+00  0.000000e+00
-1.292231  1.521236e+00  0.000000e+00  0.000000e+00  0.000000e+00  0.000000e+00  0.000000e+00
-1.289930  1.538060e+00  0.000000e+00  0.000000e+00  0.000000e+00  0.000000e+00  0.000000e+00
-1.287629  1.555066e+00  0.000000e+00  0.000000e+00  0.000000e+00  0.000000e+00  0.000000e+00
-1.285328  1.572254e+00  0.000000e+00  0.000000e+00  0.000000e+00  0.000000e+00  0.000000e+00
-1.283027  1.589625e+00  0.000000e+00  0.000000e+00  0.000000e+00  0.000000e+00  0.000000e+00
-1.280726  1.607180e+00  0.000000e+00  0.000000e+00  0.000000e+00  0.000000e+00  0.000000e+00
-1.278425  1.624919e+00  0.000000e+00  0.000000e+00  0.000000e+00  0.000000e+00  0.000000e+00
-1.276124  1.642845e+00  0.000000e+00  0.000000e+00  0.000000e+00  0.000000e+00  0.000000e+00
-1.273823  1.660957e+00  0.000000e+00  0.000000e+00  0.000000e+00  0.000000e+00  0.000000e+00
-1.271522  1.679257e+00  0.000000e+00  0.000000e+00  0.000000e+00  0.000000e+00  0.000000e+00
-1.269221  1.697745e+00  0.000000e+00  0.000000e+00  0.000000e+00  0.000000e+00  0.000000e+00
-1.266919  1.716424e+00  0.000000e+00  0.000000e+00  0.000000e+00  0.000000e+00  0.000000e+00
-1.264618  1.735293e+00  0.000000e+00  0.000000e+00  0.000000e+00  0.000000e+00  0.000000e+00
-1.262317  1.754354e+00  0.000000e+00  0.000000e+00  0.000000e+00  0.000000e+00  0.000000e+00
-1.260016  1.773607e+00  0.000000e+00  0.000000e+00  0.000000e+00  0.000000e+00  0.000000e+00
-1.257715  1.793052e+00  0.000000e+00  0.000000e+00  0.000000e+00  0.000000e+00  0.000000e+00
-1.255414  1.812691e+00  0.000000e+00  0.000000e+00  0.000000e+00  0.000000e+00  0.000000e+00
-1.253113  1.832522e+00  0.000000e+00  0.000000e+00  0.000000e+00  0.000000e+00  0.000000e+00
-1.250812  1.852545e+00  0.000000e+00  0.000000e+00  0.000000e+00  0.000000e+00  0.000000e+00
-1.248511  1.872762e+00  0.000000e+00  0.000000e+00  0.000000e+00  0.000000e+00  0.000000e+00
-1.246210  1.893173e+00  0.000000e+00  0.000000e+00  0.000000e+00  0.000000e+00  0.000000e+00
-1.243909  1.913776e+00  0.000000e+00  0.000000e+00  0.000000e+00  0.000000e+00  0.000000e+00
-1.241608  1.934574e+00  0.000000e+00  0.000000e+00  0.000000e+00  0.000000e+00  0.000000e+00
-1.239307  1.955565e+00  0.000000e+00  0.000000e+00  0.000000e+00  0.000000e+00  0.000000e+00
-1.237006  1.976750e+00  0.000000e+00  0.000000e+00  0.000000e+00  0.000000e+00  0.000000e+00
-1.234705  1.998129e+00  0.000000e+00  0.000000e+00  0.000000e+00  0.000000e+00  0.000000e+00
-1.232404  2.019703e+00  0.000000e+00  0.000000e+00  0.000000e+00  0.000000e+00  0.000000e+00
-1.230103  2.041471e+00  0.000000e+00  0.000000e+00  0.000000e+00  0.000000e+00  0.000000e+00
-1.227802  2.063433e+00  0.000000e+00  0.000000e+00  0.000000e+00  0.000000e+00  0.000000e+00
-1.225501  2.085591e+00  0.000000e+00  0.000000e+00  0.000000e+00  0.000000e+00  0.000000e+00
-1.223200  2.107943e+00  0.000000e+00  0.000000e+00  0.000000e+00  0.000000e+00  0.000000e+00
-1.220899  2.130491e+00  0.000000e+00  0.000000e+00  0.000000e+00  0.000000e+00  0.000000e+00
-1.218598  2.153234e+00  0.000000e+00  0.000000e+00  0.000000e+00  0.000000e+00  0.000000e+00
-1.216297  2.176173e+00  0.000000e+00  0.000000e+00  0.000000e+00  0.000000e+00  0.000000e+00
-1.213996  2.199307e+00  0.000000e+00  0.000000e+00  0.000000e+00  0.000000e+00  0.000000e+00
-1.211695  2.222638e+00  0.000000e+00  0.000000e+00  0.000000e+00  0.000000e+00  0.000000e+00
-1.209394  2.246164e+00  0.000000e+00  0.000000e+00  0.000000e+00  0.000000e+00  0.000000e+00
-1.207093  2.269887e+00  0.000000e+00  0.000000e+00  0.000000e+00  0.000000e+00  0.000000e+00
-1.204792  2.293806e+00  0.000000e+00  0.000000e+00  0.000000e+00  0.000000e+00  0.000000e+00
-1.202491  2.317922e+00  0.000000e+00  0.000000e+00  0.000000e+00  0.000000e+00  0.000000e+00
-1.200190  2.342235e+00  0.000000e+00  0.000000e+00  0.000000e+00  0.000000e+00  0.000000e+00
-1.197889  2.366745e+00  0.000000e+00  0.000000e+00  0.000000e+00  0.000000e+00  0.000000e+00
-1.195588  2.391454e+00  0.000000e+00  0.000000e+00  0.000000e+00  0.000000e+00  0.000000e+00
-1.193287  2.416364e+00  0.000000e+00  0.000000e+00  0.000000e+00  0.000000e+00  0.000000e+00
-1.190985  2.441480e+00  0.000000e+00  0.000000e+00  0.000000e+00  0.000000e+00  0.000000e+00
-1.188684  2.466804e+00  0.000000e+00  0.000000e+00  0.000000e+00  0.000000e+00  0.000000e+00
-1.186383  2.492339e+00  0.000000e+00  0.000000e+00  0.000000e+00  0.000000e+00  0.000000e+00
-1.184082  2.518088e+00  0.000000e+00  0.000000e+00  0.000000e+00  0.000000e+00  0.000000e+00
-1.181781  2.544055e+00  0.000000e+00  0.000000e+00  0.000000e+00  0.000000e+00  0.000000e+00
-1.179480  2.570242e+00  0.000000e+00  0.000000e+00  0.000000e+00  0.000000e+00  0.000000e+00
-1.177179  2.596653e+00  0.000000e+00  0.000000e+00  0.000000e+00  0.000000e+00  0.000000e+00
-1.174878  2.623290e+00  0.000000e+00  0.000000e+00  0.000000e+00  0.000000e+00  0.000000e+00
-1.172577  2.650158e+00  0.000000e+00  0.000000e+00  0.000000e+00  0.000000e+00  0.000000e+00
-1.170276  2.677260e+00  0.000000e+00  0.000000e+00  0.000000e+00  0.000000e+00  0.000000e+00
-1.167975  2.704598e+00  0.000000e+00  0.000000e+00  0.000000e+00  0.000000e+00  0.000000e+00
-1.165674  2.732176e+00  0.000000e+00  0.000000e+00  0.000000e+00  0.000000e+00  0.000000e+00
-1.163373  2.759998e+00  0.000000e+00  0.000000e+00  0.000000e+00  0.000000e+00  0.000000e+00
-1.161072  2.788067e+00  0.000000e+00  0.000000e+00  0.000000e+00  0.000000e+00  0.000000e+00
-1.158771  2.816386e+00  0.000000e+00  0.000000e+00  0.000000e+00  0.000000e+00  0.000000e+00
-1.156470  2.844959e+00  0.000000e+00  0.000000e+00  0.000000e+00  0.000000e+00  0.000000e+00
-1.154169  2.873790e+00  0.000000e+00  0.000000e+00  0.000000e+00  0.000000e+00  0.000000e+00
-1.151868  2.902882e+00  0.000000e+00  0.000000e+00  0.000000e+00  0.000000e+00  0.000000e+00
-1.149567  2.932238e+00  0.000000e+00  0.000000e+00  0.000000e+00  0.000000e+00  0.000000e+00
-1.147266  2.961863e+00  0.000000e+00  0.000000e+00  0.000000e+00  0.000000e+00  0.000000e+00
-1.144965  2.991760e+00  0.000000e+00  0.000000e+00  0.000000e+00  0.000000e+00  0.000000e+00
-1.142664  3.021932e+00  0.000000e+00  0.000000e+00  0.000000e+00  0.000000e+00  0.000000e+00
-1.140363  3.052384e+00  0.000000e+00  0.000000e+00  0.000000e+00  0.000000e+00  0.000000e+00
-1.138062  3.083119e+00  0.000000e+00  0.000000e+00  0.000000e+00  0.000000e+00  0.000000e+00
-1.135761  3.114142e+00  0.000000e+00  0.000000e+00  0.000000e+00  0.000000e+00  0.000000e+00
-1.133460  3.145455e+00  0.000000e+00  0.000000e+00  0.000000e+00  0.000000e+00  0.000000e+00
-1.131159  3.177054e+00  0.000000e+00  0.000000e+00  0.000000e+00  0.000000e+00  0.000000e+00
-1.128858  3.208928e+00  0.000000e+00  0.000000e+00  0.000000e+00  0.000000e+00  0.000000e+00
-1.126557  3.241067e+00  0.000000e+00  0.000000e+00  0.000000e+00  0.000000e+00  0.000000e+00
-1.124256  3.273461e+00  0.000000e+00  0.000000e+00  0.000000e+00  0.000000e+00  0.000000e+00
-1.121955  3.306096e+00  0.000000e+00  0.000000e+00  0.000000e+00  0.000000e+00  0.000000e+00
-1.119654  3.338964e+00  0.000000e+00  0.000000e+00  0.000000e+00  0.000000e+00  0.000000e+00
-1.117353  3.372052e+00  0.000000e+00  0.000000e+00  0.000000e+00  0.000000e+00  0.000000e+00
-1.115051  3.405348e+00  0.000000e+00  0.000000e+00  0.000000e+00  0.000000e+00  0.000000e+00
-1.112750  3.438842e+00  0.000000e+00  0.000000e+00  0.000000e+00  0.000000e+00  0.000000e+00
-1.110449  3.472522e+00  0.000000e+00  0.000000e+00  0.000000e+00  0.000000e+00  0.000000e+00
-1.108148  3.506376e+00  0.000000e+00  0.000000e+00  0.000000e+00  0.000000e+00  0.000000e+00
-1.105847  3.540391e+00  0.000000e+00  0.000000e+00  0.000000e+00  0.000000e+00  0.000000e+00
-1.103546  3.574557e+00  0.000000e+00  0.000000e+00  0.000000e+00  0.000000e+00  0.000000e+00
-1.101245  3.608860e+00  0.000000e+00  0.000000e+00  0.000000e+00  0.000000e+00  0.000000e+00
-1.098944  3.643289e+00  0.000000e+00  0.000000e+00  0.000000e+00  0.000000e+00  0.000000e+00
-1.096643  3.656055e+00  0.000000e+00  0.000000e+00  0.000000e+00  0.000000e+00  0.000000e+00
-1.094342  3.689069e+00  0.000000e+00  0.000000e+00  0.000000e+00  0.000000e+00  0.000000e+00
-1.092041  3.722278e+00  0.000000e+00  0.000000e+00  0.000000e+00  0.000000e+00  0.000000e+00
-1.089740  3.755683e+00  0.000000e+00  0.000000e+00  0.000000e+00  0.000000e+00  0.000000e+00
-1.087439  3.789284e+00  0.000000e+00  0.000000e+00  0.000000e+00  0.000000e+00  0.000000e+00
-1.085138  3.823081e+00  0.000000e+00  0.000000e+00  0.000000e+00  0.000000e+00  0.000000e+00
-1.082837  3.857073e+00  0.000000e+00  0.000000e+00  0.000000e+00  0.000000e+00  0.000000e+00
-1.080536  3.891260e+00  0.000000e+00  0.000000e+00  0.000000e+00  0.000000e+00  0.000000e+00
-1.078235  3.925643e+00  0.000000e+00  0.000000e+00  0.000000e+00  0.000000e+00  0.000000e+00
-1.075934  3.960221e+00  0.000000e+00  0.000000e+00  0.000000e+00  0.000000e+00  0.000000e+00
-1.073633  3.994995e+00  0.000000e+00  0.000000e+00  0.000000e+00  0.000000e+00  0.000000e+00
-1.071332  4.029963e+00  0.000000e+00  0.000000e+00  0.000000e+00  0.000000e+00  0.000000e+00
-1.069031  4.065125e+00  0.000000e+00  0.000000e+00  0.000000e+00  0.000000e+00  0.000000e+00
-1.066730  4.100483e+00  0.000000e+00  0.000000e+00  0.000000e+00  0.000000e+00  0.000000e+00
-1.064429  4.136034e+00  0.000000e+00  0.000000e+00  0.000000e+00  0.000000e+00  0.000000e+00
-1.062128  4.171780e+00  0.000000e+00  0.000000e+00  0.000000e+00  0.000000e+00  0.000000e+00
-1.059827  4.207719e+00  0.000000e+00  0.000000e+00  0.000000e+00  0.000000e+00  0.000000e+00
-1.057526  4.243852e+00  0.000000e+00  0.000000e+00  0.000000e+00  0.000000e+00  0.000000e+00
-1.055225  4.280178e+00  0.000000e+00  0.000000e+00  0.000000e+00  0.000000e+00  0.000000e+00
-1.052924  4.316697e+00  0.000000e+00  0.000000e+00  0.000000e+00  0.000000e+00  0.000000e+00
-1.050623  4.353409e+00  0.000000e+00  0.000000e+00  0.000000e+00  0.000000e+00  0.000000e+00
-1.048322  4.390312e+00  0.000000e+00  0.000000e+00  0.000000e+00  0.000000e+00  0.000000e+00
-1.046021  4.427408e+00  0.000000e+00  0.000000e+00  0.000000e+00  0.000000e+00  0.000000e+00
-1.043720  4.464695e+00  0.000000e+00  0.000000e+00  0.000000e+00  0.000000e+00  0.000000e+00
-1.041419  4.502173e+00  0.000000e+00  0.000000e+00  0.000000e+00  0.000000e+00  0.000000e+00
-1.039118  4.539842e+00  0.000000e+00  0.000000e+00  0.000000e+00  0.000000e+00  0.000000e+00
-1.036816  4.577700e+00  0.000000e+00  0.000000e+00  0.000000e+00  0.000000e+00  0.000000e+00
-1.034515  4.615749e+00  0.000000e+00  0.000000e+00  0.000000e+00  0.000000e+00  0.000000e+00
-1.032214  4.653986e+00  0.000000e+00  0.000000e+00  0.000000e+00  0.000000e+00  0.000000e+00
-1.029913  4.692413e+00  0.000000e+00  0.000000e+00  0.000000e+00  0.000000e+00  0.000000e+00
-1.027612  4.731027e+00  0.000000e+00  0.000000e+00  0.000000e+00  0.000000e+00  0.000000e+00
-1.025311  4.769829e+00  0.000000e+00  0.000000e+00  0.000000e+00  0.000000e+00  0.000000e+00
-1.023010  4.808818e+00  0.000000e+00  0.000000e+00  0.000000e+00  0.000000e+00  0.000000e+00
-1.020709  4.847993e+00  0.000000e+00  0.000000e+00  0.000000e+00  0.000000e+00  0.000000e+00
-1.018408  4.887354e+00  0.000000e+00  0.000000e+00  0.000000e+00  0.000000e+00  0.000000e+00
-1.016107  4.926900e+00  0.000000e+00  0.000000e+00  0.000000e+00  0.000000e+00  0.000000e+00
-1.013806  4.966631e+00  0.000000e+00  0.000000e+00  0.000000e+00  0.000000e+00  0.000000e+00
-1.011505  5.006545e+00  0.000000e+00  0.000000e+00  0.000000e+00  0.000000e+00  0.000000e+00
-1.009204  5.046642e+00  0.000000e+00  0.000000e+00  0.000000e+00  0.000000e+00  0.000000e+00
-1.006903  5.086922e+00  0.000000e+00  0.000000e+00  0.000000e+00  0.000000e+00  0.000000e+00
-1.004602  5.127382e+00  0.000000e+00  0.000000e+00  0.000000e+00  0.000000e+00  0.000000e+00
-1.002301  5.168024e+00  0.000000e+00  0.000000e+00  0.000000e+00  0.000000e+00  0.000000e+00
-1.000000  5.208845e+00  0.000000e+00  0.000000e+00  0.000000e+00  0.000000e+00  0.000000e+00
