# Neutrino-40Ar cc cross section (10^-38 cm^2/GeV) #
# log(energy in GeV)  nu_e      nu_mu      nu_tau      nu_e_bar      nu_mu_bar    nu_tau_bar #

-3.301030  0.000000e+00  0.000000e+00  0.000000e+00  0.000000e+00  0.000000e+00  0.000000e+00
-3.298729  0.000000e+00  0.000000e+00  0.000000e+00  0.000000e+00  0.000000e+00  0.000000e+00
-3.296428  0.000000e+00  0.000000e+00  0.000000e+00  0.000000e+00  0.000000e+00  0.000000e+00
-3.294127  0.000000e+00  0.000000e+00  0.000000e+00  0.000000e+00  0.000000e+00  0.000000e+00
-3.291826  0.000000e+00  0.000000e+00  0.000000e+00  0.000000e+00  0.000000e+00  0.000000e+00
-3.289525  0.000000e+00  0.000000e+00  0.000000e+00  0.000000e+00  0.000000e+00  0.000000e+00
-3.287224  0.000000e+00  0.000000e+00  0.000000e+00  0.000000e+00  0.000000e+00  0.000000e+00
-3.284923  0.000000e+00  0.000000e+00  0.000000e+00  0.000000e+00  0.000000e+00  0.000000e+00
-3.282622  0.000000e+00  0.000000e+00  0.000000e+00  0.000000e+00  0.000000e+00  0.000000e+00
-3.280321  0.000000e+00  0.000000e+00  0.000000e+00  0.000000e+00  0.000000e+00  0.000000e+00
-3.278020  0.000000e+00  0.000000e+00  0.000000e+00  0.000000e+00  0.000000e+00  0.000000e+00
-3.275719  0.000000e+00  0.000000e+00  0.000000e+00  0.000000e+00  0.000000e+00  0.000000e+00
-3.273418  0.000000e+00  0.000000e+00  0.000000e+00  0.000000e+00  0.000000e+00  0.000000e+00
-3.271117  0.000000e+00  0.000000e+00  0.000000e+00  0.000000e+00  0.000000e+00  0.000000e+00
-3.268816  0.000000e+00  0.000000e+00  0.000000e+00  0.000000e+00  0.000000e+00  0.000000e+00
-3.266515  0.000000e+00  0.000000e+00  0.000000e+00  0.000000e+00  0.000000e+00  0.000000e+00
-3.264214  0.000000e+00  0.000000e+00  0.000000e+00  0.000000e+00  0.000000e+00  0.000000e+00
-3.261912  0.000000e+00  0.000000e+00  0.000000e+00  0.000000e+00  0.000000e+00  0.000000e+00
-3.259611  0.000000e+00  0.000000e+00  0.000000e+00  0.000000e+00  0.000000e+00  0.000000e+00
-3.257310  0.000000e+00  0.000000e+00  0.000000e+00  0.000000e+00  0.000000e+00  0.000000e+00
-3.255009  0.000000e+00  0.000000e+00  0.000000e+00  0.000000e+00  0.000000e+00  0.000000e+00
-3.252708  0.000000e+00  0.000000e+00  0.000000e+00  0.000000e+00  0.000000e+00  0.000000e+00
-3.250407  0.000000e+00  0.000000e+00  0.000000e+00  0.000000e+00  0.000000e+00  0.000000e+00
-3.248106  0.000000e+00  0.000000e+00  0.000000e+00  0.000000e+00  0.000000e+00  0.000000e+00
-3.245805  0.000000e+00  0.000000e+00  0.000000e+00  0.000000e+00  0.000000e+00  0.000000e+00
-3.243504  0.000000e+00  0.000000e+00  0.000000e+00  0.000000e+00  0.000000e+00  0.000000e+00
-3.241203  0.000000e+00  0.000000e+00  0.000000e+00  0.000000e+00  0.000000e+00  0.000000e+00
-3.238902  0.000000e+00  0.000000e+00  0.000000e+00  0.000000e+00  0.000000e+00  0.000000e+00
-3.236601  0.000000e+00  0.000000e+00  0.000000e+00  0.000000e+00  0.000000e+00  0.000000e+00
-3.234300  0.000000e+00  0.000000e+00  0.000000e+00  0.000000e+00  0.000000e+00  0.000000e+00
-3.231999  0.000000e+00  0.000000e+00  0.000000e+00  0.000000e+00  0.000000e+00  0.000000e+00
-3.229698  0.000000e+00  0.000000e+00  0.000000e+00  0.000000e+00  0.000000e+00  0.000000e+00
-3.227397  0.000000e+00  0.000000e+00  0.000000e+00  0.000000e+00  0.000000e+00  0.000000e+00
-3.225096  0.000000e+00  0.000000e+00  0.000000e+00  0.000000e+00  0.000000e+00  0.000000e+00
-3.222795  0.000000e+00  0.000000e+00  0.000000e+00  0.000000e+00  0.000000e+00  0.000000e+00
-3.220494  0.000000e+00  0.000000e+00  0.000000e+00  0.000000e+00  0.000000e+00  0.000000e+00
-3.218193  0.000000e+00  0.000000e+00  0.000000e+00  0.000000e+00  0.000000e+00  0.000000e+00
-3.215892  0.000000e+00  0.000000e+00  0.000000e+00  0.000000e+00  0.000000e+00  0.000000e+00
-3.213591  0.000000e+00  0.000000e+00  0.000000e+00  0.000000e+00  0.000000e+00  0.000000e+00
-3.211290  0.000000e+00  0.000000e+00  0.000000e+00  0.000000e+00  0.000000e+00  0.000000e+00
-3.208989  0.000000e+00  0.000000e+00  0.000000e+00  0.000000e+00  0.000000e+00  0.000000e+00
-3.206688  0.000000e+00  0.000000e+00  0.000000e+00  0.000000e+00  0.000000e+00  0.000000e+00
-3.204387  0.000000e+00  0.000000e+00  0.000000e+00  0.000000e+00  0.000000e+00  0.000000e+00
-3.202086  0.000000e+00  0.000000e+00  0.000000e+00  0.000000e+00  0.000000e+00  0.000000e+00
-3.199785  0.000000e+00  0.000000e+00  0.000000e+00  0.000000e+00  0.000000e+00  0.000000e+00
-3.197484  0.000000e+00  0.000000e+00  0.000000e+00  0.000000e+00  0.000000e+00  0.000000e+00
-3.195183  0.000000e+00  0.000000e+00  0.000000e+00  0.000000e+00  0.000000e+00  0.000000e+00
-3.192882  0.000000e+00  0.000000e+00  0.000000e+00  0.000000e+00  0.000000e+00  0.000000e+00
-3.190581  0.000000e+00  0.000000e+00  0.000000e+00  0.000000e+00  0.000000e+00  0.000000e+00
-3.188280  0.000000e+00  0.000000e+00  0.000000e+00  0.000000e+00  0.000000e+00  0.000000e+00
-3.185978  0.000000e+00  0.000000e+00  0.000000e+00  0.000000e+00  0.000000e+00  0.000000e+00
-3.183677  0.000000e+00  0.000000e+00  0.000000e+00  0.000000e+00  0.000000e+00  0.000000e+00
-3.181376  0.000000e+00  0.000000e+00  0.000000e+00  0.000000e+00  0.000000e+00  0.000000e+00
-3.179075  0.000000e+00  0.000000e+00  0.000000e+00  0.000000e+00  0.000000e+00  0.000000e+00
-3.176774  0.000000e+00  0.000000e+00  0.000000e+00  0.000000e+00  0.000000e+00  0.000000e+00
-3.174473  0.000000e+00  0.000000e+00  0.000000e+00  0.000000e+00  0.000000e+00  0.000000e+00
-3.172172  0.000000e+00  0.000000e+00  0.000000e+00  0.000000e+00  0.000000e+00  0.000000e+00
-3.169871  0.000000e+00  0.000000e+00  0.000000e+00  0.000000e+00  0.000000e+00  0.000000e+00
-3.167570  0.000000e+00  0.000000e+00  0.000000e+00  0.000000e+00  0.000000e+00  0.000000e+00
-3.165269  0.000000e+00  0.000000e+00  0.000000e+00  0.000000e+00  0.000000e+00  0.000000e+00
-3.162968  0.000000e+00  0.000000e+00  0.000000e+00  0.000000e+00  0.000000e+00  0.000000e+00
-3.160667  0.000000e+00  0.000000e+00  0.000000e+00  0.000000e+00  0.000000e+00  0.000000e+00
-3.158366  0.000000e+00  0.000000e+00  0.000000e+00  0.000000e+00  0.000000e+00  0.000000e+00
-3.156065  0.000000e+00  0.000000e+00  0.000000e+00  0.000000e+00  0.000000e+00  0.000000e+00
-3.153764  0.000000e+00  0.000000e+00  0.000000e+00  0.000000e+00  0.000000e+00  0.000000e+00
-3.151463  0.000000e+00  0.000000e+00  0.000000e+00  0.000000e+00  0.000000e+00  0.000000e+00
-3.149162  0.000000e+00  0.000000e+00  0.000000e+00  0.000000e+00  0.000000e+00  0.000000e+00
-3.146861  0.000000e+00  0.000000e+00  0.000000e+00  0.000000e+00  0.000000e+00  0.000000e+00
-3.144560  0.000000e+00  0.000000e+00  0.000000e+00  0.000000e+00  0.000000e+00  0.000000e+00
-3.142259  0.000000e+00  0.000000e+00  0.000000e+00  0.000000e+00  0.000000e+00  0.000000e+00
-3.139958  0.000000e+00  0.000000e+00  0.000000e+00  0.000000e+00  0.000000e+00  0.000000e+00
-3.137657  0.000000e+00  0.000000e+00  0.000000e+00  0.000000e+00  0.000000e+00  0.000000e+00
-3.135356  0.000000e+00  0.000000e+00  0.000000e+00  0.000000e+00  0.000000e+00  0.000000e+00
-3.133055  0.000000e+00  0.000000e+00  0.000000e+00  0.000000e+00  0.000000e+00  0.000000e+00
-3.130754  0.000000e+00  0.000000e+00  0.000000e+00  0.000000e+00  0.000000e+00  0.000000e+00
-3.128453  0.000000e+00  0.000000e+00  0.000000e+00  0.000000e+00  0.000000e+00  0.000000e+00
-3.126152  0.000000e+00  0.000000e+00  0.000000e+00  0.000000e+00  0.000000e+00  0.000000e+00
-3.123851  0.000000e+00  0.000000e+00  0.000000e+00  0.000000e+00  0.000000e+00  0.000000e+00
-3.121550  0.000000e+00  0.000000e+00  0.000000e+00  0.000000e+00  0.000000e+00  0.000000e+00
-3.119249  0.000000e+00  0.000000e+00  0.000000e+00  0.000000e+00  0.000000e+00  0.000000e+00
-3.116948  0.000000e+00  0.000000e+00  0.000000e+00  0.000000e+00  0.000000e+00  0.000000e+00
-3.114647  0.000000e+00  0.000000e+00  0.000000e+00  0.000000e+00  0.000000e+00  0.000000e+00
-3.112346  0.000000e+00  0.000000e+00  0.000000e+00  0.000000e+00  0.000000e+00  0.000000e+00
-3.110045  0.000000e+00  0.000000e+00  0.000000e+00  0.000000e+00  0.000000e+00  0.000000e+00
-3.107743  0.000000e+00  0.000000e+00  0.000000e+00  0.000000e+00  0.000000e+00  0.000000e+00
-3.105442  0.000000e+00  0.000000e+00  0.000000e+00  0.000000e+00  0.000000e+00  0.000000e+00
-3.103141  0.000000e+00  0.000000e+00  0.000000e+00  0.000000e+00  0.000000e+00  0.000000e+00
-3.100840  0.000000e+00  0.000000e+00  0.000000e+00  0.000000e+00  0.000000e+00  0.000000e+00
-3.098539  0.000000e+00  0.000000e+00  0.000000e+00  0.000000e+00  0.000000e+00  0.000000e+00
-3.096238  0.000000e+00  0.000000e+00  0.000000e+00  0.000000e+00  0.000000e+00  0.000000e+00
-3.093937  0.000000e+00  0.000000e+00  0.000000e+00  0.000000e+00  0.000000e+00  0.000000e+00
-3.091636  0.000000e+00  0.000000e+00  0.000000e+00  0.000000e+00  0.000000e+00  0.000000e+00
-3.089335  0.000000e+00  0.000000e+00  0.000000e+00  0.000000e+00  0.000000e+00  0.000000e+00
-3.087034  0.000000e+00  0.000000e+00  0.000000e+00  0.000000e+00  0.000000e+00  0.000000e+00
-3.084733  0.000000e+00  0.000000e+00  0.000000e+00  0.000000e+00  0.000000e+00  0.000000e+00
-3.082432  0.000000e+00  0.000000e+00  0.000000e+00  0.000000e+00  0.000000e+00  0.000000e+00
-3.080131  0.000000e+00  0.000000e+00  0.000000e+00  0.000000e+00  0.000000e+00  0.000000e+00
-3.077830  0.000000e+00  0.000000e+00  0.000000e+00  0.000000e+00  0.000000e+00  0.000000e+00
-3.075529  0.000000e+00  0.000000e+00  0.000000e+00  0.000000e+00  0.000000e+00  0.000000e+00
-3.073228  0.000000e+00  0.000000e+00  0.000000e+00  0.000000e+00  0.000000e+00  0.000000e+00
-3.070927  0.000000e+00  0.000000e+00  0.000000e+00  0.000000e+00  0.000000e+00  0.000000e+00
-3.068626  0.000000e+00  0.000000e+00  0.000000e+00  0.000000e+00  0.000000e+00  0.000000e+00
-3.066325  0.000000e+00  0.000000e+00  0.000000e+00  0.000000e+00  0.000000e+00  0.000000e+00
-3.064024  0.000000e+00  0.000000e+00  0.000000e+00  0.000000e+00  0.000000e+00  0.000000e+00
-3.061723  0.000000e+00  0.000000e+00  0.000000e+00  0.000000e+00  0.000000e+00  0.000000e+00
-3.059422  0.000000e+00  0.000000e+00  0.000000e+00  0.000000e+00  0.000000e+00  0.000000e+00
-3.057121  0.000000e+00  0.000000e+00  0.000000e+00  0.000000e+00  0.000000e+00  0.000000e+00
-3.054820  0.000000e+00  0.000000e+00  0.000000e+00  0.000000e+00  0.000000e+00  0.000000e+00
-3.052519  0.000000e+00  0.000000e+00  0.000000e+00  0.000000e+00  0.000000e+00  0.000000e+00
-3.050218  0.000000e+00  0.000000e+00  0.000000e+00  0.000000e+00  0.000000e+00  0.000000e+00
-3.047917  0.000000e+00  0.000000e+00  0.000000e+00  0.000000e+00  0.000000e+00  0.000000e+00
-3.045616  0.000000e+00  0.000000e+00  0.000000e+00  0.000000e+00  0.000000e+00  0.000000e+00
-3.043315  0.000000e+00  0.000000e+00  0.000000e+00  0.000000e+00  0.000000e+00  0.000000e+00
-3.041014  0.000000e+00  0.000000e+00  0.000000e+00  0.000000e+00  0.000000e+00  0.000000e+00
-3.038713  0.000000e+00  0.000000e+00  0.000000e+00  0.000000e+00  0.000000e+00  0.000000e+00
-3.036412  0.000000e+00  0.000000e+00  0.000000e+00  0.000000e+00  0.000000e+00  0.000000e+00
-3.034111  0.000000e+00  0.000000e+00  0.000000e+00  0.000000e+00  0.000000e+00  0.000000e+00
-3.031809  0.000000e+00  0.000000e+00  0.000000e+00  0.000000e+00  0.000000e+00  0.000000e+00
-3.029508  0.000000e+00  0.000000e+00  0.000000e+00  0.000000e+00  0.000000e+00  0.000000e+00
-3.027207  0.000000e+00  0.000000e+00  0.000000e+00  0.000000e+00  0.000000e+00  0.000000e+00
-3.024906  0.000000e+00  0.000000e+00  0.000000e+00  0.000000e+00  0.000000e+00  0.000000e+00
-3.022605  0.000000e+00  0.000000e+00  0.000000e+00  0.000000e+00  0.000000e+00  0.000000e+00
-3.020304  0.000000e+00  0.000000e+00  0.000000e+00  0.000000e+00  0.000000e+00  0.000000e+00
-3.018003  0.000000e+00  0.000000e+00  0.000000e+00  0.000000e+00  0.000000e+00  0.000000e+00
-3.015702  0.000000e+00  0.000000e+00  0.000000e+00  0.000000e+00  0.000000e+00  0.000000e+00
-3.013401  0.000000e+00  0.000000e+00  0.000000e+00  0.000000e+00  0.000000e+00  0.000000e+00
-3.011100  0.000000e+00  0.000000e+00  0.000000e+00  0.000000e+00  0.000000e+00  0.000000e+00
-3.008799  0.000000e+00  0.000000e+00  0.000000e+00  0.000000e+00  0.000000e+00  0.000000e+00
-3.006498  0.000000e+00  0.000000e+00  0.000000e+00  0.000000e+00  0.000000e+00  0.000000e+00
-3.004197  0.000000e+00  0.000000e+00  0.000000e+00  0.000000e+00  0.000000e+00  0.000000e+00
-3.001896  0.000000e+00  0.000000e+00  0.000000e+00  0.000000e+00  0.000000e+00  0.000000e+00
-2.999595  0.000000e+00  0.000000e+00  0.000000e+00  0.000000e+00  0.000000e+00  0.000000e+00
-2.997294  0.000000e+00  0.000000e+00  0.000000e+00  0.000000e+00  0.000000e+00  0.000000e+00
-2.994993  0.000000e+00  0.000000e+00  0.000000e+00  0.000000e+00  0.000000e+00  0.000000e+00
-2.992692  0.000000e+00  0.000000e+00  0.000000e+00  0.000000e+00  0.000000e+00  0.000000e+00
-2.990391  0.000000e+00  0.000000e+00  0.000000e+00  0.000000e+00  0.000000e+00  0.000000e+00
-2.988090  0.000000e+00  0.000000e+00  0.000000e+00  0.000000e+00  0.000000e+00  0.000000e+00
-2.985789  0.000000e+00  0.000000e+00  0.000000e+00  0.000000e+00  0.000000e+00  0.000000e+00
-2.983488  0.000000e+00  0.000000e+00  0.000000e+00  0.000000e+00  0.000000e+00  0.000000e+00
-2.981187  0.000000e+00  0.000000e+00  0.000000e+00  0.000000e+00  0.000000e+00  0.000000e+00
-2.978886  0.000000e+00  0.000000e+00  0.000000e+00  0.000000e+00  0.000000e+00  0.000000e+00
-2.976585  0.000000e+00  0.000000e+00  0.000000e+00  0.000000e+00  0.000000e+00  0.000000e+00
-2.974284  0.000000e+00  0.000000e+00  0.000000e+00  0.000000e+00  0.000000e+00  0.000000e+00
-2.971983  0.000000e+00  0.000000e+00  0.000000e+00  0.000000e+00  0.000000e+00  0.000000e+00
-2.969682  0.000000e+00  0.000000e+00  0.000000e+00  0.000000e+00  0.000000e+00  0.000000e+00
-2.967381  0.000000e+00  0.000000e+00  0.000000e+00  0.000000e+00  0.000000e+00  0.000000e+00
-2.965080  0.000000e+00  0.000000e+00  0.000000e+00  0.000000e+00  0.000000e+00  0.000000e+00
-2.962779  0.000000e+00  0.000000e+00  0.000000e+00  0.000000e+00  0.000000e+00  0.000000e+00
-2.960478  0.000000e+00  0.000000e+00  0.000000e+00  0.000000e+00  0.000000e+00  0.000000e+00
-2.958177  0.000000e+00  0.000000e+00  0.000000e+00  0.000000e+00  0.000000e+00  0.000000e+00
-2.955875  0.000000e+00  0.000000e+00  0.000000e+00  0.000000e+00  0.000000e+00  0.000000e+00
-2.953574  0.000000e+00  0.000000e+00  0.000000e+00  0.000000e+00  0.000000e+00  0.000000e+00
-2.951273  0.000000e+00  0.000000e+00  0.000000e+00  0.000000e+00  0.000000e+00  0.000000e+00
-2.948972  0.000000e+00  0.000000e+00  0.000000e+00  0.000000e+00  0.000000e+00  0.000000e+00
-2.946671  0.000000e+00  0.000000e+00  0.000000e+00  0.000000e+00  0.000000e+00  0.000000e+00
-2.944370  0.000000e+00  0.000000e+00  0.000000e+00  0.000000e+00  0.000000e+00  0.000000e+00
-2.942069  0.000000e+00  0.000000e+00  0.000000e+00  0.000000e+00  0.000000e+00  0.000000e+00
-2.939768  0.000000e+00  0.000000e+00  0.000000e+00  0.000000e+00  0.000000e+00  0.000000e+00
-2.937467  0.000000e+00  0.000000e+00  0.000000e+00  0.000000e+00  0.000000e+00  0.000000e+00
-2.935166  0.000000e+00  0.000000e+00  0.000000e+00  0.000000e+00  0.000000e+00  0.000000e+00
-2.932865  0.000000e+00  0.000000e+00  0.000000e+00  0.000000e+00  0.000000e+00  0.000000e+00
-2.930564  0.000000e+00  0.000000e+00  0.000000e+00  0.000000e+00  0.000000e+00  0.000000e+00
-2.928263  0.000000e+00  0.000000e+00  0.000000e+00  0.000000e+00  0.000000e+00  0.000000e+00
-2.925962  0.000000e+00  0.000000e+00  0.000000e+00  0.000000e+00  0.000000e+00  0.000000e+00
-2.923661  0.000000e+00  0.000000e+00  0.000000e+00  0.000000e+00  0.000000e+00  0.000000e+00
-2.921360  0.000000e+00  0.000000e+00  0.000000e+00  0.000000e+00  0.000000e+00  0.000000e+00
-2.919059  0.000000e+00  0.000000e+00  0.000000e+00  0.000000e+00  0.000000e+00  0.000000e+00
-2.916758  0.000000e+00  0.000000e+00  0.000000e+00  0.000000e+00  0.000000e+00  0.000000e+00
-2.914457  0.000000e+00  0.000000e+00  0.000000e+00  0.000000e+00  0.000000e+00  0.000000e+00
-2.912156  0.000000e+00  0.000000e+00  0.000000e+00  0.000000e+00  0.000000e+00  0.000000e+00
-2.909855  0.000000e+00  0.000000e+00  0.000000e+00  0.000000e+00  0.000000e+00  0.000000e+00
-2.907554  0.000000e+00  0.000000e+00  0.000000e+00  0.000000e+00  0.000000e+00  0.000000e+00
-2.905253  0.000000e+00  0.000000e+00  0.000000e+00  0.000000e+00  0.000000e+00  0.000000e+00
-2.902952  0.000000e+00  0.000000e+00  0.000000e+00  0.000000e+00  0.000000e+00  0.000000e+00
-2.900651  0.000000e+00  0.000000e+00  0.000000e+00  0.000000e+00  0.000000e+00  0.000000e+00
-2.898350  0.000000e+00  0.000000e+00  0.000000e+00  0.000000e+00  0.000000e+00  0.000000e+00
-2.896049  0.000000e+00  0.000000e+00  0.000000e+00  0.000000e+00  0.000000e+00  0.000000e+00
-2.893748  0.000000e+00  0.000000e+00  0.000000e+00  0.000000e+00  0.000000e+00  0.000000e+00
-2.891447  0.000000e+00  0.000000e+00  0.000000e+00  0.000000e+00  0.000000e+00  0.000000e+00
-2.889146  0.000000e+00  0.000000e+00  0.000000e+00  0.000000e+00  0.000000e+00  0.000000e+00
-2.886845  0.000000e+00  0.000000e+00  0.000000e+00  0.000000e+00  0.000000e+00  0.000000e+00
-2.884544  0.000000e+00  0.000000e+00  0.000000e+00  0.000000e+00  0.000000e+00  0.000000e+00
-2.882243  0.000000e+00  0.000000e+00  0.000000e+00  0.000000e+00  0.000000e+00  0.000000e+00
-2.879942  0.000000e+00  0.000000e+00  0.000000e+00  0.000000e+00  0.000000e+00  0.000000e+00
-2.877640  0.000000e+00  0.000000e+00  0.000000e+00  0.000000e+00  0.000000e+00  0.000000e+00
-2.875339  0.000000e+00  0.000000e+00  0.000000e+00  0.000000e+00  0.000000e+00  0.000000e+00
-2.873038  0.000000e+00  0.000000e+00  0.000000e+00  0.000000e+00  0.000000e+00  0.000000e+00
-2.870737  0.000000e+00  0.000000e+00  0.000000e+00  0.000000e+00  0.000000e+00  0.000000e+00
-2.868436  0.000000e+00  0.000000e+00  0.000000e+00  0.000000e+00  0.000000e+00  0.000000e+00
-2.866135  0.000000e+00  0.000000e+00  0.000000e+00  0.000000e+00  0.000000e+00  0.000000e+00
-2.863834  0.000000e+00  0.000000e+00  0.000000e+00  0.000000e+00  0.000000e+00  0.000000e+00
-2.861533  0.000000e+00  0.000000e+00  0.000000e+00  0.000000e+00  0.000000e+00  0.000000e+00
-2.859232  0.000000e+00  0.000000e+00  0.000000e+00  0.000000e+00  0.000000e+00  0.000000e+00
-2.856931  0.000000e+00  0.000000e+00  0.000000e+00  0.000000e+00  0.000000e+00  0.000000e+00
-2.854630  0.000000e+00  0.000000e+00  0.000000e+00  0.000000e+00  0.000000e+00  0.000000e+00
-2.852329  0.000000e+00  0.000000e+00  0.000000e+00  0.000000e+00  0.000000e+00  0.000000e+00
-2.850028  0.000000e+00  0.000000e+00  0.000000e+00  0.000000e+00  0.000000e+00  0.000000e+00
-2.847727  0.000000e+00  0.000000e+00  0.000000e+00  0.000000e+00  0.000000e+00  0.000000e+00
-2.845426  0.000000e+00  0.000000e+00  0.000000e+00  0.000000e+00  0.000000e+00  0.000000e+00
-2.843125  0.000000e+00  0.000000e+00  0.000000e+00  0.000000e+00  0.000000e+00  0.000000e+00
-2.840824  0.000000e+00  0.000000e+00  0.000000e+00  0.000000e+00  0.000000e+00  0.000000e+00
-2.838523  0.000000e+00  0.000000e+00  0.000000e+00  0.000000e+00  0.000000e+00  0.000000e+00
-2.836222  0.000000e+00  0.000000e+00  0.000000e+00  0.000000e+00  0.000000e+00  0.000000e+00
-2.833921  0.000000e+00  0.000000e+00  0.000000e+00  0.000000e+00  0.000000e+00  0.000000e+00
-2.831620  0.000000e+00  0.000000e+00  0.000000e+00  0.000000e+00  0.000000e+00  0.000000e+00
-2.829319  0.000000e+00  0.000000e+00  0.000000e+00  0.000000e+00  0.000000e+00  0.000000e+00
-2.827018  0.000000e+00  0.000000e+00  0.000000e+00  0.000000e+00  0.000000e+00  0.000000e+00
-2.824717  0.000000e+00  0.000000e+00  0.000000e+00  0.000000e+00  0.000000e+00  0.000000e+00
-2.822416  2.776035e-04  0.000000e+00  0.000000e+00  0.000000e+00  0.000000e+00  0.000000e+00
-2.820115  2.815886e-04  0.000000e+00  0.000000e+00  0.000000e+00  0.000000e+00  0.000000e+00
-2.817814  2.862206e-04  0.000000e+00  0.000000e+00  0.000000e+00  0.000000e+00  0.000000e+00
-2.815513  2.914884e-04  0.000000e+00  0.000000e+00  0.000000e+00  0.000000e+00  0.000000e+00
-2.813212  2.973806e-04  0.000000e+00  0.000000e+00  0.000000e+00  0.000000e+00  0.000000e+00
-2.810911  3.038860e-04  0.000000e+00  0.000000e+00  0.000000e+00  0.000000e+00  0.000000e+00
-2.808610  3.109929e-04  0.000000e+00  0.000000e+00  0.000000e+00  0.000000e+00  0.000000e+00
-2.806309  3.186899e-04  0.000000e+00  0.000000e+00  0.000000e+00  0.000000e+00  0.000000e+00
-2.804008  3.269653e-04  0.000000e+00  0.000000e+00  0.000000e+00  0.000000e+00  0.000000e+00
-2.801706  3.358072e-04  0.000000e+00  0.000000e+00  0.000000e+00  0.000000e+00  0.000000e+00
-2.799405  3.452036e-04  0.000000e+00  0.000000e+00  0.000000e+00  0.000000e+00  0.000000e+00
-2.797104  3.551427e-04  0.000000e+00  0.000000e+00  0.000000e+00  0.000000e+00  0.000000e+00
-2.794803  3.656121e-04  0.000000e+00  0.000000e+00  0.000000e+00  0.000000e+00  0.000000e+00
-2.792502  3.765998e-04  0.000000e+00  0.000000e+00  0.000000e+00  0.000000e+00  0.000000e+00
-2.790201  3.880932e-04  0.000000e+00  0.000000e+00  0.000000e+00  0.000000e+00  0.000000e+00
-2.787900  4.000798e-04  0.000000e+00  0.000000e+00  0.000000e+00  0.000000e+00  0.000000e+00
-2.785599  4.125471e-04  0.000000e+00  0.000000e+00  0.000000e+00  0.000000e+00  0.000000e+00
-2.783298  4.254822e-04  0.000000e+00  0.000000e+00  0.000000e+00  0.000000e+00  0.000000e+00
-2.780997  4.388723e-04  0.000000e+00  0.000000e+00  0.000000e+00  0.000000e+00  0.000000e+00
-2.778696  4.527044e-04  0.000000e+00  0.000000e+00  0.000000e+00  0.000000e+00  0.000000e+00
-2.776395  4.669653e-04  0.000000e+00  0.000000e+00  0.000000e+00  0.000000e+00  0.000000e+00
-2.774094  4.816418e-04  0.000000e+00  0.000000e+00  0.000000e+00  0.000000e+00  0.000000e+00
-2.771793  4.967205e-04  0.000000e+00  0.000000e+00  0.000000e+00  0.000000e+00  0.000000e+00
-2.769492  5.121877e-04  0.000000e+00  0.000000e+00  0.000000e+00  0.000000e+00  0.000000e+00
-2.767191  5.280299e-04  0.000000e+00  0.000000e+00  0.000000e+00  0.000000e+00  0.000000e+00
-2.764890  5.442332e-04  0.000000e+00  0.000000e+00  0.000000e+00  0.000000e+00  0.000000e+00
-2.762589  5.607836e-04  0.000000e+00  0.000000e+00  0.000000e+00  0.000000e+00  0.000000e+00
-2.760288  5.776671e-04  0.000000e+00  0.000000e+00  0.000000e+00  0.000000e+00  0.000000e+00
-2.757987  5.948694e-04  0.000000e+00  0.000000e+00  0.000000e+00  0.000000e+00  0.000000e+00
-2.755686  6.123760e-04  0.000000e+00  0.000000e+00  0.000000e+00  0.000000e+00  0.000000e+00
-2.753385  6.301725e-04  0.000000e+00  0.000000e+00  0.000000e+00  0.000000e+00  0.000000e+00
-2.751084  6.482441e-04  0.000000e+00  0.000000e+00  0.000000e+00  0.000000e+00  0.000000e+00
-2.748783  6.665760e-04  0.000000e+00  0.000000e+00  0.000000e+00  0.000000e+00  0.000000e+00
-2.746482  6.851532e-04  0.000000e+00  0.000000e+00  0.000000e+00  0.000000e+00  0.000000e+00
-2.744181  7.039605e-04  0.000000e+00  0.000000e+00  0.000000e+00  0.000000e+00  0.000000e+00
-2.741880  7.229825e-04  0.000000e+00  0.000000e+00  0.000000e+00  0.000000e+00  0.000000e+00
-2.739579  7.422038e-04  0.000000e+00  0.000000e+00  0.000000e+00  0.000000e+00  0.000000e+00
-2.737278  7.616087e-04  0.000000e+00  0.000000e+00  0.000000e+00  0.000000e+00  0.000000e+00
-2.734977  7.811814e-04  0.000000e+00  0.000000e+00  0.000000e+00  0.000000e+00  0.000000e+00
-2.732676  8.009058e-04  0.000000e+00  0.000000e+00  0.000000e+00  0.000000e+00  0.000000e+00
-2.730375  8.207659e-04  0.000000e+00  0.000000e+00  0.000000e+00  0.000000e+00  0.000000e+00
-2.728074  8.407452e-04  0.000000e+00  0.000000e+00  0.000000e+00  0.000000e+00  0.000000e+00
-2.725772  8.608273e-04  0.000000e+00  0.000000e+00  0.000000e+00  0.000000e+00  0.000000e+00
-2.723471  8.809954e-04  0.000000e+00  0.000000e+00  0.000000e+00  0.000000e+00  0.000000e+00
-2.721170  9.012327e-04  0.000000e+00  0.000000e+00  0.000000e+00  0.000000e+00  0.000000e+00
-2.718869  9.215221e-04  0.000000e+00  0.000000e+00  0.000000e+00  0.000000e+00  0.000000e+00
-2.716568  9.418464e-04  0.000000e+00  0.000000e+00  0.000000e+00  0.000000e+00  0.000000e+00
-2.714267  9.621880e-04  0.000000e+00  0.000000e+00  0.000000e+00  0.000000e+00  0.000000e+00
-2.711966  9.825295e-04  0.000000e+00  0.000000e+00  0.000000e+00  0.000000e+00  0.000000e+00
-2.709665  1.002853e-03  0.000000e+00  0.000000e+00  0.000000e+00  0.000000e+00  0.000000e+00
-2.707364  1.023151e-03  0.000000e+00  0.000000e+00  0.000000e+00  0.000000e+00  0.000000e+00
-2.705063  1.043437e-03  0.000000e+00  0.000000e+00  0.000000e+00  0.000000e+00  0.000000e+00
-2.702762  1.063725e-03  0.000000e+00  0.000000e+00  0.000000e+00  0.000000e+00  0.000000e+00
-2.700461  1.084030e-03  0.000000e+00  0.000000e+00  0.000000e+00  0.000000e+00  0.000000e+00
-2.698160  1.104369e-03  0.000000e+00  0.000000e+00  0.000000e+00  0.000000e+00  0.000000e+00
-2.695859  1.124757e-03  0.000000e+00  0.000000e+00  0.000000e+00  0.000000e+00  0.000000e+00
-2.693558  1.145209e-03  0.000000e+00  0.000000e+00  0.000000e+00  0.000000e+00  0.000000e+00
-2.691257  1.165741e-03  0.000000e+00  0.000000e+00  0.000000e+00  0.000000e+00  0.000000e+00
-2.688956  1.186370e-03  0.000000e+00  0.000000e+00  0.000000e+00  0.000000e+00  0.000000e+00
-2.686655  1.207111e-03  0.000000e+00  0.000000e+00  0.000000e+00  0.000000e+00  0.000000e+00
-2.684354  1.227981e-03  0.000000e+00  0.000000e+00  0.000000e+00  0.000000e+00  0.000000e+00
-2.682053  1.248997e-03  0.000000e+00  0.000000e+00  0.000000e+00  0.000000e+00  0.000000e+00
-2.679752  1.270176e-03  0.000000e+00  0.000000e+00  0.000000e+00  0.000000e+00  0.000000e+00
-2.677451  1.291533e-03  0.000000e+00  0.000000e+00  0.000000e+00  0.000000e+00  0.000000e+00
-2.675150  1.313087e-03  0.000000e+00  0.000000e+00  0.000000e+00  0.000000e+00  0.000000e+00
-2.672849  1.334855e-03  0.000000e+00  0.000000e+00  0.000000e+00  0.000000e+00  0.000000e+00
-2.670548  1.356853e-03  0.000000e+00  0.000000e+00  0.000000e+00  0.000000e+00  0.000000e+00
-2.668247  1.379100e-03  0.000000e+00  0.000000e+00  0.000000e+00  0.000000e+00  0.000000e+00
-2.665946  1.401614e-03  0.000000e+00  0.000000e+00  0.000000e+00  0.000000e+00  0.000000e+00
-2.663645  1.424413e-03  0.000000e+00  0.000000e+00  0.000000e+00  0.000000e+00  0.000000e+00
-2.661344  1.447514e-03  0.000000e+00  0.000000e+00  0.000000e+00  0.000000e+00  0.000000e+00
-2.659043  1.470937e-03  0.000000e+00  0.000000e+00  0.000000e+00  0.000000e+00  0.000000e+00
-2.656742  1.494699e-03  0.000000e+00  0.000000e+00  0.000000e+00  0.000000e+00  0.000000e+00
-2.654441  1.518820e-03  0.000000e+00  0.000000e+00  0.000000e+00  0.000000e+00  0.000000e+00
-2.652140  1.543319e-03  0.000000e+00  0.000000e+00  0.000000e+00  0.000000e+00  0.000000e+00
-2.649839  1.568213e-03  0.000000e+00  0.000000e+00  0.000000e+00  0.000000e+00  0.000000e+00
-2.647537  1.593518e-03  0.000000e+00  0.000000e+00  0.000000e+00  0.000000e+00  0.000000e+00
-2.645236  1.619250e-03  0.000000e+00  0.000000e+00  0.000000e+00  0.000000e+00  0.000000e+00
-2.642935  1.645426e-03  0.000000e+00  0.000000e+00  0.000000e+00  0.000000e+00  0.000000e+00
-2.640634  1.672061e-03  0.000000e+00  0.000000e+00  0.000000e+00  0.000000e+00  0.000000e+00
-2.638333  1.699172e-03  0.000000e+00  0.000000e+00  0.000000e+00  0.000000e+00  0.000000e+00
-2.636032  1.726776e-03  0.000000e+00  0.000000e+00  0.000000e+00  0.000000e+00  0.000000e+00
-2.633731  1.754889e-03  0.000000e+00  0.000000e+00  0.000000e+00  0.000000e+00  0.000000e+00
-2.631430  1.783528e-03  0.000000e+00  0.000000e+00  0.000000e+00  0.000000e+00  0.000000e+00
-2.629129  1.812711e-03  0.000000e+00  0.000000e+00  0.000000e+00  0.000000e+00  0.000000e+00
-2.626828  1.842455e-03  0.000000e+00  0.000000e+00  0.000000e+00  0.000000e+00  0.000000e+00
-2.624527  1.872778e-03  0.000000e+00  0.000000e+00  0.000000e+00  0.000000e+00  0.000000e+00
-2.622226  1.903698e-03  0.000000e+00  0.000000e+00  0.000000e+00  0.000000e+00  0.000000e+00
-2.619925  1.935231e-03  0.000000e+00  0.000000e+00  0.000000e+00  0.000000e+00  0.000000e+00
-2.617624  1.967397e-03  0.000000e+00  0.000000e+00  0.000000e+00  0.000000e+00  0.000000e+00
-2.615323  2.000215e-03  0.000000e+00  0.000000e+00  0.000000e+00  0.000000e+00  0.000000e+00
-2.613022  2.033701e-03  0.000000e+00  0.000000e+00  0.000000e+00  0.000000e+00  0.000000e+00
-2.610721  2.067876e-03  0.000000e+00  0.000000e+00  0.000000e+00  0.000000e+00  0.000000e+00
-2.608420  2.102759e-03  0.000000e+00  0.000000e+00  0.000000e+00  0.000000e+00  0.000000e+00
-2.606119  2.138368e-03  0.000000e+00  0.000000e+00  0.000000e+00  0.000000e+00  0.000000e+00
-2.603818  2.174722e-03  0.000000e+00  0.000000e+00  0.000000e+00  0.000000e+00  0.000000e+00
-2.601517  2.211842e-03  0.000000e+00  0.000000e+00  0.000000e+00  0.000000e+00  0.000000e+00
-2.599216  2.249720e-03  0.000000e+00  0.000000e+00  0.000000e+00  0.000000e+00  0.000000e+00
-2.596915  2.288325e-03  0.000000e+00  0.000000e+00  0.000000e+00  0.000000e+00  0.000000e+00
-2.594614  2.327621e-03  0.000000e+00  0.000000e+00  0.000000e+00  0.000000e+00  0.000000e+00
-2.592313  2.367576e-03  0.000000e+00  0.000000e+00  0.000000e+00  0.000000e+00  0.000000e+00
-2.590012  2.408152e-03  0.000000e+00  0.000000e+00  0.000000e+00  0.000000e+00  0.000000e+00
-2.587711  2.449317e-03  0.000000e+00  0.000000e+00  0.000000e+00  0.000000e+00  0.000000e+00
-2.585410  2.491033e-03  0.000000e+00  0.000000e+00  0.000000e+00  0.000000e+00  0.000000e+00
-2.583109  2.533264e-03  0.000000e+00  0.000000e+00  0.000000e+00  0.000000e+00  0.000000e+00
-2.580808  2.575976e-03  0.000000e+00  0.000000e+00  0.000000e+00  0.000000e+00  0.000000e+00
-2.578507  2.619130e-03  0.000000e+00  0.000000e+00  0.000000e+00  0.000000e+00  0.000000e+00
-2.576206  2.662689e-03  0.000000e+00  0.000000e+00  0.000000e+00  0.000000e+00  0.000000e+00
-2.573905  2.706616e-03  0.000000e+00  0.000000e+00  0.000000e+00  0.000000e+00  0.000000e+00
-2.571603  2.750874e-03  0.000000e+00  0.000000e+00  0.000000e+00  0.000000e+00  0.000000e+00
-2.569302  2.795423e-03  0.000000e+00  0.000000e+00  0.000000e+00  0.000000e+00  0.000000e+00
-2.567001  2.840225e-03  0.000000e+00  0.000000e+00  0.000000e+00  0.000000e+00  0.000000e+00
-2.564700  2.885240e-03  0.000000e+00  0.000000e+00  0.000000e+00  0.000000e+00  0.000000e+00
-2.562399  2.930429e-03  0.000000e+00  0.000000e+00  0.000000e+00  0.000000e+00  0.000000e+00
-2.560098  2.975753e-03  0.000000e+00  0.000000e+00  0.000000e+00  0.000000e+00  0.000000e+00
-2.557797  3.021170e-03  0.000000e+00  0.000000e+00  0.000000e+00  0.000000e+00  0.000000e+00
-2.555496  3.066639e-03  0.000000e+00  0.000000e+00  0.000000e+00  0.000000e+00  0.000000e+00
-2.553195  3.112120e-03  0.000000e+00  0.000000e+00  0.000000e+00  0.000000e+00  0.000000e+00
-2.550894  3.157570e-03  0.000000e+00  0.000000e+00  0.000000e+00  0.000000e+00  0.000000e+00
-2.548593  3.202946e-03  0.000000e+00  0.000000e+00  0.000000e+00  0.000000e+00  0.000000e+00
-2.546292  3.248208e-03  0.000000e+00  0.000000e+00  0.000000e+00  0.000000e+00  0.000000e+00
-2.543991  3.293343e-03  0.000000e+00  0.000000e+00  0.000000e+00  0.000000e+00  0.000000e+00
-2.541690  3.338411e-03  0.000000e+00  0.000000e+00  0.000000e+00  0.000000e+00  0.000000e+00
-2.539389  3.383484e-03  0.000000e+00  0.000000e+00  0.000000e+00  0.000000e+00  0.000000e+00
-2.537088  3.428632e-03  0.000000e+00  0.000000e+00  0.000000e+00  0.000000e+00  0.000000e+00
-2.534787  3.473927e-03  0.000000e+00  0.000000e+00  0.000000e+00  0.000000e+00  0.000000e+00
-2.532486  3.519440e-03  0.000000e+00  0.000000e+00  0.000000e+00  0.000000e+00  0.000000e+00
-2.530185  3.565246e-03  0.000000e+00  0.000000e+00  0.000000e+00  0.000000e+00  0.000000e+00
-2.527884  3.611419e-03  0.000000e+00  0.000000e+00  0.000000e+00  0.000000e+00  0.000000e+00
-2.525583  3.658032e-03  0.000000e+00  0.000000e+00  0.000000e+00  0.000000e+00  0.000000e+00
-2.523282  3.705163e-03  0.000000e+00  0.000000e+00  0.000000e+00  0.000000e+00  0.000000e+00
-2.520981  3.752886e-03  0.000000e+00  0.000000e+00  0.000000e+00  0.000000e+00  0.000000e+00
-2.518680  3.801280e-03  0.000000e+00  0.000000e+00  0.000000e+00  0.000000e+00  0.000000e+00
-2.516379  3.850422e-03  0.000000e+00  0.000000e+00  0.000000e+00  0.000000e+00  0.000000e+00
-2.514078  3.900392e-03  0.000000e+00  0.000000e+00  0.000000e+00  0.000000e+00  0.000000e+00
-2.511777  3.951268e-03  0.000000e+00  0.000000e+00  0.000000e+00  0.000000e+00  0.000000e+00
-2.509476  4.003132e-03  0.000000e+00  0.000000e+00  0.000000e+00  0.000000e+00  0.000000e+00
-2.507175  4.056065e-03  0.000000e+00  0.000000e+00  0.000000e+00  0.000000e+00  0.000000e+00
-2.504874  4.110149e-03  0.000000e+00  0.000000e+00  0.000000e+00  0.000000e+00  0.000000e+00
-2.502573  4.165468e-03  0.000000e+00  0.000000e+00  0.000000e+00  0.000000e+00  0.000000e+00
-2.500272  4.222105e-03  0.000000e+00  0.000000e+00  0.000000e+00  0.000000e+00  0.000000e+00
-2.497971  4.280146e-03  0.000000e+00  0.000000e+00  0.000000e+00  0.000000e+00  0.000000e+00
-2.495669  4.339677e-03  0.000000e+00  0.000000e+00  0.000000e+00  0.000000e+00  0.000000e+00
-2.493368  4.400784e-03  0.000000e+00  0.000000e+00  0.000000e+00  0.000000e+00  0.000000e+00
-2.491067  4.463556e-03  0.000000e+00  0.000000e+00  0.000000e+00  0.000000e+00  0.000000e+00
-2.488766  4.528081e-03  0.000000e+00  0.000000e+00  0.000000e+00  0.000000e+00  0.000000e+00
-2.486465  4.594436e-03  0.000000e+00  0.000000e+00  0.000000e+00  0.000000e+00  0.000000e+00
-2.484164  4.662564e-03  0.000000e+00  0.000000e+00  0.000000e+00  0.000000e+00  0.000000e+00
-2.481863  4.732319e-03  0.000000e+00  0.000000e+00  0.000000e+00  0.000000e+00  0.000000e+00
-2.479562  4.803557e-03  0.000000e+00  0.000000e+00  0.000000e+00  0.000000e+00  0.000000e+00
-2.477261  4.876128e-03  0.000000e+00  0.000000e+00  0.000000e+00  0.000000e+00  0.000000e+00
-2.474960  4.949885e-03  0.000000e+00  0.000000e+00  0.000000e+00  0.000000e+00  0.000000e+00
-2.472659  5.024675e-03  0.000000e+00  0.000000e+00  0.000000e+00  0.000000e+00  0.000000e+00
-2.470358  5.100346e-03  0.000000e+00  0.000000e+00  0.000000e+00  0.000000e+00  0.000000e+00
-2.468057  5.176745e-03  0.000000e+00  0.000000e+00  0.000000e+00  0.000000e+00  0.000000e+00
-2.465756  5.253714e-03  0.000000e+00  0.000000e+00  0.000000e+00  0.000000e+00  0.000000e+00
-2.463455  5.331097e-03  0.000000e+00  0.000000e+00  0.000000e+00  0.000000e+00  0.000000e+00
-2.461154  5.408734e-03  0.000000e+00  0.000000e+00  0.000000e+00  0.000000e+00  0.000000e+00
-2.458853  5.486465e-03  0.000000e+00  0.000000e+00  0.000000e+00  0.000000e+00  0.000000e+00
-2.456552  5.564127e-03  0.000000e+00  0.000000e+00  0.000000e+00  0.000000e+00  0.000000e+00
-2.454251  5.641555e-03  0.000000e+00  0.000000e+00  0.000000e+00  0.000000e+00  0.000000e+00
-2.451950  5.718583e-03  0.000000e+00  0.000000e+00  0.000000e+00  0.000000e+00  0.000000e+00
-2.449649  5.795044e-03  0.000000e+00  0.000000e+00  0.000000e+00  0.000000e+00  0.000000e+00
-2.447348  5.870767e-03  0.000000e+00  0.000000e+00  0.000000e+00  0.000000e+00  0.000000e+00
-2.445047  5.945581e-03  0.000000e+00  0.000000e+00  0.000000e+00  0.000000e+00  0.000000e+00
-2.442746  6.019312e-03  0.000000e+00  0.000000e+00  0.000000e+00  0.000000e+00  0.000000e+00
-2.440445  6.091784e-03  0.000000e+00  0.000000e+00  0.000000e+00  0.000000e+00  0.000000e+00
-2.438144  6.162821e-03  0.000000e+00  0.000000e+00  0.000000e+00  0.000000e+00  0.000000e+00
-2.435843  6.232244e-03  0.000000e+00  0.000000e+00  0.000000e+00  0.000000e+00  0.000000e+00
-2.433542  6.299978e-03  0.000000e+00  0.000000e+00  0.000000e+00  0.000000e+00  0.000000e+00
-2.431241  6.366185e-03  0.000000e+00  0.000000e+00  0.000000e+00  0.000000e+00  0.000000e+00
-2.428940  6.431056e-03  0.000000e+00  0.000000e+00  0.000000e+00  0.000000e+00  0.000000e+00
-2.426639  6.494786e-03  0.000000e+00  0.000000e+00  0.000000e+00  0.000000e+00  0.000000e+00
-2.424338  6.557573e-03  0.000000e+00  0.000000e+00  0.000000e+00  0.000000e+00  0.000000e+00
-2.422037  6.619614e-03  0.000000e+00  0.000000e+00  0.000000e+00  0.000000e+00  0.000000e+00
-2.419736  6.681111e-03  0.000000e+00  0.000000e+00  0.000000e+00  0.000000e+00  0.000000e+00
-2.417434  6.742268e-03  0.000000e+00  0.000000e+00  0.000000e+00  0.000000e+00  0.000000e+00
-2.415133  6.803288e-03  0.000000e+00  0.000000e+00  0.000000e+00  0.000000e+00  0.000000e+00
-2.412832  6.864379e-03  0.000000e+00  0.000000e+00  0.000000e+00  0.000000e+00  0.000000e+00
-2.410531  6.925751e-03  0.000000e+00  0.000000e+00  0.000000e+00  0.000000e+00  0.000000e+00
-2.408230  6.987616e-03  0.000000e+00  0.000000e+00  0.000000e+00  0.000000e+00  0.000000e+00
-2.405929  7.050187e-03  0.000000e+00  0.000000e+00  0.000000e+00  0.000000e+00  0.000000e+00
-2.403628  7.113681e-03  0.000000e+00  0.000000e+00  0.000000e+00  0.000000e+00  0.000000e+00
-2.401327  7.178316e-03  0.000000e+00  0.000000e+00  0.000000e+00  0.000000e+00  0.000000e+00
-2.399026  7.244313e-03  0.000000e+00  0.000000e+00  0.000000e+00  0.000000e+00  0.000000e+00
-2.396725  7.311895e-03  0.000000e+00  0.000000e+00  0.000000e+00  0.000000e+00  0.000000e+00
-2.394424  7.381289e-03  0.000000e+00  0.000000e+00  0.000000e+00  0.000000e+00  0.000000e+00
-2.392123  7.452721e-03  0.000000e+00  0.000000e+00  0.000000e+00  0.000000e+00  0.000000e+00
-2.389822  7.526424e-03  0.000000e+00  0.000000e+00  0.000000e+00  0.000000e+00  0.000000e+00
-2.387521  7.602629e-03  0.000000e+00  0.000000e+00  0.000000e+00  0.000000e+00  0.000000e+00
-2.385220  7.681573e-03  0.000000e+00  0.000000e+00  0.000000e+00  0.000000e+00  0.000000e+00
-2.382919  7.763493e-03  0.000000e+00  0.000000e+00  0.000000e+00  0.000000e+00  0.000000e+00
-2.380618  7.848559e-03  0.000000e+00  0.000000e+00  0.000000e+00  0.000000e+00  0.000000e+00
-2.378317  7.936636e-03  0.000000e+00  0.000000e+00  0.000000e+00  0.000000e+00  0.000000e+00
-2.376016  8.027503e-03  0.000000e+00  0.000000e+00  0.000000e+00  0.000000e+00  0.000000e+00
-2.373715  8.120936e-03  0.000000e+00  0.000000e+00  0.000000e+00  0.000000e+00  0.000000e+00
-2.371414  8.216713e-03  0.000000e+00  0.000000e+00  0.000000e+00  0.000000e+00  0.000000e+00
-2.369113  8.314604e-03  0.000000e+00  0.000000e+00  0.000000e+00  0.000000e+00  0.000000e+00
-2.366812  8.414381e-03  0.000000e+00  0.000000e+00  0.000000e+00  0.000000e+00  0.000000e+00
-2.364511  8.515810e-03  0.000000e+00  0.000000e+00  0.000000e+00  0.000000e+00  0.000000e+00
-2.362210  8.618659e-03  0.000000e+00  0.000000e+00  0.000000e+00  0.000000e+00  0.000000e+00
-2.359909  8.722689e-03  0.000000e+00  0.000000e+00  0.000000e+00  0.000000e+00  0.000000e+00
-2.357608  8.827660e-03  0.000000e+00  0.000000e+00  0.000000e+00  0.000000e+00  0.000000e+00
-2.355307  8.933332e-03  0.000000e+00  0.000000e+00  0.000000e+00  0.000000e+00  0.000000e+00
-2.353006  9.039458e-03  0.000000e+00  0.000000e+00  0.000000e+00  0.000000e+00  0.000000e+00
-2.350705  9.145793e-03  0.000000e+00  0.000000e+00  0.000000e+00  0.000000e+00  0.000000e+00
-2.348404  9.252084e-03  0.000000e+00  0.000000e+00  0.000000e+00  0.000000e+00  0.000000e+00
-2.346103  9.358081e-03  0.000000e+00  0.000000e+00  0.000000e+00  0.000000e+00  0.000000e+00
-2.343802  9.463527e-03  0.000000e+00  0.000000e+00  0.000000e+00  0.000000e+00  0.000000e+00
-2.341500  9.568164e-03  0.000000e+00  0.000000e+00  0.000000e+00  0.000000e+00  0.000000e+00
-2.339199  9.671812e-03  0.000000e+00  0.000000e+00  0.000000e+00  0.000000e+00  0.000000e+00
-2.336898  9.774521e-03  0.000000e+00  0.000000e+00  0.000000e+00  0.000000e+00  0.000000e+00
-2.334597  9.876382e-03  0.000000e+00  0.000000e+00  0.000000e+00  0.000000e+00  0.000000e+00
-2.332296  9.977488e-03  0.000000e+00  0.000000e+00  0.000000e+00  0.000000e+00  0.000000e+00
-2.329995  1.007793e-02  0.000000e+00  0.000000e+00  0.000000e+00  0.000000e+00  0.000000e+00
-2.327694  1.017781e-02  0.000000e+00  0.000000e+00  0.000000e+00  0.000000e+00  0.000000e+00
-2.325393  1.027722e-02  0.000000e+00  0.000000e+00  0.000000e+00  0.000000e+00  0.000000e+00
-2.323092  1.037625e-02  0.000000e+00  0.000000e+00  0.000000e+00  0.000000e+00  0.000000e+00
-2.320791  1.047501e-02  0.000000e+00  0.000000e+00  0.000000e+00  0.000000e+00  0.000000e+00
-2.318490  1.057358e-02  0.000000e+00  0.000000e+00  0.000000e+00  0.000000e+00  0.000000e+00
-2.316189  1.067208e-02  0.000000e+00  0.000000e+00  0.000000e+00  0.000000e+00  0.000000e+00
-2.313888  1.077060e-02  0.000000e+00  0.000000e+00  0.000000e+00  0.000000e+00  0.000000e+00
-2.311587  1.086925e-02  0.000000e+00  0.000000e+00  0.000000e+00  0.000000e+00  0.000000e+00
-2.309286  1.096812e-02  0.000000e+00  0.000000e+00  0.000000e+00  0.000000e+00  0.000000e+00
-2.306985  1.106732e-02  0.000000e+00  0.000000e+00  0.000000e+00  0.000000e+00  0.000000e+00
-2.304684  1.116695e-02  0.000000e+00  0.000000e+00  0.000000e+00  0.000000e+00  0.000000e+00
-2.302383  1.126713e-02  0.000000e+00  0.000000e+00  0.000000e+00  0.000000e+00  0.000000e+00
-2.300082  1.136795e-02  0.000000e+00  0.000000e+00  0.000000e+00  0.000000e+00  0.000000e+00
-2.297781  1.146953e-02  0.000000e+00  0.000000e+00  0.000000e+00  0.000000e+00  0.000000e+00
-2.295480  1.157197e-02  0.000000e+00  0.000000e+00  0.000000e+00  0.000000e+00  0.000000e+00
-2.293179  1.167539e-02  0.000000e+00  0.000000e+00  0.000000e+00  0.000000e+00  0.000000e+00
-2.290878  1.177990e-02  0.000000e+00  0.000000e+00  0.000000e+00  0.000000e+00  0.000000e+00
-2.288577  1.188561e-02  0.000000e+00  0.000000e+00  0.000000e+00  0.000000e+00  0.000000e+00
-2.286276  1.199263e-02  0.000000e+00  0.000000e+00  0.000000e+00  0.000000e+00  0.000000e+00
-2.283975  1.210108e-02  0.000000e+00  0.000000e+00  0.000000e+00  0.000000e+00  0.000000e+00
-2.281674  1.221108e-02  0.000000e+00  0.000000e+00  0.000000e+00  0.000000e+00  0.000000e+00
-2.279373  1.232273e-02  0.000000e+00  0.000000e+00  0.000000e+00  0.000000e+00  0.000000e+00
-2.277072  1.243603e-02  0.000000e+00  0.000000e+00  0.000000e+00  0.000000e+00  0.000000e+00
-2.274771  1.255089e-02  0.000000e+00  0.000000e+00  0.000000e+00  0.000000e+00  0.000000e+00
-2.272470  1.266723e-02  0.000000e+00  0.000000e+00  0.000000e+00  0.000000e+00  0.000000e+00
-2.270169  1.278495e-02  0.000000e+00  0.000000e+00  0.000000e+00  0.000000e+00  0.000000e+00
-2.267868  1.290397e-02  0.000000e+00  0.000000e+00  0.000000e+00  0.000000e+00  0.000000e+00
-2.265566  1.302420e-02  0.000000e+00  0.000000e+00  0.000000e+00  0.000000e+00  0.000000e+00
-2.263265  1.314553e-02  0.000000e+00  0.000000e+00  0.000000e+00  0.000000e+00  0.000000e+00
-2.260964  1.326789e-02  0.000000e+00  0.000000e+00  0.000000e+00  0.000000e+00  0.000000e+00
-2.258663  1.339118e-02  0.000000e+00  0.000000e+00  0.000000e+00  0.000000e+00  0.000000e+00
-2.256362  1.351530e-02  0.000000e+00  0.000000e+00  0.000000e+00  0.000000e+00  0.000000e+00
-2.254061  1.364015e-02  0.000000e+00  0.000000e+00  0.000000e+00  0.000000e+00  0.000000e+00
-2.251760  1.376565e-02  0.000000e+00  0.000000e+00  0.000000e+00  0.000000e+00  0.000000e+00
-2.249459  1.389169e-02  0.000000e+00  0.000000e+00  0.000000e+00  0.000000e+00  0.000000e+00
-2.247158  1.401817e-02  0.000000e+00  0.000000e+00  0.000000e+00  0.000000e+00  0.000000e+00
-2.244857  1.414500e-02  0.000000e+00  0.000000e+00  0.000000e+00  0.000000e+00  0.000000e+00
-2.242556  1.427206e-02  0.000000e+00  0.000000e+00  0.000000e+00  0.000000e+00  0.000000e+00
-2.240255  1.439927e-02  0.000000e+00  0.000000e+00  0.000000e+00  0.000000e+00  0.000000e+00
-2.237954  1.452652e-02  0.000000e+00  0.000000e+00  0.000000e+00  0.000000e+00  0.000000e+00
-2.235653  1.465370e-02  0.000000e+00  0.000000e+00  0.000000e+00  0.000000e+00  0.000000e+00
-2.233352  1.478071e-02  0.000000e+00  0.000000e+00  0.000000e+00  0.000000e+00  0.000000e+00
-2.231051  1.490745e-02  0.000000e+00  0.000000e+00  0.000000e+00  0.000000e+00  0.000000e+00
-2.228750  1.503399e-02  0.000000e+00  0.000000e+00  0.000000e+00  0.000000e+00  0.000000e+00
-2.226449  1.516051e-02  0.000000e+00  0.000000e+00  0.000000e+00  0.000000e+00  0.000000e+00
-2.224148  1.528720e-02  0.000000e+00  0.000000e+00  0.000000e+00  0.000000e+00  0.000000e+00
-2.221847  1.541424e-02  0.000000e+00  0.000000e+00  0.000000e+00  0.000000e+00  0.000000e+00
-2.219546  1.554181e-02  0.000000e+00  0.000000e+00  0.000000e+00  0.000000e+00  0.000000e+00
-2.217245  1.567011e-02  0.000000e+00  0.000000e+00  0.000000e+00  0.000000e+00  0.000000e+00
-2.214944  1.579934e-02  0.000000e+00  0.000000e+00  0.000000e+00  0.000000e+00  0.000000e+00
-2.212643  1.592967e-02  0.000000e+00  0.000000e+00  0.000000e+00  0.000000e+00  0.000000e+00
-2.210342  1.606132e-02  0.000000e+00  0.000000e+00  0.000000e+00  0.000000e+00  0.000000e+00
-2.208041  1.619447e-02  0.000000e+00  0.000000e+00  0.000000e+00  0.000000e+00  0.000000e+00
-2.205740  1.632934e-02  0.000000e+00  0.000000e+00  0.000000e+00  0.000000e+00  0.000000e+00
-2.203439  1.646611e-02  0.000000e+00  0.000000e+00  0.000000e+00  0.000000e+00  0.000000e+00
-2.201138  1.660500e-02  0.000000e+00  0.000000e+00  0.000000e+00  0.000000e+00  0.000000e+00
-2.198837  1.674621e-02  0.000000e+00  0.000000e+00  0.000000e+00  0.000000e+00  0.000000e+00
-2.196536  1.688995e-02  0.000000e+00  0.000000e+00  0.000000e+00  0.000000e+00  0.000000e+00
-2.194235  1.703643e-02  0.000000e+00  0.000000e+00  0.000000e+00  0.000000e+00  0.000000e+00
-2.191934  1.718586e-02  0.000000e+00  0.000000e+00  0.000000e+00  0.000000e+00  0.000000e+00
-2.189633  1.733847e-02  0.000000e+00  0.000000e+00  0.000000e+00  0.000000e+00  0.000000e+00
-2.187331  1.749446e-02  0.000000e+00  0.000000e+00  0.000000e+00  0.000000e+00  0.000000e+00
-2.185030  1.765401e-02  0.000000e+00  0.000000e+00  0.000000e+00  0.000000e+00  0.000000e+00
-2.182729  1.781726e-02  0.000000e+00  0.000000e+00  0.000000e+00  0.000000e+00  0.000000e+00
-2.180428  1.798437e-02  0.000000e+00  0.000000e+00  0.000000e+00  0.000000e+00  0.000000e+00
-2.178127  1.815548e-02  0.000000e+00  0.000000e+00  0.000000e+00  0.000000e+00  0.000000e+00
-2.175826  1.833075e-02  0.000000e+00  0.000000e+00  0.000000e+00  0.000000e+00  0.000000e+00
-2.173525  1.851034e-02  0.000000e+00  0.000000e+00  0.000000e+00  0.000000e+00  0.000000e+00
-2.171224  1.869440e-02  0.000000e+00  0.000000e+00  0.000000e+00  0.000000e+00  0.000000e+00
-2.168923  1.888310e-02  0.000000e+00  0.000000e+00  0.000000e+00  0.000000e+00  0.000000e+00
-2.166622  1.907659e-02  0.000000e+00  0.000000e+00  0.000000e+00  0.000000e+00  0.000000e+00
-2.164321  1.927504e-02  0.000000e+00  0.000000e+00  0.000000e+00  0.000000e+00  0.000000e+00
-2.162020  1.947861e-02  0.000000e+00  0.000000e+00  0.000000e+00  0.000000e+00  0.000000e+00
-2.159719  1.968746e-02  0.000000e+00  0.000000e+00  0.000000e+00  0.000000e+00  0.000000e+00
-2.157418  1.990177e-02  0.000000e+00  0.000000e+00  0.000000e+00  0.000000e+00  0.000000e+00
-2.155117  2.012171e-02  0.000000e+00  0.000000e+00  0.000000e+00  0.000000e+00  0.000000e+00
-2.152816  2.034744e-02  0.000000e+00  0.000000e+00  0.000000e+00  0.000000e+00  0.000000e+00
-2.150515  2.057914e-02  0.000000e+00  0.000000e+00  0.000000e+00  0.000000e+00  0.000000e+00
-2.148214  2.081699e-02  0.000000e+00  0.000000e+00  0.000000e+00  0.000000e+00  0.000000e+00
-2.145913  2.106117e-02  0.000000e+00  0.000000e+00  0.000000e+00  0.000000e+00  0.000000e+00
-2.143612  2.131185e-02  0.000000e+00  0.000000e+00  0.000000e+00  0.000000e+00  0.000000e+00
-2.141311  2.156922e-02  0.000000e+00  0.000000e+00  0.000000e+00  0.000000e+00  0.000000e+00
-2.139010  2.183346e-02  0.000000e+00  0.000000e+00  0.000000e+00  0.000000e+00  0.000000e+00
-2.136709  2.210475e-02  0.000000e+00  0.000000e+00  0.000000e+00  0.000000e+00  0.000000e+00
-2.134408  2.238329e-02  0.000000e+00  0.000000e+00  0.000000e+00  0.000000e+00  0.000000e+00
-2.132107  2.266926e-02  0.000000e+00  0.000000e+00  0.000000e+00  0.000000e+00  0.000000e+00
-2.129806  2.296287e-02  0.000000e+00  0.000000e+00  0.000000e+00  0.000000e+00  0.000000e+00
-2.127505  2.326429e-02  0.000000e+00  0.000000e+00  0.000000e+00  0.000000e+00  0.000000e+00
-2.125204  2.357373e-02  0.000000e+00  0.000000e+00  0.000000e+00  0.000000e+00  0.000000e+00
-2.122903  2.389139e-02  0.000000e+00  0.000000e+00  0.000000e+00  0.000000e+00  0.000000e+00
-2.120602  2.421746e-02  0.000000e+00  0.000000e+00  0.000000e+00  0.000000e+00  0.000000e+00
-2.118301  2.455216e-02  0.000000e+00  0.000000e+00  0.000000e+00  0.000000e+00  0.000000e+00
-2.116000  2.489567e-02  0.000000e+00  0.000000e+00  0.000000e+00  0.000000e+00  0.000000e+00
-2.113699  2.524790e-02  0.000000e+00  0.000000e+00  0.000000e+00  0.000000e+00  0.000000e+00
-2.111397  2.560844e-02  0.000000e+00  0.000000e+00  0.000000e+00  0.000000e+00  0.000000e+00
-2.109096  2.597689e-02  0.000000e+00  0.000000e+00  0.000000e+00  0.000000e+00  0.000000e+00
-2.106795  2.635281e-02  0.000000e+00  0.000000e+00  0.000000e+00  0.000000e+00  0.000000e+00
-2.104494  2.673579e-02  0.000000e+00  0.000000e+00  0.000000e+00  0.000000e+00  0.000000e+00
-2.102193  2.712539e-02  0.000000e+00  0.000000e+00  0.000000e+00  0.000000e+00  0.000000e+00
-2.099892  2.752119e-02  0.000000e+00  0.000000e+00  0.000000e+00  0.000000e+00  0.000000e+00
-2.097591  2.792273e-02  0.000000e+00  0.000000e+00  0.000000e+00  0.000000e+00  0.000000e+00
-2.095290  2.832959e-02  0.000000e+00  0.000000e+00  0.000000e+00  0.000000e+00  0.000000e+00
-2.092989  2.874132e-02  0.000000e+00  0.000000e+00  0.000000e+00  0.000000e+00  0.000000e+00
-2.090688  2.915745e-02  0.000000e+00  0.000000e+00  0.000000e+00  0.000000e+00  0.000000e+00
-2.088387  2.957754e-02  0.000000e+00  0.000000e+00  0.000000e+00  0.000000e+00  0.000000e+00
-2.086086  3.000111e-02  0.000000e+00  0.000000e+00  0.000000e+00  0.000000e+00  0.000000e+00
-2.083785  3.042772e-02  0.000000e+00  0.000000e+00  0.000000e+00  0.000000e+00  0.000000e+00
-2.081484  3.085687e-02  0.000000e+00  0.000000e+00  0.000000e+00  0.000000e+00  0.000000e+00
-2.079183  3.128810e-02  0.000000e+00  0.000000e+00  0.000000e+00  0.000000e+00  0.000000e+00
-2.076882  3.172092e-02  0.000000e+00  0.000000e+00  0.000000e+00  0.000000e+00  0.000000e+00
-2.074581  3.215485e-02  0.000000e+00  0.000000e+00  0.000000e+00  0.000000e+00  0.000000e+00
-2.072280  3.258939e-02  0.000000e+00  0.000000e+00  0.000000e+00  0.000000e+00  0.000000e+00
-2.069979  3.302405e-02  0.000000e+00  0.000000e+00  0.000000e+00  0.000000e+00  0.000000e+00
-2.067678  3.345831e-02  0.000000e+00  0.000000e+00  0.000000e+00  0.000000e+00  0.000000e+00
-2.065377  3.389168e-02  0.000000e+00  0.000000e+00  0.000000e+00  0.000000e+00  0.000000e+00
-2.063076  3.432391e-02  0.000000e+00  0.000000e+00  0.000000e+00  0.000000e+00  0.000000e+00
-2.060775  3.475546e-02  0.000000e+00  0.000000e+00  0.000000e+00  0.000000e+00  0.000000e+00
-2.058474  3.518687e-02  0.000000e+00  0.000000e+00  0.000000e+00  0.000000e+00  0.000000e+00
-2.056173  3.561872e-02  0.000000e+00  0.000000e+00  0.000000e+00  0.000000e+00  0.000000e+00
-2.053872  3.605156e-02  0.000000e+00  0.000000e+00  0.000000e+00  0.000000e+00  0.000000e+00
-2.051571  3.648598e-02  0.000000e+00  0.000000e+00  0.000000e+00  0.000000e+00  0.000000e+00
-2.049270  3.692255e-02  0.000000e+00  0.000000e+00  0.000000e+00  0.000000e+00  0.000000e+00
-2.046969  3.736187e-02  0.000000e+00  0.000000e+00  0.000000e+00  0.000000e+00  0.000000e+00
-2.044668  3.780451e-02  0.000000e+00  0.000000e+00  0.000000e+00  0.000000e+00  0.000000e+00
-2.042367  3.825109e-02  0.000000e+00  0.000000e+00  0.000000e+00  0.000000e+00  0.000000e+00
-2.040066  3.870221e-02  0.000000e+00  0.000000e+00  0.000000e+00  0.000000e+00  0.000000e+00
-2.037765  3.915848e-02  0.000000e+00  0.000000e+00  0.000000e+00  0.000000e+00  0.000000e+00
-2.035463  3.962051e-02  0.000000e+00  0.000000e+00  0.000000e+00  0.000000e+00  0.000000e+00
-2.033162  4.008894e-02  0.000000e+00  0.000000e+00  0.000000e+00  0.000000e+00  0.000000e+00
-2.030861  4.056439e-02  0.000000e+00  0.000000e+00  0.000000e+00  0.000000e+00  0.000000e+00
-2.028560  4.104751e-02  0.000000e+00  0.000000e+00  0.000000e+00  0.000000e+00  0.000000e+00
-2.026259  4.153893e-02  0.000000e+00  0.000000e+00  0.000000e+00  0.000000e+00  0.000000e+00
-2.023958  4.203931e-02  0.000000e+00  0.000000e+00  0.000000e+00  0.000000e+00  0.000000e+00
-2.021657  4.254932e-02  0.000000e+00  0.000000e+00  0.000000e+00  0.000000e+00  0.000000e+00
-2.019356  4.306961e-02  0.000000e+00  0.000000e+00  0.000000e+00  0.000000e+00  0.000000e+00
-2.017055  4.360086e-02  0.000000e+00  0.000000e+00  0.000000e+00  0.000000e+00  0.000000e+00
-2.014754  4.414375e-02  0.000000e+00  0.000000e+00  0.000000e+00  0.000000e+00  0.000000e+00
-2.012453  4.469897e-02  0.000000e+00  0.000000e+00  0.000000e+00  0.000000e+00  0.000000e+00
-2.010152  4.526721e-02  0.000000e+00  0.000000e+00  0.000000e+00  0.000000e+00  0.000000e+00
-2.007851  4.584918e-02  0.000000e+00  0.000000e+00  0.000000e+00  0.000000e+00  0.000000e+00
-2.005550  4.644559e-02  0.000000e+00  0.000000e+00  0.000000e+00  0.000000e+00  0.000000e+00
-2.003249  4.705717e-02  0.000000e+00  0.000000e+00  0.000000e+00  0.000000e+00  0.000000e+00
-2.000948  4.768462e-02  0.000000e+00  0.000000e+00  0.000000e+00  0.000000e+00  0.000000e+00
-1.998647  4.832870e-02  0.000000e+00  0.000000e+00  0.000000e+00  0.000000e+00  0.000000e+00
-1.996346  4.899015e-02  0.000000e+00  0.000000e+00  0.000000e+00  0.000000e+00  0.000000e+00
-1.994045  4.966970e-02  0.000000e+00  0.000000e+00  0.000000e+00  0.000000e+00  0.000000e+00
-1.991744  5.036813e-02  0.000000e+00  0.000000e+00  0.000000e+00  0.000000e+00  0.000000e+00
-1.989443  5.108564e-02  0.000000e+00  0.000000e+00  0.000000e+00  0.000000e+00  0.000000e+00
-1.987142  5.182179e-02  0.000000e+00  0.000000e+00  0.000000e+00  0.000000e+00  0.000000e+00
-1.984841  5.257606e-02  0.000000e+00  0.000000e+00  0.000000e+00  0.000000e+00  0.000000e+00
-1.982540  5.334791e-02  0.000000e+00  0.000000e+00  0.000000e+00  0.000000e+00  0.000000e+00
-1.980239  5.413683e-02  0.000000e+00  0.000000e+00  0.000000e+00  0.000000e+00  0.000000e+00
-1.977938  5.494227e-02  0.000000e+00  0.000000e+00  0.000000e+00  0.000000e+00  0.000000e+00
-1.975637  5.576369e-02  0.000000e+00  0.000000e+00  0.000000e+00  0.000000e+00  0.000000e+00
-1.973336  5.660056e-02  0.000000e+00  0.000000e+00  0.000000e+00  0.000000e+00  0.000000e+00
-1.971035  5.745232e-02  0.000000e+00  0.000000e+00  0.000000e+00  0.000000e+00  0.000000e+00
-1.968734  5.831841e-02  0.000000e+00  0.000000e+00  0.000000e+00  0.000000e+00  0.000000e+00
-1.966433  5.919826e-02  0.000000e+00  0.000000e+00  0.000000e+00  0.000000e+00  0.000000e+00
-1.964132  6.009132e-02  0.000000e+00  0.000000e+00  0.000000e+00  0.000000e+00  0.000000e+00
-1.961831  6.099701e-02  0.000000e+00  0.000000e+00  0.000000e+00  0.000000e+00  0.000000e+00
-1.959530  6.191474e-02  0.000000e+00  0.000000e+00  0.000000e+00  0.000000e+00  0.000000e+00
-1.957228  6.284393e-02  0.000000e+00  0.000000e+00  0.000000e+00  0.000000e+00  0.000000e+00
-1.954927  6.378399e-02  0.000000e+00  0.000000e+00  0.000000e+00  0.000000e+00  0.000000e+00
-1.952626  6.473431e-02  0.000000e+00  0.000000e+00  0.000000e+00  0.000000e+00  0.000000e+00
-1.950325  6.569430e-02  0.000000e+00  0.000000e+00  0.000000e+00  0.000000e+00  0.000000e+00
-1.948024  6.666333e-02  0.000000e+00  0.000000e+00  0.000000e+00  0.000000e+00  0.000000e+00
-1.945723  6.764080e-02  0.000000e+00  0.000000e+00  0.000000e+00  0.000000e+00  0.000000e+00
-1.943422  6.862607e-02  0.000000e+00  0.000000e+00  0.000000e+00  0.000000e+00  0.000000e+00
-1.941121  6.961851e-02  0.000000e+00  0.000000e+00  0.000000e+00  0.000000e+00  0.000000e+00
-1.938820  7.061749e-02  0.000000e+00  0.000000e+00  0.000000e+00  0.000000e+00  0.000000e+00
-1.936519  7.162236e-02  0.000000e+00  0.000000e+00  0.000000e+00  0.000000e+00  0.000000e+00
-1.934218  7.263247e-02  0.000000e+00  0.000000e+00  0.000000e+00  0.000000e+00  0.000000e+00
-1.931917  7.364715e-02  0.000000e+00  0.000000e+00  0.000000e+00  0.000000e+00  0.000000e+00
-1.929616  7.466574e-02  0.000000e+00  0.000000e+00  0.000000e+00  0.000000e+00  0.000000e+00
-1.927315  7.568757e-02  0.000000e+00  0.000000e+00  0.000000e+00  0.000000e+00  0.000000e+00
-1.925014  7.671237e-02  0.000000e+00  0.000000e+00  0.000000e+00  0.000000e+00  0.000000e+00
-1.922713  7.774112e-02  0.000000e+00  0.000000e+00  0.000000e+00  0.000000e+00  0.000000e+00
-1.920412  7.877503e-02  0.000000e+00  0.000000e+00  0.000000e+00  0.000000e+00  0.000000e+00
-1.918111  7.981533e-02  0.000000e+00  0.000000e+00  0.000000e+00  0.000000e+00  0.000000e+00
-1.915810  8.086325e-02  0.000000e+00  0.000000e+00  0.000000e+00  0.000000e+00  0.000000e+00
-1.913509  8.192005e-02  0.000000e+00  0.000000e+00  0.000000e+00  0.000000e+00  0.000000e+00
-1.911208  8.298699e-02  0.000000e+00  0.000000e+00  0.000000e+00  0.000000e+00  0.000000e+00
-1.908907  8.406536e-02  0.000000e+00  0.000000e+00  0.000000e+00  0.000000e+00  0.000000e+00
-1.906606  8.515644e-02  0.000000e+00  0.000000e+00  0.000000e+00  0.000000e+00  0.000000e+00
-1.904305  8.626155e-02  0.000000e+00  0.000000e+00  0.000000e+00  0.000000e+00  0.000000e+00
-1.902004  8.738200e-02  0.000000e+00  0.000000e+00  0.000000e+00  0.000000e+00  0.000000e+00
-1.899703  8.851913e-02  0.000000e+00  0.000000e+00  0.000000e+00  0.000000e+00  0.000000e+00
-1.897402  8.967428e-02  0.000000e+00  0.000000e+00  0.000000e+00  0.000000e+00  0.000000e+00
-1.895101  9.084882e-02  0.000000e+00  0.000000e+00  0.000000e+00  0.000000e+00  0.000000e+00
-1.892800  9.204414e-02  0.000000e+00  0.000000e+00  0.000000e+00  0.000000e+00  0.000000e+00
-1.890499  9.326161e-02  0.000000e+00  0.000000e+00  0.000000e+00  0.000000e+00  0.000000e+00
-1.888198  9.450266e-02  0.000000e+00  0.000000e+00  0.000000e+00  0.000000e+00  0.000000e+00
-1.885897  9.576870e-02  0.000000e+00  0.000000e+00  0.000000e+00  0.000000e+00  0.000000e+00
-1.883596  9.706117e-02  0.000000e+00  0.000000e+00  0.000000e+00  0.000000e+00  0.000000e+00
-1.881294  9.838153e-02  0.000000e+00  0.000000e+00  0.000000e+00  0.000000e+00  0.000000e+00
-1.878993  9.973125e-02  0.000000e+00  0.000000e+00  0.000000e+00  0.000000e+00  0.000000e+00
-1.876692  1.011118e-01  0.000000e+00  0.000000e+00  0.000000e+00  0.000000e+00  0.000000e+00
-1.874391  1.025247e-01  0.000000e+00  0.000000e+00  0.000000e+00  0.000000e+00  0.000000e+00
-1.872090  1.039715e-01  0.000000e+00  0.000000e+00  0.000000e+00  0.000000e+00  0.000000e+00
-1.869789  1.054537e-01  0.000000e+00  0.000000e+00  0.000000e+00  0.000000e+00  0.000000e+00
-1.867488  1.069728e-01  0.000000e+00  0.000000e+00  0.000000e+00  0.000000e+00  0.000000e+00
-1.865187  1.085286e-01  0.000000e+00  0.000000e+00  0.000000e+00  0.000000e+00  0.000000e+00
-1.862886  1.101198e-01  0.000000e+00  0.000000e+00  0.000000e+00  0.000000e+00  0.000000e+00
-1.860585  1.117448e-01  0.000000e+00  0.000000e+00  0.000000e+00  0.000000e+00  0.000000e+00
-1.858284  1.134021e-01  0.000000e+00  0.000000e+00  0.000000e+00  0.000000e+00  0.000000e+00
-1.855983  1.150901e-01  0.000000e+00  0.000000e+00  0.000000e+00  0.000000e+00  0.000000e+00
-1.853682  1.168072e-01  0.000000e+00  0.000000e+00  0.000000e+00  0.000000e+00  0.000000e+00
-1.851381  1.185520e-01  0.000000e+00  0.000000e+00  0.000000e+00  0.000000e+00  0.000000e+00
-1.849080  1.203226e-01  0.000000e+00  0.000000e+00  0.000000e+00  0.000000e+00  0.000000e+00
-1.846779  1.221177e-01  0.000000e+00  0.000000e+00  0.000000e+00  0.000000e+00  0.000000e+00
-1.844478  1.239354e-01  0.000000e+00  0.000000e+00  0.000000e+00  0.000000e+00  0.000000e+00
-1.842177  1.257742e-01  0.000000e+00  0.000000e+00  0.000000e+00  0.000000e+00  0.000000e+00
-1.839876  1.276323e-01  0.000000e+00  0.000000e+00  0.000000e+00  0.000000e+00  0.000000e+00
-1.837575  1.295082e-01  0.000000e+00  0.000000e+00  0.000000e+00  0.000000e+00  0.000000e+00
-1.835274  1.314000e-01  0.000000e+00  0.000000e+00  0.000000e+00  0.000000e+00  0.000000e+00
-1.832973  1.333061e-01  0.000000e+00  0.000000e+00  0.000000e+00  0.000000e+00  0.000000e+00
-1.830672  1.352247e-01  0.000000e+00  0.000000e+00  0.000000e+00  0.000000e+00  0.000000e+00
-1.828371  1.371540e-01  0.000000e+00  0.000000e+00  0.000000e+00  0.000000e+00  0.000000e+00
-1.826070  1.390928e-01  0.000000e+00  0.000000e+00  0.000000e+00  0.000000e+00  0.000000e+00
-1.823769  1.410408e-01  0.000000e+00  0.000000e+00  0.000000e+00  0.000000e+00  0.000000e+00
-1.821468  1.429979e-01  0.000000e+00  0.000000e+00  0.000000e+00  0.000000e+00  0.000000e+00
-1.819167  1.449639e-01  0.000000e+00  0.000000e+00  0.000000e+00  0.000000e+00  0.000000e+00
-1.816866  1.469387e-01  0.000000e+00  0.000000e+00  0.000000e+00  0.000000e+00  0.000000e+00
-1.814565  1.489223e-01  0.000000e+00  0.000000e+00  0.000000e+00  0.000000e+00  0.000000e+00
-1.812264  1.509143e-01  0.000000e+00  0.000000e+00  0.000000e+00  0.000000e+00  0.000000e+00
-1.809963  1.529149e-01  0.000000e+00  0.000000e+00  0.000000e+00  0.000000e+00  0.000000e+00
-1.807662  1.549237e-01  0.000000e+00  0.000000e+00  0.000000e+00  0.000000e+00  0.000000e+00
-1.805360  1.569406e-01  0.000000e+00  0.000000e+00  0.000000e+00  0.000000e+00  0.000000e+00
-1.803059  1.589656e-01  0.000000e+00  0.000000e+00  0.000000e+00  0.000000e+00  0.000000e+00
-1.800758  1.609985e-01  0.000000e+00  0.000000e+00  0.000000e+00  0.000000e+00  0.000000e+00
-1.798457  1.630391e-01  0.000000e+00  0.000000e+00  0.000000e+00  0.000000e+00  0.000000e+00
-1.796156  1.650873e-01  0.000000e+00  0.000000e+00  0.000000e+00  0.000000e+00  0.000000e+00
-1.793855  1.671430e-01  0.000000e+00  0.000000e+00  0.000000e+00  0.000000e+00  0.000000e+00
-1.791554  1.692059e-01  0.000000e+00  0.000000e+00  0.000000e+00  0.000000e+00  0.000000e+00
-1.789253  1.712761e-01  0.000000e+00  0.000000e+00  0.000000e+00  0.000000e+00  0.000000e+00
-1.786952  1.733532e-01  0.000000e+00  0.000000e+00  0.000000e+00  0.000000e+00  0.000000e+00
-1.784651  1.754372e-01  0.000000e+00  0.000000e+00  0.000000e+00  0.000000e+00  0.000000e+00
-1.782350  1.775279e-01  0.000000e+00  0.000000e+00  0.000000e+00  0.000000e+00  0.000000e+00
-1.780049  1.796252e-01  0.000000e+00  0.000000e+00  0.000000e+00  0.000000e+00  0.000000e+00
-1.777748  1.817290e-01  0.000000e+00  0.000000e+00  0.000000e+00  0.000000e+00  0.000000e+00
-1.775447  1.838404e-01  0.000000e+00  0.000000e+00  0.000000e+00  0.000000e+00  0.000000e+00
-1.773146  1.859611e-01  0.000000e+00  0.000000e+00  0.000000e+00  0.000000e+00  0.000000e+00
-1.770845  1.880926e-01  0.000000e+00  0.000000e+00  0.000000e+00  0.000000e+00  0.000000e+00
-1.768544  1.902366e-01  0.000000e+00  0.000000e+00  0.000000e+00  0.000000e+00  0.000000e+00
-1.766243  1.923948e-01  0.000000e+00  0.000000e+00  0.000000e+00  0.000000e+00  0.000000e+00
-1.763942  1.945688e-01  0.000000e+00  0.000000e+00  0.000000e+00  0.000000e+00  0.000000e+00
-1.761641  1.967603e-01  0.000000e+00  0.000000e+00  0.000000e+00  0.000000e+00  0.000000e+00
-1.759340  1.989710e-01  0.000000e+00  0.000000e+00  0.000000e+00  0.000000e+00  0.000000e+00
-1.757039  2.012028e-01  0.000000e+00  0.000000e+00  0.000000e+00  0.000000e+00  0.000000e+00
-1.754738  2.034572e-01  0.000000e+00  0.000000e+00  0.000000e+00  0.000000e+00  0.000000e+00
-1.752437  2.057361e-01  0.000000e+00  0.000000e+00  0.000000e+00  0.000000e+00  0.000000e+00
-1.750136  2.080413e-01  0.000000e+00  0.000000e+00  0.000000e+00  0.000000e+00  0.000000e+00
-1.747835  2.103745e-01  0.000000e+00  0.000000e+00  0.000000e+00  0.000000e+00  0.000000e+00
-1.745534  2.127376e-01  0.000000e+00  0.000000e+00  0.000000e+00  0.000000e+00  0.000000e+00
-1.743233  2.151325e-01  0.000000e+00  0.000000e+00  0.000000e+00  0.000000e+00  0.000000e+00
-1.740932  2.175610e-01  0.000000e+00  0.000000e+00  0.000000e+00  0.000000e+00  0.000000e+00
-1.738631  2.200249e-01  0.000000e+00  0.000000e+00  0.000000e+00  0.000000e+00  0.000000e+00
-1.736330  2.225262e-01  0.000000e+00  0.000000e+00  0.000000e+00  0.000000e+00  0.000000e+00
-1.734029  2.250668e-01  0.000000e+00  0.000000e+00  0.000000e+00  0.000000e+00  0.000000e+00
-1.731728  2.276487e-01  0.000000e+00  0.000000e+00  0.000000e+00  0.000000e+00  0.000000e+00
-1.729427  2.302737e-01  0.000000e+00  0.000000e+00  0.000000e+00  0.000000e+00  0.000000e+00
-1.727125  2.329440e-01  0.000000e+00  0.000000e+00  0.000000e+00  0.000000e+00  0.000000e+00
-1.724824  2.356614e-01  0.000000e+00  0.000000e+00  0.000000e+00  0.000000e+00  0.000000e+00
-1.722523  2.384265e-01  0.000000e+00  0.000000e+00  0.000000e+00  0.000000e+00  0.000000e+00
-1.720222  2.412374e-01  0.000000e+00  0.000000e+00  0.000000e+00  0.000000e+00  0.000000e+00
-1.717921  2.440924e-01  0.000000e+00  0.000000e+00  0.000000e+00  0.000000e+00  0.000000e+00
-1.715620  2.469896e-01  0.000000e+00  0.000000e+00  0.000000e+00  0.000000e+00  0.000000e+00
-1.713319  2.499272e-01  0.000000e+00  0.000000e+00  0.000000e+00  0.000000e+00  0.000000e+00
-1.711018  2.529033e-01  0.000000e+00  0.000000e+00  0.000000e+00  0.000000e+00  0.000000e+00
-1.708717  2.559159e-01  0.000000e+00  0.000000e+00  0.000000e+00  0.000000e+00  0.000000e+00
-1.706416  2.589632e-01  0.000000e+00  0.000000e+00  0.000000e+00  0.000000e+00  0.000000e+00
-1.704115  2.620432e-01  0.000000e+00  0.000000e+00  0.000000e+00  0.000000e+00  0.000000e+00
-1.701814  2.651540e-01  0.000000e+00  0.000000e+00  0.000000e+00  0.000000e+00  0.000000e+00
-1.699513  2.682935e-01  0.000000e+00  0.000000e+00  0.000000e+00  0.000000e+00  0.000000e+00
-1.697212  2.714598e-01  0.000000e+00  0.000000e+00  0.000000e+00  0.000000e+00  0.000000e+00
-1.694911  2.746507e-01  0.000000e+00  0.000000e+00  0.000000e+00  0.000000e+00  0.000000e+00
-1.692610  2.778644e-01  0.000000e+00  0.000000e+00  0.000000e+00  0.000000e+00  0.000000e+00
-1.690309  2.810986e-01  0.000000e+00  0.000000e+00  0.000000e+00  0.000000e+00  0.000000e+00
-1.688008  2.843518e-01  0.000000e+00  0.000000e+00  0.000000e+00  0.000000e+00  0.000000e+00
-1.685707  2.876232e-01  0.000000e+00  0.000000e+00  0.000000e+00  0.000000e+00  0.000000e+00
-1.683406  2.909121e-01  0.000000e+00  0.000000e+00  0.000000e+00  0.000000e+00  0.000000e+00
-1.681105  2.942181e-01  0.000000e+00  0.000000e+00  0.000000e+00  0.000000e+00  0.000000e+00
-1.678804  2.975404e-01  0.000000e+00  0.000000e+00  0.000000e+00  0.000000e+00  0.000000e+00
-1.676503  3.008784e-01  0.000000e+00  0.000000e+00  0.000000e+00  0.000000e+00  0.000000e+00
-1.674202  3.042316e-01  0.000000e+00  0.000000e+00  0.000000e+00  0.000000e+00  0.000000e+00
-1.671901  3.075991e-01  0.000000e+00  0.000000e+00  0.000000e+00  0.000000e+00  0.000000e+00
-1.669600  3.109805e-01  0.000000e+00  0.000000e+00  0.000000e+00  0.000000e+00  0.000000e+00
-1.667299  3.143750e-01  0.000000e+00  0.000000e+00  0.000000e+00  0.000000e+00  0.000000e+00
-1.664998  3.177819e-01  0.000000e+00  0.000000e+00  0.000000e+00  0.000000e+00  0.000000e+00
-1.662697  3.212007e-01  0.000000e+00  0.000000e+00  0.000000e+00  0.000000e+00  0.000000e+00
-1.660396  3.246305e-01  0.000000e+00  0.000000e+00  0.000000e+00  0.000000e+00  0.000000e+00
-1.658095  3.280707e-01  0.000000e+00  0.000000e+00  0.000000e+00  0.000000e+00  0.000000e+00
-1.655794  3.315207e-01  0.000000e+00  0.000000e+00  0.000000e+00  0.000000e+00  0.000000e+00
-1.653493  3.349796e-01  0.000000e+00  0.000000e+00  0.000000e+00  0.000000e+00  0.000000e+00
-1.651191  3.384469e-01  0.000000e+00  0.000000e+00  0.000000e+00  0.000000e+00  0.000000e+00
-1.648890  3.419217e-01  0.000000e+00  0.000000e+00  0.000000e+00  0.000000e+00  0.000000e+00
-1.646589  3.454033e-01  0.000000e+00  0.000000e+00  0.000000e+00  0.000000e+00  0.000000e+00
-1.644288  3.488910e-01  0.000000e+00  0.000000e+00  0.000000e+00  0.000000e+00  0.000000e+00
-1.641987  3.523840e-01  0.000000e+00  0.000000e+00  0.000000e+00  0.000000e+00  0.000000e+00
-1.639686  3.558816e-01  0.000000e+00  0.000000e+00  0.000000e+00  0.000000e+00  0.000000e+00
-1.637385  3.593831e-01  0.000000e+00  0.000000e+00  0.000000e+00  0.000000e+00  0.000000e+00
-1.635084  3.628875e-01  0.000000e+00  0.000000e+00  0.000000e+00  0.000000e+00  0.000000e+00
-1.632783  3.663944e-01  0.000000e+00  0.000000e+00  0.000000e+00  0.000000e+00  0.000000e+00
-1.630482  3.699042e-01  0.000000e+00  0.000000e+00  0.000000e+00  0.000000e+00  0.000000e+00
-1.628181  3.734183e-01  0.000000e+00  0.000000e+00  0.000000e+00  0.000000e+00  0.000000e+00
-1.625880  3.769375e-01  0.000000e+00  0.000000e+00  0.000000e+00  0.000000e+00  0.000000e+00
-1.623579  3.804632e-01  0.000000e+00  0.000000e+00  0.000000e+00  0.000000e+00  0.000000e+00
-1.621278  3.839964e-01  0.000000e+00  0.000000e+00  0.000000e+00  0.000000e+00  0.000000e+00
-1.618977  3.875382e-01  0.000000e+00  0.000000e+00  0.000000e+00  0.000000e+00  0.000000e+00
-1.616676  3.910899e-01  0.000000e+00  0.000000e+00  0.000000e+00  0.000000e+00  0.000000e+00
-1.614375  3.946526e-01  0.000000e+00  0.000000e+00  0.000000e+00  0.000000e+00  0.000000e+00
-1.612074  3.982275e-01  0.000000e+00  0.000000e+00  0.000000e+00  0.000000e+00  0.000000e+00
-1.609773  4.018158e-01  0.000000e+00  0.000000e+00  0.000000e+00  0.000000e+00  0.000000e+00
-1.607472  4.054187e-01  0.000000e+00  0.000000e+00  0.000000e+00  0.000000e+00  0.000000e+00
-1.605171  4.090372e-01  0.000000e+00  0.000000e+00  0.000000e+00  0.000000e+00  0.000000e+00
-1.602870  4.126711e-01  0.000000e+00  0.000000e+00  0.000000e+00  0.000000e+00  0.000000e+00
-1.600569  4.163200e-01  0.000000e+00  0.000000e+00  0.000000e+00  0.000000e+00  0.000000e+00
-1.598268  4.199833e-01  0.000000e+00  0.000000e+00  0.000000e+00  0.000000e+00  0.000000e+00
-1.595967  4.236607e-01  0.000000e+00  0.000000e+00  0.000000e+00  0.000000e+00  0.000000e+00
-1.593666  4.273515e-01  0.000000e+00  0.000000e+00  0.000000e+00  0.000000e+00  0.000000e+00
-1.591365  4.310552e-01  0.000000e+00  0.000000e+00  0.000000e+00  0.000000e+00  0.000000e+00
-1.589064  4.347715e-01  0.000000e+00  0.000000e+00  0.000000e+00  0.000000e+00  0.000000e+00
-1.586763  4.384996e-01  0.000000e+00  0.000000e+00  0.000000e+00  0.000000e+00  0.000000e+00
-1.584462  4.422392e-01  0.000000e+00  0.000000e+00  0.000000e+00  0.000000e+00  0.000000e+00
-1.582161  4.459896e-01  0.000000e+00  0.000000e+00  0.000000e+00  0.000000e+00  0.000000e+00
-1.579860  4.497504e-01  0.000000e+00  0.000000e+00  0.000000e+00  0.000000e+00  0.000000e+00
-1.577559  4.535210e-01  0.000000e+00  0.000000e+00  0.000000e+00  0.000000e+00  0.000000e+00
-1.575257  4.573008e-01  0.000000e+00  0.000000e+00  0.000000e+00  0.000000e+00  0.000000e+00
-1.572956  4.610893e-01  0.000000e+00  0.000000e+00  0.000000e+00  0.000000e+00  0.000000e+00
-1.570655  4.648860e-01  0.000000e+00  0.000000e+00  0.000000e+00  0.000000e+00  0.000000e+00
-1.568354  4.686960e-01  0.000000e+00  0.000000e+00  0.000000e+00  0.000000e+00  0.000000e+00
-1.566053  4.725316e-01  0.000000e+00  0.000000e+00  0.000000e+00  0.000000e+00  0.000000e+00
-1.563752  4.764062e-01  0.000000e+00  0.000000e+00  0.000000e+00  0.000000e+00  0.000000e+00
-1.561451  4.803331e-01  0.000000e+00  0.000000e+00  0.000000e+00  0.000000e+00  0.000000e+00
-1.559150  4.843257e-01  0.000000e+00  0.000000e+00  0.000000e+00  0.000000e+00  0.000000e+00
-1.556849  4.883978e-01  0.000000e+00  0.000000e+00  0.000000e+00  0.000000e+00  0.000000e+00
-1.554548  4.925630e-01  0.000000e+00  0.000000e+00  0.000000e+00  0.000000e+00  0.000000e+00
-1.552247  4.968354e-01  0.000000e+00  0.000000e+00  0.000000e+00  0.000000e+00  0.000000e+00
-1.549946  5.012289e-01  0.000000e+00  0.000000e+00  0.000000e+00  0.000000e+00  0.000000e+00
-1.547645  5.057579e-01  0.000000e+00  0.000000e+00  0.000000e+00  0.000000e+00  0.000000e+00
-1.545344  5.104367e-01  0.000000e+00  0.000000e+00  0.000000e+00  0.000000e+00  0.000000e+00
-1.543043  5.152799e-01  0.000000e+00  0.000000e+00  0.000000e+00  0.000000e+00  0.000000e+00
-1.540742  5.203021e-01  0.000000e+00  0.000000e+00  0.000000e+00  0.000000e+00  0.000000e+00
-1.538441  5.255182e-01  0.000000e+00  0.000000e+00  0.000000e+00  0.000000e+00  0.000000e+00
-1.536140  5.309433e-01  0.000000e+00  0.000000e+00  0.000000e+00  0.000000e+00  0.000000e+00
-1.533839  5.365836e-01  0.000000e+00  0.000000e+00  0.000000e+00  0.000000e+00  0.000000e+00
-1.531538  5.424191e-01  0.000000e+00  0.000000e+00  0.000000e+00  0.000000e+00  0.000000e+00
-1.529237  5.484246e-01  0.000000e+00  0.000000e+00  0.000000e+00  0.000000e+00  0.000000e+00
-1.526936  5.545747e-01  0.000000e+00  0.000000e+00  0.000000e+00  0.000000e+00  0.000000e+00
-1.524635  5.608437e-01  0.000000e+00  0.000000e+00  0.000000e+00  0.000000e+00  0.000000e+00
-1.522334  5.672055e-01  0.000000e+00  0.000000e+00  0.000000e+00  0.000000e+00  0.000000e+00
-1.520033  5.736339e-01  0.000000e+00  0.000000e+00  0.000000e+00  0.000000e+00  0.000000e+00
-1.517732  5.801025e-01  0.000000e+00  0.000000e+00  0.000000e+00  0.000000e+00  0.000000e+00
-1.515431  5.865843e-01  0.000000e+00  0.000000e+00  0.000000e+00  0.000000e+00  0.000000e+00
-1.513130  5.930523e-01  0.000000e+00  0.000000e+00  0.000000e+00  0.000000e+00  0.000000e+00
-1.510829  5.994790e-01  0.000000e+00  0.000000e+00  0.000000e+00  0.000000e+00  0.000000e+00
-1.508528  6.058368e-01  0.000000e+00  0.000000e+00  0.000000e+00  0.000000e+00  0.000000e+00
-1.506227  6.120977e-01  0.000000e+00  0.000000e+00  0.000000e+00  0.000000e+00  0.000000e+00
-1.503926  6.182386e-01  0.000000e+00  0.000000e+00  0.000000e+00  0.000000e+00  0.000000e+00
-1.501625  6.242746e-01  0.000000e+00  0.000000e+00  0.000000e+00  0.000000e+00  0.000000e+00
-1.499324  6.302390e-01  0.000000e+00  0.000000e+00  0.000000e+00  0.000000e+00  0.000000e+00
-1.497022  6.361651e-01  0.000000e+00  0.000000e+00  0.000000e+00  0.000000e+00  0.000000e+00
-1.494721  6.420870e-01  0.000000e+00  0.000000e+00  0.000000e+00  0.000000e+00  0.000000e+00
-1.492420  6.480387e-01  0.000000e+00  0.000000e+00  0.000000e+00  0.000000e+00  0.000000e+00
-1.490119  6.540550e-01  0.000000e+00  0.000000e+00  0.000000e+00  0.000000e+00  0.000000e+00
-1.487818  6.601707e-01  0.000000e+00  0.000000e+00  0.000000e+00  0.000000e+00  0.000000e+00
-1.485517  6.664213e-01  0.000000e+00  0.000000e+00  0.000000e+00  0.000000e+00  0.000000e+00
-1.483216  6.728423e-01  0.000000e+00  0.000000e+00  0.000000e+00  0.000000e+00  0.000000e+00
-1.480915  6.794700e-01  0.000000e+00  0.000000e+00  0.000000e+00  0.000000e+00  0.000000e+00
-1.478614  6.863407e-01  0.000000e+00  0.000000e+00  0.000000e+00  0.000000e+00  0.000000e+00
-1.476313  6.934773e-01  0.000000e+00  0.000000e+00  0.000000e+00  0.000000e+00  0.000000e+00
-1.474012  7.008660e-01  0.000000e+00  0.000000e+00  0.000000e+00  0.000000e+00  0.000000e+00
-1.471711  7.084869e-01  0.000000e+00  0.000000e+00  0.000000e+00  0.000000e+00  0.000000e+00
-1.469410  7.163198e-01  0.000000e+00  0.000000e+00  0.000000e+00  0.000000e+00  0.000000e+00
-1.467109  7.243446e-01  0.000000e+00  0.000000e+00  0.000000e+00  0.000000e+00  0.000000e+00
-1.464808  7.325406e-01  0.000000e+00  0.000000e+00  0.000000e+00  0.000000e+00  0.000000e+00
-1.462507  7.408872e-01  0.000000e+00  0.000000e+00  0.000000e+00  0.000000e+00  0.000000e+00
-1.460206  7.493634e-01  0.000000e+00  0.000000e+00  0.000000e+00  0.000000e+00  0.000000e+00
-1.457905  7.579479e-01  0.000000e+00  0.000000e+00  0.000000e+00  0.000000e+00  0.000000e+00
-1.455604  7.666195e-01  0.000000e+00  0.000000e+00  0.000000e+00  0.000000e+00  0.000000e+00
-1.453303  7.753565e-01  0.000000e+00  0.000000e+00  0.000000e+00  0.000000e+00  0.000000e+00
-1.451002  7.841370e-01  0.000000e+00  0.000000e+00  0.000000e+00  0.000000e+00  0.000000e+00
-1.448701  7.929389e-01  0.000000e+00  0.000000e+00  0.000000e+00  0.000000e+00  0.000000e+00
-1.446400  8.017436e-01  0.000000e+00  0.000000e+00  0.000000e+00  0.000000e+00  0.000000e+00
-1.444099  8.105476e-01  0.000000e+00  0.000000e+00  0.000000e+00  0.000000e+00  0.000000e+00
-1.441798  8.193517e-01  0.000000e+00  0.000000e+00  0.000000e+00  0.000000e+00  0.000000e+00
-1.439497  8.281566e-01  0.000000e+00  0.000000e+00  0.000000e+00  0.000000e+00  0.000000e+00
-1.437196  8.369631e-01  0.000000e+00  0.000000e+00  0.000000e+00  0.000000e+00  0.000000e+00
-1.434895  8.457718e-01  0.000000e+00  0.000000e+00  0.000000e+00  0.000000e+00  0.000000e+00
-1.432594  8.545836e-01  0.000000e+00  0.000000e+00  0.000000e+00  0.000000e+00  0.000000e+00
-1.430293  8.633993e-01  0.000000e+00  0.000000e+00  0.000000e+00  0.000000e+00  0.000000e+00
-1.427992  8.722195e-01  0.000000e+00  0.000000e+00  0.000000e+00  0.000000e+00  0.000000e+00
-1.425691  8.810450e-01  0.000000e+00  0.000000e+00  0.000000e+00  0.000000e+00  0.000000e+00
-1.423390  8.898767e-01  0.000000e+00  0.000000e+00  0.000000e+00  0.000000e+00  0.000000e+00
-1.421088  8.987152e-01  0.000000e+00  0.000000e+00  0.000000e+00  0.000000e+00  0.000000e+00
-1.418787  9.075615e-01  0.000000e+00  0.000000e+00  0.000000e+00  0.000000e+00  0.000000e+00
-1.416486  9.164162e-01  0.000000e+00  0.000000e+00  0.000000e+00  0.000000e+00  0.000000e+00
-1.414185  9.252802e-01  0.000000e+00  0.000000e+00  0.000000e+00  0.000000e+00  0.000000e+00
-1.411884  9.341543e-01  0.000000e+00  0.000000e+00  0.000000e+00  0.000000e+00  0.000000e+00
-1.409583  9.430393e-01  0.000000e+00  0.000000e+00  0.000000e+00  0.000000e+00  0.000000e+00
-1.407282  9.519359e-01  0.000000e+00  0.000000e+00  0.000000e+00  0.000000e+00  0.000000e+00
-1.404981  9.608452e-01  0.000000e+00  0.000000e+00  0.000000e+00  0.000000e+00  0.000000e+00
-1.402680  9.697678e-01  0.000000e+00  0.000000e+00  0.000000e+00  0.000000e+00  0.000000e+00
-1.400379  9.787089e-01  0.000000e+00  0.000000e+00  0.000000e+00  0.000000e+00  0.000000e+00
-1.398078  9.876800e-01  0.000000e+00  0.000000e+00  0.000000e+00  0.000000e+00  0.000000e+00
-1.395777  9.966934e-01  0.000000e+00  0.000000e+00  0.000000e+00  0.000000e+00  0.000000e+00
-1.393476  1.005761e+00  0.000000e+00  0.000000e+00  0.000000e+00  0.000000e+00  0.000000e+00
-1.391175  1.014897e+00  0.000000e+00  0.000000e+00  0.000000e+00  0.000000e+00  0.000000e+00
-1.388874  1.024112e+00  0.000000e+00  0.000000e+00  0.000000e+00  0.000000e+00  0.000000e+00
-1.386573  1.033420e+00  0.000000e+00  0.000000e+00  0.000000e+00  0.000000e+00  0.000000e+00
-1.384272  1.042834e+00  0.000000e+00  0.000000e+00  0.000000e+00  0.000000e+00  0.000000e+00
-1.381971  1.052366e+00  0.000000e+00  0.000000e+00  0.000000e+00  0.000000e+00  0.000000e+00
-1.379670  1.062031e+00  0.000000e+00  0.000000e+00  0.000000e+00  0.000000e+00  0.000000e+00
-1.377369  1.071840e+00  0.000000e+00  0.000000e+00  0.000000e+00  0.000000e+00  0.000000e+00
-1.375068  1.081809e+00  0.000000e+00  0.000000e+00  0.000000e+00  0.000000e+00  0.000000e+00
-1.372767  1.091950e+00  0.000000e+00  0.000000e+00  0.000000e+00  0.000000e+00  0.000000e+00
-1.370466  1.102277e+00  0.000000e+00  0.000000e+00  0.000000e+00  0.000000e+00  0.000000e+00
-1.368165  1.112805e+00  0.000000e+00  0.000000e+00  0.000000e+00  0.000000e+00  0.000000e+00
-1.365864  1.123546e+00  0.000000e+00  0.000000e+00  0.000000e+00  0.000000e+00  0.000000e+00
-1.363563  1.134517e+00  0.000000e+00  0.000000e+00  0.000000e+00  0.000000e+00  0.000000e+00
-1.361262  1.145730e+00  0.000000e+00  0.000000e+00  0.000000e+00  0.000000e+00  0.000000e+00
-1.358961  1.157201e+00  0.000000e+00  0.000000e+00  0.000000e+00  0.000000e+00  0.000000e+00
-1.356660  1.168944e+00  0.000000e+00  0.000000e+00  0.000000e+00  0.000000e+00  0.000000e+00
-1.354359  1.180974e+00  0.000000e+00  0.000000e+00  0.000000e+00  0.000000e+00  0.000000e+00
-1.352058  1.193307e+00  0.000000e+00  0.000000e+00  0.000000e+00  0.000000e+00  0.000000e+00
-1.349757  1.205957e+00  0.000000e+00  0.000000e+00  0.000000e+00  0.000000e+00  0.000000e+00
-1.347456  1.218935e+00  0.000000e+00  0.000000e+00  0.000000e+00  0.000000e+00  0.000000e+00
-1.345154  1.232231e+00  0.000000e+00  0.000000e+00  0.000000e+00  0.000000e+00  0.000000e+00
-1.342853  1.245829e+00  0.000000e+00  0.000000e+00  0.000000e+00  0.000000e+00  0.000000e+00
-1.340552  1.259713e+00  0.000000e+00  0.000000e+00  0.000000e+00  0.000000e+00  0.000000e+00
-1.338251  1.273866e+00  0.000000e+00  0.000000e+00  0.000000e+00  0.000000e+00  0.000000e+00
-1.335950  1.288272e+00  0.000000e+00  0.000000e+00  0.000000e+00  0.000000e+00  0.000000e+00
-1.333649  1.302912e+00  0.000000e+00  0.000000e+00  0.000000e+00  0.000000e+00  0.000000e+00
-1.331348  1.317771e+00  0.000000e+00  0.000000e+00  0.000000e+00  0.000000e+00  0.000000e+00
-1.329047  1.332831e+00  0.000000e+00  0.000000e+00  0.000000e+00  0.000000e+00  0.000000e+00
-1.326746  1.348075e+00  0.000000e+00  0.000000e+00  0.000000e+00  0.000000e+00  0.000000e+00
-1.324445  1.363485e+00  0.000000e+00  0.000000e+00  0.000000e+00  0.000000e+00  0.000000e+00
-1.322144  1.379043e+00  0.000000e+00  0.000000e+00  0.000000e+00  0.000000e+00  0.000000e+00
-1.319843  1.394731e+00  0.000000e+00  0.000000e+00  0.000000e+00  0.000000e+00  0.000000e+00
-1.317542  1.410531e+00  0.000000e+00  0.000000e+00  0.000000e+00  0.000000e+00  0.000000e+00
-1.315241  1.426424e+00  0.000000e+00  0.000000e+00  0.000000e+00  0.000000e+00  0.000000e+00
-1.312940  1.442393e+00  0.000000e+00  0.000000e+00  0.000000e+00  0.000000e+00  0.000000e+00
-1.310639  1.458418e+00  0.000000e+00  0.000000e+00  0.000000e+00  0.000000e+00  0.000000e+00
-1.308338  1.474480e+00  0.000000e+00  0.000000e+00  0.000000e+00  0.000000e+00  0.000000e+00
-1.306037  1.490560e+00  0.000000e+00  0.000000e+00  0.000000e+00  0.000000e+00  0.000000e+00
-1.303736  1.506638e+00  0.000000e+00  0.000000e+00  0.000000e+00  0.000000e+00  0.000000e+00
-1.301435  1.522695e+00  0.000000e+00  0.000000e+00  0.000000e+00  0.000000e+00  0.000000e+00
-1.299134  1.538718e+00  0.000000e+00  0.000000e+00  0.000000e+00  0.000000e+00  0.000000e+00
-1.296833  1.554725e+00  0.000000e+00  0.000000e+00  0.000000e+00  0.000000e+00  0.000000e+00
-1.294532  1.570749e+00  0.000000e+00  0.000000e+00  0.000000e+00  0.000000e+00  0.000000e+00
-1.292231  1.586820e+00  0.000000e+00  0.000000e+00  0.000000e+00  0.000000e+00  0.000000e+00
-1.289930  1.602971e+00  0.000000e+00  0.000000e+00  0.000000e+00  0.000000e+00  0.000000e+00
-1.287629  1.619233e+00  0.000000e+00  0.000000e+00  0.000000e+00  0.000000e+00  0.000000e+00
-1.285328  1.635640e+00  0.000000e+00  0.000000e+00  0.000000e+00  0.000000e+00  0.000000e+00
-1.283027  1.652224e+00  0.000000e+00  0.000000e+00  0.000000e+00  0.000000e+00  0.000000e+00
-1.280726  1.669018e+00  0.000000e+00  0.000000e+00  0.000000e+00  0.000000e+00  0.000000e+00
-1.278425  1.686057e+00  0.000000e+00  0.000000e+00  0.000000e+00  0.000000e+00  0.000000e+00
-1.276124  1.703373e+00  0.000000e+00  0.000000e+00  0.000000e+00  0.000000e+00  0.000000e+00
-1.273823  1.721003e+00  0.000000e+00  0.000000e+00  0.000000e+00  0.000000e+00  0.000000e+00
-1.271522  1.738979e+00  0.000000e+00  0.000000e+00  0.000000e+00  0.000000e+00  0.000000e+00
-1.269221  1.757338e+00  0.000000e+00  0.000000e+00  0.000000e+00  0.000000e+00  0.000000e+00
-1.266919  1.776115e+00  0.000000e+00  0.000000e+00  0.000000e+00  0.000000e+00  0.000000e+00
-1.264618  1.795345e+00  0.000000e+00  0.000000e+00  0.000000e+00  0.000000e+00  0.000000e+00
-1.262317  1.815065e+00  0.000000e+00  0.000000e+00  0.000000e+00  0.000000e+00  0.000000e+00
-1.260016  1.835288e+00  0.000000e+00  0.000000e+00  0.000000e+00  0.000000e+00  0.000000e+00
-1.257715  1.855992e+00  0.000000e+00  0.000000e+00  0.000000e+00  0.000000e+00  0.000000e+00
-1.255414  1.877149e+00  0.000000e+00  0.000000e+00  0.000000e+00  0.000000e+00  0.000000e+00
-1.253113  1.898732e+00  0.000000e+00  0.000000e+00  0.000000e+00  0.000000e+00  0.000000e+00
-1.250812  1.920713e+00  0.000000e+00  0.000000e+00  0.000000e+00  0.000000e+00  0.000000e+00
-1.248511  1.943066e+00  0.000000e+00  0.000000e+00  0.000000e+00  0.000000e+00  0.000000e+00
-1.246210  1.965761e+00  0.000000e+00  0.000000e+00  0.000000e+00  0.000000e+00  0.000000e+00
-1.243909  1.988771e+00  0.000000e+00  0.000000e+00  0.000000e+00  0.000000e+00  0.000000e+00
-1.241608  2.012067e+00  0.000000e+00  0.000000e+00  0.000000e+00  0.000000e+00  0.000000e+00
-1.239307  2.035619e+00  0.000000e+00  0.000000e+00  0.000000e+00  0.000000e+00  0.000000e+00
-1.237006  2.059400e+00  0.000000e+00  0.000000e+00  0.000000e+00  0.000000e+00  0.000000e+00
-1.234705  2.083378e+00  0.000000e+00  0.000000e+00  0.000000e+00  0.000000e+00  0.000000e+00
-1.232404  2.107524e+00  0.000000e+00  0.000000e+00  0.000000e+00  0.000000e+00  0.000000e+00
-1.230103  2.131809e+00  0.000000e+00  0.000000e+00  0.000000e+00  0.000000e+00  0.000000e+00
-1.227802  2.156200e+00  0.000000e+00  0.000000e+00  0.000000e+00  0.000000e+00  0.000000e+00
-1.225501  2.180668e+00  0.000000e+00  0.000000e+00  0.000000e+00  0.000000e+00  0.000000e+00
-1.223200  2.205182e+00  0.000000e+00  0.000000e+00  0.000000e+00  0.000000e+00  0.000000e+00
-1.220899  2.229709e+00  0.000000e+00  0.000000e+00  0.000000e+00  0.000000e+00  0.000000e+00
-1.218598  2.254235e+00  0.000000e+00  0.000000e+00  0.000000e+00  0.000000e+00  0.000000e+00
-1.216297  2.278771e+00  0.000000e+00  0.000000e+00  0.000000e+00  0.000000e+00  0.000000e+00
-1.213996  2.303337e+00  0.000000e+00  0.000000e+00  0.000000e+00  0.000000e+00  0.000000e+00
-1.211695  2.327949e+00  0.000000e+00  0.000000e+00  0.000000e+00  0.000000e+00  0.000000e+00
-1.209394  2.352626e+00  0.000000e+00  0.000000e+00  0.000000e+00  0.000000e+00  0.000000e+00
-1.207093  2.377386e+00  0.000000e+00  0.000000e+00  0.000000e+00  0.000000e+00  0.000000e+00
-1.204792  2.402247e+00  0.000000e+00  0.000000e+00  0.000000e+00  0.000000e+00  0.000000e+00
-1.202491  2.427228e+00  0.000000e+00  0.000000e+00  0.000000e+00  0.000000e+00  0.000000e+00
-1.200190  2.452347e+00  0.000000e+00  0.000000e+00  0.000000e+00  0.000000e+00  0.000000e+00
-1.197889  2.477624e+00  0.000000e+00  0.000000e+00  0.000000e+00  0.000000e+00  0.000000e+00
-1.195588  2.503076e+00  0.000000e+00  0.000000e+00  0.000000e+00  0.000000e+00  0.000000e+00
-1.193287  2.528725e+00  0.000000e+00  0.000000e+00  0.000000e+00  0.000000e+00  0.000000e+00
-1.190985  2.554588e+00  0.000000e+00  0.000000e+00  0.000000e+00  0.000000e+00  0.000000e+00
-1.188684  2.580687e+00  0.000000e+00  0.000000e+00  0.000000e+00  0.000000e+00  0.000000e+00
-1.186383  2.607040e+00  0.000000e+00  0.000000e+00  0.000000e+00  0.000000e+00  0.000000e+00
-1.184082  2.633668e+00  0.000000e+00  0.000000e+00  0.000000e+00  0.000000e+00  0.000000e+00
-1.181781  2.660589e+00  0.000000e+00  0.000000e+00  0.000000e+00  0.000000e+00  0.000000e+00
-1.179480  2.687812e+00  0.000000e+00  0.000000e+00  0.000000e+00  0.000000e+00  0.000000e+00
-1.177179  2.715336e+00  0.000000e+00  0.000000e+00  0.000000e+00  0.000000e+00  0.000000e+00
-1.174878  2.743163e+00  0.000000e+00  0.000000e+00  0.000000e+00  0.000000e+00  0.000000e+00
-1.172577  2.771294e+00  0.000000e+00  0.000000e+00  0.000000e+00  0.000000e+00  0.000000e+00
-1.170276  2.799730e+00  0.000000e+00  0.000000e+00  0.000000e+00  0.000000e+00  0.000000e+00
-1.167975  2.828471e+00  0.000000e+00  0.000000e+00  0.000000e+00  0.000000e+00  0.000000e+00
-1.165674  2.857519e+00  0.000000e+00  0.000000e+00  0.000000e+00  0.000000e+00  0.000000e+00
-1.163373  2.886875e+00  0.000000e+00  0.000000e+00  0.000000e+00  0.000000e+00  0.000000e+00
-1.161072  2.916540e+00  0.000000e+00  0.000000e+00  0.000000e+00  0.000000e+00  0.000000e+00
-1.158771  2.946515e+00  0.000000e+00  0.000000e+00  0.000000e+00  0.000000e+00  0.000000e+00
-1.156470  2.976802e+00  0.000000e+00  0.000000e+00  0.000000e+00  0.000000e+00  0.000000e+00
-1.154169  3.007400e+00  0.000000e+00  0.000000e+00  0.000000e+00  0.000000e+00  0.000000e+00
-1.151868  3.038311e+00  0.000000e+00  0.000000e+00  0.000000e+00  0.000000e+00  0.000000e+00
-1.149567  3.069537e+00  0.000000e+00  0.000000e+00  0.000000e+00  0.000000e+00  0.000000e+00
-1.147266  3.101078e+00  0.000000e+00  0.000000e+00  0.000000e+00  0.000000e+00  0.000000e+00
-1.144965  3.132935e+00  0.000000e+00  0.000000e+00  0.000000e+00  0.000000e+00  0.000000e+00
-1.142664  3.165111e+00  0.000000e+00  0.000000e+00  0.000000e+00  0.000000e+00  0.000000e+00
-1.140363  3.197605e+00  0.000000e+00  0.000000e+00  0.000000e+00  0.000000e+00  0.000000e+00
-1.138062  3.230419e+00  0.000000e+00  0.000000e+00  0.000000e+00  0.000000e+00  0.000000e+00
-1.135761  3.263542e+00  0.000000e+00  0.000000e+00  0.000000e+00  0.000000e+00  0.000000e+00
-1.133460  3.296940e+00  0.000000e+00  0.000000e+00  0.000000e+00  0.000000e+00  0.000000e+00
-1.131159  3.330578e+00  0.000000e+00  0.000000e+00  0.000000e+00  0.000000e+00  0.000000e+00
-1.128858  3.364419e+00  0.000000e+00  0.000000e+00  0.000000e+00  0.000000e+00  0.000000e+00
-1.126557  3.398426e+00  0.000000e+00  0.000000e+00  0.000000e+00  0.000000e+00  0.000000e+00
-1.124256  3.432563e+00  0.000000e+00  0.000000e+00  0.000000e+00  0.000000e+00  0.000000e+00
-1.121955  3.466792e+00  0.000000e+00  0.000000e+00  0.000000e+00  0.000000e+00  0.000000e+00
-1.119654  3.501075e+00  0.000000e+00  0.000000e+00  0.000000e+00  0.000000e+00  0.000000e+00
-1.117353  3.535373e+00  0.000000e+00  0.000000e+00  0.000000e+00  0.000000e+00  0.000000e+00
-1.115051  3.569648e+00  0.000000e+00  0.000000e+00  0.000000e+00  0.000000e+00  0.000000e+00
-1.112750  3.603861e+00  0.000000e+00  0.000000e+00  0.000000e+00  0.000000e+00  0.000000e+00
-1.110449  3.637972e+00  0.000000e+00  0.000000e+00  0.000000e+00  0.000000e+00  0.000000e+00
-1.108148  3.671942e+00  0.000000e+00  0.000000e+00  0.000000e+00  0.000000e+00  0.000000e+00
-1.105847  3.705729e+00  0.000000e+00  0.000000e+00  0.000000e+00  0.000000e+00  0.000000e+00
-1.103546  3.739292e+00  0.000000e+00  0.000000e+00  0.000000e+00  0.000000e+00  0.000000e+00
-1.101245  3.772591e+00  0.000000e+00  0.000000e+00  0.000000e+00  0.000000e+00  0.000000e+00
-1.098944  3.805583e+00  0.000000e+00  0.000000e+00  0.000000e+00  0.000000e+00  0.000000e+00
-1.096643  3.786590e+00  0.000000e+00  0.000000e+00  0.000000e+00  0.000000e+00  0.000000e+00
-1.094342  3.820486e+00  0.000000e+00  0.000000e+00  0.000000e+00  0.000000e+00  0.000000e+00
-1.092041  3.854606e+00  0.000000e+00  0.000000e+00  0.000000e+00  0.000000e+00  0.000000e+00
-1.089740  3.888952e+00  0.000000e+00  0.000000e+00  0.000000e+00  0.000000e+00  0.000000e+00
-1.087439  3.923524e+00  0.000000e+00  0.000000e+00  0.000000e+00  0.000000e+00  0.000000e+00
-1.085138  3.958323e+00  0.000000e+00  0.000000e+00  0.000000e+00  0.000000e+00  0.000000e+00
-1.082837  3.993349e+00  0.000000e+00  0.000000e+00  0.000000e+00  0.000000e+00  0.000000e+00
-1.080536  4.028604e+00  0.000000e+00  0.000000e+00  0.000000e+00  0.000000e+00  0.000000e+00
-1.078235  4.064089e+00  0.000000e+00  0.000000e+00  0.000000e+00  0.000000e+00  0.000000e+00
-1.075934  4.099803e+00  0.000000e+00  0.000000e+00  0.000000e+00  0.000000e+00  0.000000e+00
-1.073633  4.135749e+00  0.000000e+00  0.000000e+00  0.000000e+00  0.000000e+00  0.000000e+00
-1.071332  4.171927e+00  0.000000e+00  0.000000e+00  0.000000e+00  0.000000e+00  0.000000e+00
-1.069031  4.208337e+00  0.000000e+00  0.000000e+00  0.000000e+00  0.000000e+00  0.000000e+00
-1.066730  4.244980e+00  0.000000e+00  0.000000e+00  0.000000e+00  0.000000e+00  0.000000e+00
-1.064429  4.281858e+00  0.000000e+00  0.000000e+00  0.000000e+00  0.000000e+00  0.000000e+00
-1.062128  4.318971e+00  0.000000e+00  0.000000e+00  0.000000e+00  0.000000e+00  0.000000e+00
-1.059827  4.356319e+00  0.000000e+00  0.000000e+00  0.000000e+00  0.000000e+00  0.000000e+00
-1.057526  4.393905e+00  0.000000e+00  0.000000e+00  0.000000e+00  0.000000e+00  0.000000e+00
-1.055225  4.431727e+00  0.000000e+00  0.000000e+00  0.000000e+00  0.000000e+00  0.000000e+00
-1.052924  4.469788e+00  0.000000e+00  0.000000e+00  0.000000e+00  0.000000e+00  0.000000e+00
-1.050623  4.508088e+00  0.000000e+00  0.000000e+00  0.000000e+00  0.000000e+00  0.000000e+00
-1.048322  4.546628e+00  0.000000e+00  0.000000e+00  0.000000e+00  0.000000e+00  0.000000e+00
-1.046021  4.585409e+00  0.000000e+00  0.000000e+00  0.000000e+00  0.000000e+00  0.000000e+00
-1.043720  4.624430e+00  0.000000e+00  0.000000e+00  0.000000e+00  0.000000e+00  0.000000e+00
-1.041419  4.663694e+00  0.000000e+00  0.000000e+00  0.000000e+00  0.000000e+00  0.000000e+00
-1.039118  4.703202e+00  0.000000e+00  0.000000e+00  0.000000e+00  0.000000e+00  0.000000e+00
-1.036816  4.742952e+00  0.000000e+00  0.000000e+00  0.000000e+00  0.000000e+00  0.000000e+00
-1.034515  4.782948e+00  0.000000e+00  0.000000e+00  0.000000e+00  0.000000e+00  0.000000e+00
-1.032214  4.823188e+00  0.000000e+00  0.000000e+00  0.000000e+00  0.000000e+00  0.000000e+00
-1.029913  4.863675e+00  0.000000e+00  0.000000e+00  0.000000e+00  0.000000e+00  0.000000e+00
-1.027612  4.904409e+00  0.000000e+00  0.000000e+00  0.000000e+00  0.000000e+00  0.000000e+00
-1.025311  4.945390e+00  0.000000e+00  0.000000e+00  0.000000e+00  0.000000e+00  0.000000e+00
-1.023010  4.986620e+00  0.000000e+00  0.000000e+00  0.000000e+00  0.000000e+00  0.000000e+00
-1.020709  5.028099e+00  0.000000e+00  0.000000e+00  0.000000e+00  0.000000e+00  0.000000e+00
-1.018408  5.069828e+00  0.000000e+00  0.000000e+00  0.000000e+00  0.000000e+00  0.000000e+00
-1.016107  5.111808e+00  0.000000e+00  0.000000e+00  0.000000e+00  0.000000e+00  0.000000e+00
-1.013806  5.154039e+00  0.000000e+00  0.000000e+00  0.000000e+00  0.000000e+00  0.000000e+00
-1.011505  5.196523e+00  0.000000e+00  0.000000e+00  0.000000e+00  0.000000e+00  0.000000e+00
-1.009204  5.239259e+00  0.000000e+00  0.000000e+00  0.000000e+00  0.000000e+00  0.000000e+00
-1.006903  5.282249e+00  0.000000e+00  0.000000e+00  0.000000e+00  0.000000e+00  0.000000e+00
-1.004602  5.325494e+00  0.000000e+00  0.000000e+00  0.000000e+00  0.000000e+00  0.000000e+00
-1.002301  5.368994e+00  0.000000e+00  0.000000e+00  0.000000e+00  0.000000e+00  0.000000e+00
-1.000000  5.412750e+00  0.000000e+00  0.000000e+00  0.000000e+00  0.000000e+00  0.000000e+00
