# Electron neutrino-oxygen scattering cross section 5MeV-60MeV (10^-8 cm^2/GeV) #
# log(energy in GeV)       nu_e       nu_mu       nu_tau       nu_e_bar       nu_mu_bar       nu_tau_bar #

       -2.30103             0          0           0                  0          0               0
       -2.29973             0          0           0                  0          0               0
       -2.29843             0          0           0                  0          0               0
       -2.29713             0          0           0                  0          0               0
       -2.29583             0          0           0                  0          0               0
       -2.29452             0          0           0                  0          0               0
       -2.29322             0          0           0                  0          0               0
       -2.29192             0          0           0                  0          0               0
       -2.29062             0          0           0                  0          0               0
       -2.28932             0          0           0                  0          0               0
       -2.28802             0          0           0                  0          0               0
       -2.28672             0          0           0                  0          0               0
       -2.28542             0          0           0                  0          0               0
       -2.28412             0          0           0                  0          0               0
       -2.28282             0          0           0                  0          0               0
       -2.28151             0          0           0                  0          0               0
       -2.28021             0          0           0                  0          0               0
       -2.27891             0          0           0                  0          0               0
       -2.27761             0          0           0                  0          0               0
       -2.27631             0          0           0                  0          0               0
       -2.27501             0          0           0                  0          0               0
       -2.27371             0          0           0                  0          0               0
       -2.27241             0          0           0                  0          0               0
       -2.27111             0          0           0                  0          0               0
       -2.26981             0          0           0                  0          0               0
        -2.2685             0          0           0                  0          0               0
        -2.2672             0          0           0                  0          0               0
        -2.2659             0          0           0                  0          0               0
        -2.2646             0          0           0                  0          0               0
        -2.2633             0          0           0                  0          0               0
         -2.262             0          0           0                  0          0               0
        -2.2607             0          0           0                  0          0               0
        -2.2594             0          0           0                  0          0               0
        -2.2581             0          0           0                  0          0               0
       -2.25679             0          0           0                  0          0               0
       -2.25549             0          0           0                  0          0               0
       -2.25419             0          0           0                  0          0               0
       -2.25289             0          0           0                  0          0               0
       -2.25159             0          0           0                  0          0               0
       -2.25029             0          0           0                  0          0               0
       -2.24899             0          0           0                  0          0               0
       -2.24769             0          0           0                  0          0               0
       -2.24639             0          0           0                  0          0               0
       -2.24509             0          0           0                  0          0               0
       -2.24378             0          0           0                  0          0               0
       -2.24248             0          0           0                  0          0               0
       -2.24118             0          0           0                  0          0               0
       -2.23988             0          0           0                  0          0               0
       -2.23858             0          0           0                  0          0               0
       -2.23728             0          0           0                  0          0               0
       -2.23598             0          0           0                  0          0               0
       -2.23468             0          0           0                  0          0               0
       -2.23338             0          0           0                  0          0               0
       -2.23208             0          0           0                  0          0               0
       -2.23077             0          0           0                  0          0               0
       -2.22947             0          0           0                  0          0               0
       -2.22817             0          0           0                  0          0               0
       -2.22687             0          0           0                  0          0               0
       -2.22557             0          0           0                  0          0               0
       -2.22427             0          0           0                  0          0               0
       -2.22297             0          0           0                  0          0               0
       -2.22167             0          0           0                  0          0               0
       -2.22037             0          0           0                  0          0               0
       -2.21907             0          0           0                  0          0               0
       -2.21776             0          0           0                  0          0               0
       -2.21646             0          0           0                  0          0               0
       -2.21516             0          0           0                  0          0               0
       -2.21386             0          0           0                  0          0               0
       -2.21256             0          0           0                  0          0               0
       -2.21126             0          0           0                  0          0               0
       -2.20996             0          0           0                  0          0               0
       -2.20866             0          0           0                  0          0               0
       -2.20736             0          0           0                  0          0               0
       -2.20605             0          0           0                  0          0               0
       -2.20475             0          0           0                  0          0               0
       -2.20345             0          0           0                  0          0               0
       -2.20215             0          0           0                  0          0               0
       -2.20085             0          0           0                  0          0               0
       -2.19955             0          0           0                  0          0               0
       -2.19825             0          0           0                  0          0               0
       -2.19695             0          0           0                  0          0               0
       -2.19565             0          0           0                  0          0               0
       -2.19435             0          0           0                  0          0               0
       -2.19304             0          0           0                  0          0               0
       -2.19174             0          0           0                  0          0               0
       -2.19044             0          0           0                  0          0               0
       -2.18914             0          0           0                  0          0               0
       -2.18784             0          0           0                  0          0               0
       -2.18654             0          0           0                  0          0               0
       -2.18524             0          0           0                  0          0               0
       -2.18394             0          0           0                  0          0               0
       -2.18264             0          0           0                  0          0               0
       -2.18134             0          0           0                  0          0               0
       -2.18003             0          0           0                  0          0               0
       -2.17873             0          0           0                  0          0               0
       -2.17743             0          0           0                  0          0               0
       -2.17613             0          0           0                  0          0               0
       -2.17483             0          0           0                  0          0               0
       -2.17353             0          0           0                  0          0               0
       -2.17223             0          0           0                  0          0               0
       -2.17093             0          0           0                  0          0               0
       -2.16963             0          0           0                  0          0               0
       -2.16832             0          0           0                  0          0               0
       -2.16702             0          0           0                  0          0               0
       -2.16572             0          0           0                  0          0               0
       -2.16442             0          0           0                  0          0               0
       -2.16312             0          0           0                  0          0               0
       -2.16182             0          0           0                  0          0               0
       -2.16052             0          0           0                  0          0               0
       -2.15922             0          0           0                  0          0               0
       -2.15792             0          0           0                  0          0               0
       -2.15662             0          0           0                  0          0               0
       -2.15531             0          0           0                  0          0               0
       -2.15401             0          0           0                  0          0               0
       -2.15271             0          0           0                  0          0               0
       -2.15141             0          0           0                  0          0               0
       -2.15011             0          0           0                  0          0               0
       -2.14881             0          0           0                  0          0               0
       -2.14751             0          0           0                  0          0               0
       -2.14621             0          0           0                  0          0               0
       -2.14491             0          0           0                  0          0               0
       -2.14361             0          0           0                  0          0               0
        -2.1423             0          0           0                  0          0               0
         -2.141             0          0           0                  0          0               0
        -2.1397             0          0           0                  0          0               0
        -2.1384             0          0           0                  0          0               0
        -2.1371             0          0           0                  0          0               0
        -2.1358             0          0           0                  0          0               0
        -2.1345             0          0           0                  0          0               0
        -2.1332             0          0           0                  0          0               0
        -2.1319             0          0           0                  0          0               0
        -2.1306             0          0           0                  0          0               0
       -2.12929             0          0           0                  0          0               0
       -2.12799             0          0           0                  0          0               0
       -2.12669             0          0           0                  0          0               0
       -2.12539             0          0           0                  0          0               0
       -2.12409             0          0           0                  0          0               0
       -2.12279             0          0           0                  0          0               0
       -2.12149             0          0           0                  0          0               0
       -2.12019             0          0           0                  0          0               0
       -2.11889             0          0           0                  0          0               0
       -2.11758             0          0           0                  0          0               0
       -2.11628             0          0           0                  0          0               0
       -2.11498             0          0           0                  0          0               0
       -2.11368             0          0           0                  0          0               0
       -2.11238             0          0           0                  0          0               0
       -2.11108             0          0           0                  0          0               0
       -2.10978             0          0           0                  0          0               0
       -2.10848             0          0           0                  0          0               0
       -2.10718             0          0           0                  0          0               0
       -2.10588             0          0           0                  0          0               0
       -2.10457             0          0           0                  0          0               0
       -2.10327             0          0           0                  0          0               0
       -2.10197             0          0           0                  0          0               0
       -2.10067             0          0           0                  0          0               0
       -2.09937             0          0           0                  0          0               0
       -2.09807             0          0           0                  0          0               0
       -2.09677             0          0           0                  0          0               0
       -2.09547             0          0           0                  0          0               0
       -2.09417             0          0           0                  0          0               0
       -2.09287             0          0           0                  0          0               0
       -2.09156             0          0           0                  0          0               0
       -2.09026             0          0           0                  0          0               0
       -2.08896             0          0           0                  0          0               0
       -2.08766             0          0           0                  0          0               0
       -2.08636             0          0           0                  0          0               0
       -2.08506             0          0           0                  0          0               0
       -2.08376             0          0           0                  0          0               0
       -2.08246             0          0           0                  0          0               0
       -2.08116             0          0           0                  0          0               0
       -2.07985             0          0           0                  0          0               0
       -2.07855             0          0           0                  0          0               0
       -2.07725             0          0           0                  0          0               0
       -2.07595             0          0           0                  0          0               0
       -2.07465             0          0           0                  0          0               0
       -2.07335             0          0           0                  0          0               0
       -2.07205             0          0           0                  0          0               0
       -2.07075             0          0           0                  0          0               0
       -2.06945             0          0           0                  0          0               0
       -2.06815             0          0           0                  0          0               0
       -2.06684             0          0           0                  0          0               0
       -2.06554             0          0           0                  0          0               0
       -2.06424             0          0           0                  0          0               0
       -2.06294             0          0           0                  0          0               0
       -2.06164             0          0           0                  0          0               0
       -2.06034             0          0           0                  0          0               0
       -2.05904             0          0           0                  0          0               0
       -2.05774             0          0           0                  0          0               0
       -2.05644             0          0           0                  0          0               0
       -2.05514             0          0           0                  0          0               0
       -2.05383             0          0           0                  0          0               0
       -2.05253             0          0           0                  0          0               0
       -2.05123             0          0           0                  0          0               0
       -2.04993             0          0           0                  0          0               0
       -2.04863             0          0           0                  0          0               0
       -2.04733             0          0           0                  0          0               0
       -2.04603             0          0           0                  0          0               0
       -2.04473             0          0           0                  0          0               0
       -2.04343             0          0           0                  0          0               0
       -2.04213             0          0           0                  0          0               0
       -2.04082             0          0           0                  0          0               0
       -2.03952             0          0           0                  0          0               0
       -2.03822             0          0           0                  0          0               0
       -2.03692             0          0           0                  0          0               0
       -2.03562             0          0           0                  0          0               0
       -2.03432             0          0           0                  0          0               0
       -2.03302             0          0           0                  0          0               0
       -2.03172             0          0           0                  0          0               0
       -2.03042             0          0           0                  0          0               0
       -2.02911             0          0           0                  0          0               0
       -2.02781             0          0           0                  0          0               0
       -2.02651             0          0           0                  0          0               0
       -2.02521             0          0           0                  0          0               0
       -2.02391             0          0           0                  0          0               0
       -2.02261             0          0           0                  0          0               0
       -2.02131             0          0           0                  0          0               0
       -2.02001             0          0           0                  0          0               0
       -2.01871             0          0           0                  0          0               0
       -2.01741             0          0           0                  0          0               0
        -2.0161             0          0           0                  0          0               0
        -2.0148             0          0           0                  0          0               0
        -2.0135             0          0           0                  0          0               0
        -2.0122             0          0           0                  0          0               0
        -2.0109             0          0           0                  0          0               0
        -2.0096             0          0           0                  0          0               0
        -2.0083             0          0           0                  0          0               0
         -2.007             0          0           0                  0          0               0
        -2.0057             0          0           0                  0          0               0
        -2.0044             0          0           0                  0          0               0
       -2.00309             0          0           0                  0          0               0
       -2.00179             0          0           0                  0          0               0
       -2.00049             0          0           0                  0          0               0
       -1.99919             0          0           0                  0          0               0
       -1.99789             0          0           0                  0          0               0
       -1.99659             0          0           0                  0          0               0
       -1.99529             0          0           0                  0          0               0
       -1.99399             0          0           0                  0          0               0
       -1.99269             0          0           0                  0          0               0
       -1.99138             0          0           0                  0          0               0
       -1.99008             0          0           0                  0          0               0
       -1.98878             0          0           0                  0          0               0
       -1.98748             0          0           0                  0          0               0
       -1.98618             0          0           0                  0          0               0
       -1.98488             0          0           0                  0          0               0
       -1.98358             0          0           0                  0          0               0
       -1.98228             0          0           0                  0          0               0
       -1.98098             0          0           0                  0          0               0
       -1.97968             0          0           0                  0          0               0
       -1.97837             0          0           0                  0          0               0
       -1.97707             0          0           0                  0          0               0
       -1.97577             0          0           0                  0          0               0
       -1.97447             0          0           0                  0          0               0
       -1.97317             0          0           0                  0          0               0
       -1.97187             0          0           0                  0          0               0
       -1.97057             0          0           0                  0          0               0
       -1.96927             0          0           0                  0          0               0
       -1.96797             0          0           0                  0          0               0
       -1.96667             0          0           0                  0          0               0
       -1.96536             0          0           0                  0          0               0
       -1.96406             0          0           0                  0          0               0
       -1.96276             0          0           0                  0          0               0
       -1.96146             0          0           0                  0          0               0
       -1.96016             0          0           0                  0          0               0
       -1.95886             0          0           0                  0          0               0
       -1.95756             0          0           0                  0          0               0
       -1.95626             0          0           0                  0          0               0
       -1.95496             0          0           0                  0          0               0
       -1.95365             0          0           0                  0          0               0
       -1.95235             0          0           0                  0          0               0
       -1.95105             0          0           0                  0          0               0
       -1.94975             0          0           0                  0          0               0
       -1.94845             0          0           0                  0          0               0
       -1.94715             0          0           0                  0          0               0
       -1.94585             0          0           0                  0          0               0
       -1.94455             0          0           0                  0          0               0
       -1.94325             0          0           0                  0          0               0
       -1.94195             0          0           0                  0          0               0
       -1.94064             0          0           0                  0          0               0
       -1.93934             0          0           0                  0          0               0
       -1.93804             0          0           0                  0          0               0
       -1.93674             0          0           0                  0          0               0
       -1.93544             0          0           0                  0          0               0
       -1.93414             0          0           0                  0          0               0
       -1.93284             0          0           0                  0          0               0
       -1.93154             0          0           0                  0          0               0
       -1.93024             0          0           0                  0          0               0
       -1.92894             0          0           0                  0          0               0
       -1.92763             0          0           0                  0          0               0
       -1.92633             0          0           0                  0          0               0
       -1.92503             0          0           0                  0          0               0
       -1.92373             0          0           0                  0          0               0
       -1.92243             0          0           0                  0          0               0
       -1.92113             0          0           0                  0          0               0
       -1.91983             0          0           0                  0          0               0
       -1.91853             0          0           0                  0          0               0
       -1.91723             0          0           0                  0          0               0
       -1.91593             0          0           0                  0          0               0
       -1.91462             0          0           0                  0          0               0
       -1.91332             0          0           0                  0          0               0
       -1.91202             0          0           0                  0          0               0
       -1.91072             0          0           0                  0          0               0
       -1.90942             0          0           0                  0          0               0
       -1.90812             0          0           0                  0          0               0
       -1.90682             0          0           0                  0          0               0
       -1.90552             0          0           0                  0          0               0
       -1.90422             0          0           0                  0          0               0
       -1.90291             0          0           0                  0          0               0
       -1.90161             0          0           0                  0          0               0
       -1.90031             0          0           0                  0          0               0
       -1.89901             0          0           0                  0          0               0
       -1.89771             0          0           0                  0          0               0
       -1.89641             0          0           0                  0          0               0
       -1.89511             0          0           0                  0          0               0
       -1.89381             0          0           0                  0          0               0
       -1.89251             0          0           0                  0          0               0
       -1.89121             0          0           0                  0          0               0
        -1.8899             0          0           0                  0          0               0
        -1.8886             0          0           0                  0          0               0
        -1.8873             0          0           0                  0          0               0
         -1.886             0          0           0                  0          0               0
        -1.8847             0          0           0                  0          0               0
        -1.8834             0          0           0                  0          0               0
        -1.8821             0          0           0                  0          0               0
        -1.8808             0          0           0                  0          0               0
        -1.8795             0          0           0                  0          0               0
        -1.8782             0          0           0                  0          0               0
       -1.87689             0          0           0                  0          0               0
       -1.87559             0          0           0                  0          0               0
       -1.87429             0          0           0                  0          0               0
       -1.87299             0          0           0                  0          0               0
       -1.87169             0          0           0                  0          0               0
       -1.87039             0          0           0                  0          0               0
       -1.86909             0          0           0                  0          0               0
       -1.86779             0          0           0                  0          0               0
       -1.86649             0          0           0                  0          0               0
       -1.86518             0          0           0                  0          0               0
       -1.86388             0          0           0                  0          0               0
       -1.86258             0          0           0                  0          0               0
       -1.86128             0          0           0                  0          0               0
       -1.85998             0          0           0                  0          0               0
       -1.85868             0          0           0                  0          0               0
       -1.85738             0          0           0                  0          0               0
       -1.85608             0          0           0                  0          0               0
       -1.85478             0          0           0                  0          0               0
       -1.85348             0          0           0                  0          0               0
       -1.85217             0          0           0                  0          0               0
       -1.85087             0          0           0                  0          0               0
       -1.84957             0          0           0                  0          0               0
       -1.84827             0          0           0                  0          0               0
       -1.84697             0          0           0                  0          0               0
       -1.84567             0          0           0                  0          0               0
       -1.84437             0          0           0                  0          0               0
       -1.84307             0          0           0                  0          0               0
       -1.84177             0          0           0                  0          0               0
       -1.84047             0          0           0                  0          0               0
       -1.83916             0          0           0                  0          0               0
       -1.83786             0          0           0                  0          0               0
       -1.83656             0          0           0                  0          0               0
       -1.83526             0          0           0                  0          0               0
       -1.83396             0          0           0                  0          0               0
       -1.83266             0          0           0                  0          0               0
       -1.83136             0          0           0                  0          0               0
       -1.83006             0          0           0                  0          0               0
       -1.82876             0          0           0                  0          0               0
       -1.82746             0          0           0                  0          0               0
       -1.82615             0          0           0                  0          0               0
       -1.82485             0          0           0                  0          0               0
       -1.82355             0          0           0                  0          0               0
       -1.82225             0          0           0                  0          0               0
       -1.82095             0          0           0                  0          0               0
       -1.81965             0          0           0                  0          0               0
       -1.81835             0          0           0                  0          0               0
       -1.81705             0          0           0                  0          0               0
       -1.81575             0          0           0                  0          0               0
       -1.81444             0          0           0                  0          0               0
       -1.81314             0          0           0                  0          0               0
       -1.81184             0          0           0                  0          0               0
       -1.81054             0          0           0                  0          0               0
       -1.80924             0          0           0                  0          0               0
       -1.80794             0          0           0                  0          0               0
       -1.80664             0          0           0                  0          0               0
       -1.80534             0          0           0                  0          0               0
       -1.80404             0          0           0                  0          0               0
       -1.80274             0          0           0                  0          0               0
       -1.80143             0          0           0                  0          0               0
       -1.80013             0          0           0                  0          0               0
       -1.79883             0          0           0                  0          0               0
       -1.79753             0          0           0                  0          0               0
       -1.79623             0          0           0                  0          0               0
       -1.79493             0          0           0                  0          0               0
       -1.79363             0          0           0                  0          0               0
       -1.79233             0          0           0                  0          0               0
       -1.79103             0          0           0                  0          0               0
       -1.78973             0          0           0                  0          0               0
       -1.78842             0          0           0                  0          0               0
       -1.78712    3.3066e-08          0           0                  0          0               0
       -1.78582   1.23952e-07          0           0                  0          0               0
       -1.78452   2.23665e-07          0           0                  0          0               0
       -1.78322   3.32443e-07          0           0                  0          0               0
       -1.78192    4.5052e-07          0           0                  0          0               0
       -1.78062   5.78127e-07          0           0                  0          0               0
       -1.77932   7.15492e-07          0           0                  0          0               0
       -1.77802   8.62839e-07          0           0                  0          0               0
       -1.77671   1.02039e-06          0           0                  0          0               0
       -1.77541   1.18836e-06          0           0                  0          0               0
       -1.77411   1.36697e-06          0           0                  0          0               0
       -1.77281   1.55642e-06          0           0                  0          0               0
       -1.77151   1.75693e-06          0           0                  0          0               0
       -1.77021   1.96871e-06          0           0                  0          0               0
       -1.76891   2.19194e-06          0           0                  0          0               0
       -1.76761   2.42684e-06          0           0                  0          0               0
       -1.76631    2.6736e-06          0           0                  0          0               0
       -1.76501   2.93241e-06          0           0                  0          0               0
        -1.7637   3.20347e-06          0           0                  0          0               0
        -1.7624   3.48695e-06          0           0                  0          0               0
        -1.7611   3.78305e-06          0           0                  0          0               0
        -1.7598   4.09194e-06          0           0                  0          0               0
        -1.7585   4.41382e-06          0           0                  0          0               0
        -1.7572   4.74884e-06          0           0                  0          0               0
        -1.7559   5.09719e-06          0           0                  0          0               0
        -1.7546   5.45908e-06          0           0                  0          0               0
        -1.7533   5.83475e-06          0           0                  0          0               0
         -1.752    6.2244e-06          0           0                  0          0               0
       -1.75069   6.62828e-06          0           0                  0          0               0
       -1.74939   7.04659e-06          0           0                  0          0               0
       -1.74809   7.47954e-06          0           0                  0          0               0
       -1.74679   7.92735e-06          0           0                  0          0               0
       -1.74549   8.39023e-06          0           0                  0          0               0
       -1.74419   8.86837e-06          0           0                  0          0               0
       -1.74289   9.36197e-06          0           0                  0          0               0
       -1.74159   9.87125e-06          0           0                  0          0               0
       -1.74029   1.03964e-05          0           0                  0          0               0
       -1.73899   1.09376e-05          0           0                  0          0               0
       -1.73768    1.1495e-05          0           0                  0          0               0
       -1.73638   1.20688e-05          0           0                  0          0               0
       -1.73508   1.26593e-05          0           0                  0          0               0
       -1.73378   1.32665e-05          0           0                  0          0               0
       -1.73248   1.38907e-05          0           0                  0          0               0
       -1.73118    1.4532e-05          0           0                  0          0               0
       -1.72988   1.51906e-05          0           0                  0          0               0
       -1.72858   1.58666e-05          0           0                  0          0               0
       -1.72728   1.65603e-05          0           0                  0          0               0
       -1.72597   1.72718e-05          0           0                  0          0               0
       -1.72467   1.80012e-05          0           0                  0          0               0
       -1.72337   1.87487e-05          0           0                  0          0               0
       -1.72207   1.95144e-05          0           0                  0          0               0
       -1.72077   2.02986e-05          0           0                  0          0               0
       -1.71947   2.11013e-05          0           0                  0          0               0
       -1.71817   2.19227e-05          0           0                  0          0               0
       -1.71687   2.27628e-05          0           0                  0          0               0
       -1.71557    2.3622e-05          0           0                  0          0               0
       -1.71427   2.45003e-05          0           0                  0          0               0
       -1.71296   2.53977e-05          0           0                  0          0               0
       -1.71166   2.63146e-05          0           0                  0          0               0
       -1.71036   2.72509e-05          0           0                  0          0               0
       -1.70906   2.82068e-05          0           0                  0          0               0
       -1.70776   2.91824e-05          0           0                  0          0               0
       -1.70646   3.01779e-05          0           0                  0          0               0
       -1.70516   3.11934e-05          0           0                  0          0               0
       -1.70386   3.22289e-05          0           0                  0          0               0
       -1.70256   3.32846e-05          0           0                  0          0               0
       -1.70126   3.43606e-05          0           0                  0          0               0
       -1.69995    3.5457e-05          0           0                  0          0               0
       -1.69865    3.6574e-05          0           0                  0          0               0
       -1.69735   3.77143e-05          0           0                  0          0               0
       -1.69605   3.88863e-05          0           0                  0          0               0
       -1.69475   4.00988e-05          0           0                  0          0               0
       -1.69345   4.13606e-05          0           0                  0          0               0
       -1.69215   4.26802e-05          0           0                  0          0               0
       -1.69085   4.40661e-05          0           0                  0          0               0
       -1.68955   4.55267e-05          0           0                  0          0               0
       -1.68824   4.70704e-05          0           0                  0          0               0
       -1.68694   4.87053e-05          0           0                  0          0               0
       -1.68564   5.04394e-05          0           0                  0          0               0
       -1.68434   5.22808e-05          0           0                  0          0               0
       -1.68304   5.42374e-05          0           0                  0          0               0
       -1.68174   5.63169e-05          0           0                  0          0               0
       -1.68044   5.85271e-05          0           0                  0          0               0
       -1.67914   6.08755e-05          0           0                  0          0               0
       -1.67784   6.33695e-05          0           0                  0          0               0
       -1.67654   6.60166e-05          0           0                  0          0               0
       -1.67523   6.88241e-05          0           0                  0          0               0
       -1.67393   7.17992e-05          0           0                  0          0               0
       -1.67263    7.4949e-05          0           0                  0          0               0
       -1.67133   7.82804e-05          0           0                  0          0               0
       -1.67003   8.18004e-05          0           0                  0          0               0
       -1.66873   8.55159e-05          0           0                  0          0               0
       -1.66743   8.94335e-05          0           0                  0          0               0
       -1.66613   9.35599e-05          0           0                  0          0               0
       -1.66483   9.79016e-05          0           0                  0          0               0
       -1.66353   0.000102465          0           0                  0          0               0
       -1.66222   0.000107257          0           0                  0          0               0
       -1.66092   0.000112283          0           0                  0          0               0
       -1.65962   0.000117549          0           0                  0          0               0
       -1.65832   0.000123063          0           0                  0          0               0
       -1.65702   0.000128829          0           0                  0          0               0
       -1.65572   0.000134854          0           0                  0          0               0
       -1.65442   0.000141143          0           0                  0          0               0
       -1.65312   0.000147703          0           0                  0          0               0
       -1.65182   0.000154539          0           0                  0          0               0
       -1.65051   0.000161656          0           0                  0          0               0
       -1.64921    0.00016906          0           0                  0          0               0
       -1.64791   0.000176757          0           0                  0          0               0
       -1.64661   0.000184752          0           0                  0          0               0
       -1.64531   0.000193056          0           0                  0          0               0
       -1.64401   0.000201678          0           0                  0          0               0
       -1.64271    0.00021063          0           0                  0          0               0
       -1.64141   0.000219921          0           0                  0          0               0
       -1.64011   0.000229562          0           0                  0          0               0
       -1.63881   0.000239563          0           0                  0          0               0
        -1.6375   0.000249933          0           0                  0          0               0
        -1.6362   0.000260683          0           0                  0          0               0
        -1.6349   0.000271822          0           0                  0          0               0
        -1.6336   0.000283359          0           0                  0          0               0
        -1.6323   0.000295304          0           0                  0          0               0
         -1.631   0.000307666          0           0                  0          0               0
        -1.6297   0.000320455          0           0                  0          0               0
        -1.6284   0.000333678          0           0                  0          0               0
        -1.6271   0.000347345          0           0                  0          0               0
        -1.6258   0.000361465          0           0                  0          0               0
       -1.62449   0.000376046          0           0                  0          0               0
       -1.62319   0.000391097          0           0                  0          0               0
       -1.62189   0.000406625          0           0                  0          0               0
       -1.62059    0.00042264          0           0                  0          0               0
       -1.61929   0.000439149          0           0                  0          0               0
       -1.61799   0.000456159          0           0                  0          0               0
       -1.61669   0.000473679          0           0                  0          0               0
       -1.61539   0.000491717          0           0                  0          0               0
       -1.61409    0.00051028          0           0                  0          0               0
       -1.61279   0.000529375          0           0                  0          0               0
       -1.61148    0.00054901          0           0                  0          0               0
       -1.61018   0.000569192          0           0                  0          0               0
       -1.60888   0.000589929          0           0                  0          0               0
       -1.60758   0.000611226          0           0                  0          0               0
       -1.60628   0.000633091          0           0                  0          0               0
       -1.60498    0.00065553          0           0                  0          0               0
       -1.60368   0.000678551          0           0                  0          0               0
       -1.60238    0.00070216          0           0                  0          0               0
       -1.60108   0.000726364          0           0                  0          0               0
       -1.59977   0.000751184          0           0                  0          0               0
       -1.59847   0.000776645          0           0                  0          0               0
       -1.59717   0.000802773          0           0                  0          0               0
       -1.59587   0.000829593          0           0                  0          0               0
       -1.59457   0.000857131          0           0                  0          0               0
       -1.59327    0.00088541          0           0                  0          0               0
       -1.59197   0.000914455          0           0                  0          0               0
       -1.59067   0.000944289          0           0                  0          0               0
       -1.58937   0.000974937          0           0                  0          0               0
       -1.58807    0.00100642          0           0                  0          0               0
       -1.58676    0.00103877          0           0                  0          0               0
       -1.58546    0.00107199          0           0                  0          0               0
       -1.58416    0.00110612          0           0                  0          0               0
       -1.58286    0.00114118          0           0                  0          0               0
       -1.58156    0.00117718          0           0                  0          0               0
       -1.58026    0.00121415          0           0                  0          0               0
       -1.57896    0.00125212          0           0                  0          0               0
       -1.57766    0.00129109          0           0                  0          0               0
       -1.57636     0.0013311          0           0                  0          0               0
       -1.57506    0.00137215          0           0                  0          0               0
       -1.57375    0.00141428          0           0                  0          0               0
       -1.57245     0.0014575          0           0                  0          0               0
       -1.57115    0.00150183          0           0                  0          0               0
       -1.56985    0.00154728          0           0                  0          0               0
       -1.56855    0.00159389          0           0                  0          0               0
       -1.56725    0.00164166          0           0                  0          0               0
       -1.56595    0.00169061          0           0                  0          0               0
       -1.56465    0.00174076          0           0                  0          0               0
       -1.56335    0.00179214          0           0                  0          0               0
       -1.56204    0.00184474          0           0                  0          0               0
       -1.56074    0.00189861          0           0                  0          0               0
       -1.55944    0.00195374          0           0                  0          0               0
       -1.55814    0.00201018          0           0                  0          0               0
       -1.55684    0.00206797          0           0                  0          0               0
       -1.55554    0.00212714          0           0                  0          0               0
       -1.55424    0.00218773          0           0                  0          0               0
       -1.55294    0.00224978          0           0                  0          0               0
       -1.55164    0.00231332          0           0                  0          0               0
       -1.55034    0.00237838          0           0                  0          0               0
       -1.54903    0.00244502          0           0                  0          0               0
       -1.54773    0.00251325          0           0                  0          0               0
       -1.54643    0.00258311          0           0                  0          0               0
       -1.54513    0.00265464          0           0                  0          0               0
       -1.54383    0.00272786          0           0                  0          0               0
       -1.54253    0.00280282          0           0                  0          0               0
       -1.54123    0.00287954          0           0                  0          0               0
       -1.53993    0.00295806          0           0                  0          0               0
       -1.53863     0.0030384          0           0                  0          0               0
       -1.53733     0.0031206          0           0                  0          0               0
       -1.53602    0.00320469          0           0                  0          0               0
       -1.53472     0.0032907          0           0                  0          0               0
       -1.53342    0.00337865          0           0                  0          0               0
       -1.53212    0.00346857          0           0                  0          0               0
       -1.53082     0.0035605          0           0                  0          0               0
       -1.52952    0.00365446          0           0                  0          0               0
       -1.52822    0.00375048          0           0                  0          0               0
       -1.52692    0.00384858          0           0                  0          0               0
       -1.52562     0.0039488          0           0                  0          0               0
       -1.52432    0.00405115          0           0                  0          0               0
       -1.52301    0.00415567          0           0                  0          0               0
       -1.52171    0.00426238          0           0                  0          0               0
       -1.52041    0.00437133          0           0                  0          0               0
       -1.51911    0.00448258          0           0                  0          0               0
       -1.51781    0.00459618          0           0                  0          0               0
       -1.51651    0.00471218          0           0                  0          0               0
       -1.51521    0.00483064          0           0                  0          0               0
       -1.51391    0.00495161          0           0                  0          0               0
       -1.51261    0.00507513          0           0                  0          0               0
        -1.5113    0.00520127          0           0                  0          0               0
          -1.51    0.00533006          0           0                  0          0               0
        -1.5087    0.00546156          0           0                  0          0               0
        -1.5074    0.00559581          0           0                  0          0               0
        -1.5061    0.00573287          0           0                  0          0               0
        -1.5048    0.00587278          0           0                  0          0               0
        -1.5035    0.00601558          0           0                  0          0               0
        -1.5022    0.00616133          0           0                  0          0               0
        -1.5009    0.00631005          0           0                  0          0               0
        -1.4996    0.00646181          0           0                  0          0               0
       -1.49829    0.00661663          0           0                  0          0               0
       -1.49699    0.00677457          0           0                  0          0               0
       -1.49569    0.00693567          0           0                  0          0               0
       -1.49439    0.00709996          0           0                  0          0               0
       -1.49309    0.00726749          0           0                  0          0               0
       -1.49179    0.00743829          0           0                  0          0               0
       -1.49049    0.00761241          0           0                  0          0               0
       -1.48919    0.00778988          0           0                  0          0               0
       -1.48789    0.00797074          0           0                  0          0               0
       -1.48659    0.00815503          0           0                  0          0               0
       -1.48528     0.0083428          0           0                  0          0               0
       -1.48398     0.0085341          0           0                  0          0               0
       -1.48268    0.00872897          0           0                  0          0               0
       -1.48138    0.00892747          0           0                  0          0               0
       -1.48008    0.00912963          0           0                  0          0               0
       -1.47878     0.0093355          0           0                  0          0               0
       -1.47748    0.00954514          0           0                  0          0               0
       -1.47618    0.00975857          0           0                  0          0               0
       -1.47488    0.00997585          0           0                  0          0               0
       -1.47357      0.010197          0           0                  0          0               0
       -1.47227     0.0104221          0           0                  0          0               0
       -1.47097     0.0106512          0           0                  0          0               0
       -1.46967     0.0108842          0           0                  0          0               0
       -1.46837     0.0111214          0           0                  0          0               0
       -1.46707     0.0113626          0           0                  0          0               0
       -1.46577     0.0116079          0           0                  0          0               0
       -1.46447     0.0118574          0           0                  0          0               0
       -1.46317     0.0121111          0           0                  0          0               0
       -1.46187      0.012369          0           0                  0          0               0
       -1.46056     0.0126312          0           0                  0          0               0
       -1.45926     0.0128977          0           0                  0          0               0
       -1.45796     0.0131685          0           0                  0          0               0
       -1.45666     0.0134437          0           0                  0          0               0
       -1.45536     0.0137234          0           0                  0          0               0
       -1.45406     0.0140075          0           0                  0          0               0
       -1.45276     0.0142962          0           0                  0          0               0
       -1.45146     0.0145896          0           0                  0          0               0
       -1.45016     0.0148879          0           0                  0          0               0
       -1.44886     0.0151912          0           0                  0          0               0
       -1.44755     0.0154996          0           0                  0          0               0
       -1.44625     0.0158133          0           0                  0          0               0
       -1.44495     0.0161323          0           0                  0          0               0
       -1.44365     0.0164568          0           0                  0          0               0
       -1.44235     0.0167868          0           0                  0          0               0
       -1.44105     0.0171226          0           0                  0          0               0
       -1.43975     0.0174642          0           0                  0          0               0
       -1.43845     0.0178117          0           0                  0          0               0
       -1.43715     0.0181653          0           0                  0          0               0
       -1.43585      0.018525          0           0                  0          0               0
       -1.43454     0.0188909          0           0                  0          0               0
       -1.43324     0.0192632          0           0                  0          0               0
       -1.43194      0.019642          0           0                  0          0               0
       -1.43064     0.0200273          0           0                  0          0               0
       -1.42934     0.0204193          0           0                  0          0               0
       -1.42804      0.020818          0           0                  0          0               0
       -1.42674     0.0212236          0           0                  0          0               0
       -1.42544     0.0216362          0           0                  0          0               0
       -1.42414     0.0220557          0           0                  0          0               0
       -1.42283     0.0224823          0           0                  0          0               0
       -1.42153     0.0229159          0           0                  0          0               0
       -1.42023     0.0233565          0           0                  0          0               0
       -1.41893     0.0238041          0           0                  0          0               0
       -1.41763     0.0242588          0           0                  0          0               0
       -1.41633     0.0247205          0           0                  0          0               0
       -1.41503     0.0251892          0           0                  0          0               0
       -1.41373      0.025665          0           0                  0          0               0
       -1.41243     0.0261478          0           0                  0          0               0
       -1.41113     0.0266377          0           0                  0          0               0
       -1.40982     0.0271346          0           0                  0          0               0
       -1.40852     0.0276386          0           0                  0          0               0
       -1.40722     0.0281496          0           0                  0          0               0
       -1.40592     0.0286677          0           0                  0          0               0
       -1.40462     0.0291928          0           0                  0          0               0
       -1.40332     0.0297249          0           0                  0          0               0
       -1.40202     0.0302641          0           0                  0          0               0
       -1.40072     0.0308104          0           0                  0          0               0
       -1.39942     0.0313637          0           0                  0          0               0
       -1.39812      0.031924          0           0                  0          0               0
       -1.39681     0.0324914          0           0                  0          0               0
       -1.39551      0.033066          0           0                  0          0               0
       -1.39421      0.033648          0           0                  0          0               0
       -1.39291     0.0342375          0           0                  0          0               0
       -1.39161     0.0348349          0           0                  0          0               0
       -1.39031     0.0354401          0           0                  0          0               0
       -1.38901     0.0360535          0           0                  0          0               0
       -1.38771     0.0366751          0           0                  0          0               0
       -1.38641     0.0373053          0           0                  0          0               0
        -1.3851      0.037944          0           0                  0          0               0
        -1.3838     0.0385916          0           0                  0          0               0
        -1.3825     0.0392481          0           0                  0          0               0
        -1.3812     0.0399138          0           0                  0          0               0
        -1.3799     0.0405887          0           0                  0          0               0
        -1.3786     0.0412731          0           0                  0          0               0
        -1.3773     0.0419671          0           0                  0          0               0
         -1.376     0.0426708          0           0                  0          0               0
        -1.3747     0.0433845          0           0                  0          0               0
        -1.3734     0.0441081          0           0                  0          0               0
       -1.37209      0.044842          0           0                  0          0               0
       -1.37079     0.0455862          0           0                  0          0               0
       -1.36949     0.0463409          0           0                  0          0               0
       -1.36819     0.0471063          0           0                  0          0               0
       -1.36689     0.0478823          0           0                  0          0               0
       -1.36559     0.0486693          0           0                  0          0               0
       -1.36429     0.0494673          0           0                  0          0               0
       -1.36299     0.0502764          0           0                  0          0               0
       -1.36169     0.0510968          0           0                  0          0               0
       -1.36039     0.0519286          0           0                  0          0               0
       -1.35908     0.0527719          0           0                  0          0               0
       -1.35778     0.0536268          0           0                  0          0               0
       -1.35648     0.0544935          0           0                  0          0               0
       -1.35518     0.0553721          0           0                  0          0               0
       -1.35388     0.0562627          0           0                  0          0               0
       -1.35258     0.0571654          0           0                  0          0               0
       -1.35128     0.0580802          0           0                  0          0               0
       -1.34998     0.0590074          0           0                  0          0               0
       -1.34868     0.0599471          0           0                  0          0               0
       -1.34738     0.0608992          0           0                  0          0               0
       -1.34607      0.061864          0           0                  0          0               0
       -1.34477     0.0628416          0           0                  0          0               0
       -1.34347     0.0638321          0           0                  0          0               0
       -1.34217     0.0648357          0           0                  0          0               0
       -1.34087     0.0658526          0           0                  0          0               0
       -1.33957      0.066883          0           0                  0          0               0
       -1.33827      0.067927          0           0                  0          0               0
       -1.33697     0.0689847          0           0                  0          0               0
       -1.33567     0.0700565          0           0                  0          0               0
       -1.33436     0.0711423          0           0                  0          0               0
       -1.33306     0.0722423          0           0                  0          0               0
       -1.33176     0.0733568          0           0                  0          0               0
       -1.33046     0.0744858          0           0                  0          0               0
       -1.32916     0.0756295          0           0                  0          0               0
       -1.32786      0.076788          0           0                  0          0               0
       -1.32656     0.0779615          0           0                  0          0               0
       -1.32526     0.0791501          0           0                  0          0               0
       -1.32396      0.080354          0           0                  0          0               0
       -1.32266     0.0815732          0           0                  0          0               0
       -1.32135     0.0828079          0           0                  0          0               0
       -1.32005     0.0840583          0           0                  0          0               0
       -1.31875     0.0853245          0           0                  0          0               0
       -1.31745     0.0866065          0           0                  0          0               0
       -1.31615     0.0879045          0           0                  0          0               0
       -1.31485     0.0892186          0           0                  0          0               0
       -1.31355      0.090549          0           0                  0          0               0
       -1.31225     0.0918957          0           0                  0          0               0
       -1.31095     0.0932588          0           0                  0          0               0
       -1.30965     0.0946385          0           0                  0          0               0
       -1.30834     0.0960349          0           0                  0          0               0
       -1.30704      0.097448          0           0                  0          0               0
       -1.30574     0.0988781          0           0                  0          0               0
       -1.30444      0.100325          0           0                  0          0               0
       -1.30314      0.101789          0           0                  0          0               0
       -1.30184       0.10327          0           0                  0          0               0
       -1.30054      0.104769          0           0                  0          0               0
       -1.29924      0.106285          0           0                  0          0               0
       -1.29794      0.107818          0           0                  0          0               0
       -1.29663      0.109369          0           0                  0          0               0
       -1.29533      0.110938          0           0                  0          0               0
       -1.29403      0.112526          0           0                  0          0               0
       -1.29273      0.114131          0           0                  0          0               0
       -1.29143      0.115756          0           0                  0          0               0
       -1.29013      0.117398          0           0                  0          0               0
       -1.28883       0.11906          0           0                  0          0               0
       -1.28753      0.120741          0           0                  0          0               0
       -1.28623      0.122441          0           0                  0          0               0
       -1.28493       0.12416          0           0                  0          0               0
       -1.28362      0.125899          0           0                  0          0               0
       -1.28232      0.127658          0           0                  0          0               0
       -1.28102      0.129436          0           0                  0          0               0
       -1.27972      0.131235          0           0                  0          0               0
       -1.27842      0.133053          0           0                  0          0               0
       -1.27712      0.134892          0           0                  0          0               0
       -1.27582      0.136751          0           0                  0          0               0
       -1.27452      0.138631          0           0                  0          0               0
       -1.27322      0.140532          0           0                  0          0               0
       -1.27192      0.142453          0           0                  0          0               0
       -1.27061      0.144396          0           0                  0          0               0
       -1.26931      0.146359          0           0                  0          0               0
       -1.26801      0.148344          0           0                  0          0               0
       -1.26671       0.15035          0           0                  0          0               0
       -1.26541      0.152378          0           0                  0          0               0
       -1.26411      0.154427          0           0                  0          0               0
       -1.26281      0.156498          0           0                  0          0               0
       -1.26151      0.158591          0           0                  0          0               0
       -1.26021      0.160705          0           0                  0          0               0
        -1.2589      0.162842          0           0                  0          0               0
        -1.2576      0.165001          0           0                  0          0               0
        -1.2563      0.167183          0           0                  0          0               0
         -1.255      0.169388          0           0                  0          0               0
        -1.2537      0.171618          0           0                  0          0               0
        -1.2524      0.173872          0           0                  0          0               0
        -1.2511      0.176151          0           0                  0          0               0
        -1.2498      0.178455          0           0                  0          0               0
        -1.2485      0.180786          0           0                  0          0               0
        -1.2472      0.183143          0           0                  0          0               0
       -1.24589      0.185527          0           0                  0          0               0
       -1.24459      0.187939          0           0                  0          0               0
       -1.24329      0.190378          0           0                  0          0               0
       -1.24199      0.192846          0           0                  0          0               0
       -1.24069      0.195343          0           0                  0          0               0
       -1.23939      0.197869          0           0                  0          0               0
       -1.23809      0.200425          0           0                  0          0               0
       -1.23679      0.203011          0           0                  0          0               0
       -1.23549      0.205628          0           0                  0          0               0
       -1.23419      0.208276          0           0                  0          0               0
       -1.23288      0.210955          0           0                  0          0               0
       -1.23158      0.213666          0           0                  0          0               0
       -1.23028      0.216409          0           0                  0          0               0
       -1.22898      0.219185          0           0                  0          0               0
       -1.22768      0.221994          0           0                  0          0               0
       -1.22638      0.224836          0           0                  0          0               0
       -1.22508      0.227713          0           0                  0          0               0
       -1.22378      0.230623          0           0                  0          0               0
       -1.22248      0.233568          0           0                  0          0               0
       -1.22118      0.236547          0           0                  0          0               0
       -1.21987      0.239562          0           0                  0          0               0
       -1.21857      0.242611          0           0                  0          0               0
       -1.21727      0.245694          0           0                  0          0               0
       -1.21597      0.248811          0           0                  0          0               0
       -1.21467      0.251962          0           0                  0          0               0
       -1.21337      0.255146          0           0                  0          0               0
       -1.21207      0.258363          0           0                  0          0               0
       -1.21077      0.261613          0           0                  0          0               0
       -1.20947      0.264896          0           0                  0          0               0
       -1.20816       0.26821          0           0                  0          0               0
       -1.20686      0.271557          0           0                  0          0               0
       -1.20556      0.274935          0           0                  0          0               0
       -1.20426      0.278344          0           0                  0          0               0
       -1.20296      0.281785          0           0                  0          0               0
       -1.20166      0.285256          0           0                  0          0               0
       -1.20036      0.288758          0           0                  0          0               0
       -1.19906      0.292289          0           0                  0          0               0
       -1.19776      0.295851          0           0                  0          0               0
       -1.19646      0.299443          0           0                  0          0               0
       -1.19515      0.303063          0           0                  0          0               0
       -1.19385      0.306713          0           0                  0          0               0
       -1.19255      0.310391          0           0                  0          0               0
       -1.19125      0.314099          0           0                  0          0               0
       -1.18995      0.317834          0           0                  0          0               0
       -1.18865      0.321597          0           0                  0          0               0
       -1.18735      0.325388          0           0                  0          0               0
       -1.18605      0.329207          0           0                  0          0               0
       -1.18475      0.333053          0           0                  0          0               0
       -1.18345       0.33693          0           0                  0          0               0
       -1.18214      0.340836          0           0                  0          0               0
       -1.18084      0.344774          0           0                  0          0               0
       -1.17954      0.348745          0           0                  0          0               0
       -1.17824       0.35275          0           0                  0          0               0
       -1.17694       0.35679          0           0                  0          0               0
       -1.17564      0.360865          0           0                  0          0               0
       -1.17434      0.364977          0           0                  0          0               0
       -1.17304      0.369127          0           0                  0          0               0
       -1.17174      0.373315          0           0                  0          0               0
       -1.17043      0.377544          0           0                  0          0               0
       -1.16913      0.381813          0           0                  0          0               0
       -1.16783      0.386124          0           0                  0          0               0
       -1.16653      0.390477          0           0                  0          0               0
       -1.16523      0.394874          0           0                  0          0               0
       -1.16393      0.399315          0           0                  0          0               0
       -1.16263      0.403802          0           0                  0          0               0
       -1.16133      0.408335          0           0                  0          0               0
       -1.16003      0.412915          0           0                  0          0               0
       -1.15873      0.417543          0           0                  0          0               0
       -1.15742      0.422219          0           0                  0          0               0
       -1.15612      0.426945          0           0                  0          0               0
       -1.15482      0.431721          0           0                  0          0               0
       -1.15352      0.436549          0           0                  0          0               0
       -1.15222      0.441427          0           0                  0          0               0
       -1.15092      0.446355          0           0                  0          0               0
       -1.14962      0.451333          0           0                  0          0               0
       -1.14832       0.45636          0           0                  0          0               0
       -1.14702      0.461436          0           0                  0          0               0
       -1.14572      0.466561          0           0                  0          0               0
       -1.14441      0.471734          0           0                  0          0               0
       -1.14311      0.476954          0           0                  0          0               0
       -1.14181      0.482222          0           0                  0          0               0
       -1.14051      0.487537          0           0                  0          0               0
       -1.13921      0.492898          0           0                  0          0               0
       -1.13791      0.498305          0           0                  0          0               0
       -1.13661      0.503757          0           0                  0          0               0
       -1.13531      0.509255          0           0                  0          0               0
       -1.13401      0.514798          0           0                  0          0               0
       -1.13271      0.520385          0           0                  0          0               0
        -1.1314      0.526016          0           0                  0          0               0
        -1.1301       0.53169          0           0                  0          0               0
        -1.1288      0.537408          0           0                  0          0               0
        -1.1275      0.543168          0           0                  0          0               0
        -1.1262      0.548971          0           0                  0          0               0
        -1.1249      0.554816          0           0                  0          0               0
        -1.1236      0.560703          0           0                  0          0               0
        -1.1223       0.56663          0           0                  0          0               0
         -1.121      0.572599          0           0                  0          0               0
       -1.11969      0.578608          0           0                  0          0               0
       -1.11839      0.584657          0           0                  0          0               0
       -1.11709      0.590746          0           0                  0          0               0
       -1.11579      0.596874          0           0                  0          0               0
       -1.11449      0.603041          0           0                  0          0               0
       -1.11319      0.609246          0           0                  0          0               0
       -1.11189       0.61549          0           0                  0          0               0
       -1.11059      0.621771          0           0                  0          0               0
       -1.10929       0.62809          0           0                  0          0               0
       -1.10799      0.634446          0           0                  0          0               0
       -1.10668      0.640838          0           0                  0          0               0
       -1.10538      0.647267          0           0                  0          0               0
       -1.10408      0.653732          0           0                  0          0               0
       -1.10278      0.660232          0           0                  0          0               0
       -1.10148      0.666768          0           0                  0          0               0
       -1.10018      0.673338          0           0                  0          0               0
       -1.09888      0.679943          0           0                  0          0               0
       -1.09758      0.686582          0           0                  0          0               0
       -1.09628      0.693255          0           0                  0          0               0
       -1.09498      0.699962          0           0                  0          0               0
       -1.09367      0.706705          0           0                  0          0               0
       -1.09237      0.713485          0           0                  0          0               0
       -1.09107      0.720303          0           0                  0          0               0
       -1.08977      0.727162          0           0                  0          0               0
       -1.08847      0.734061          0           0                  0          0               0
       -1.08717      0.741004          0           0                  0          0               0
       -1.08587       0.74799          0           0                  0          0               0
       -1.08457      0.755021          0           0                  0          0               0
       -1.08327      0.762099          0           0                  0          0               0
       -1.08196      0.769224          0           0                  0          0               0
       -1.08066      0.776398          0           0                  0          0               0
       -1.07936      0.783623          0           0                  0          0               0
       -1.07806      0.790898          0           0                  0          0               0
       -1.07676      0.798226          0           0                  0          0               0
       -1.07546      0.805608          0           0                  0          0               0
       -1.07416      0.813045          0           0                  0          0               0
       -1.07286      0.820538          0           0                  0          0               0
       -1.07156      0.828088          0           0                  0          0               0
       -1.07026      0.835695          0           0                  0          0               0
       -1.06895      0.843363          0           0                  0          0               0
       -1.06765       0.85109          0           0                  0          0               0
       -1.06635      0.858879          0           0                  0          0               0
       -1.06505       0.86673          0           0                  0          0               0
       -1.06375      0.874645          0           0                  0          0               0
       -1.06245      0.882624          0           0                  0          0               0
       -1.06115      0.890668          0           0                  0          0               0
       -1.05985      0.898778          0           0                  0          0               0
       -1.05855      0.906956          0           0                  0          0               0
       -1.05725      0.915202          0           0                  0          0               0
       -1.05594      0.923517          0           0                  0          0               0
       -1.05464      0.931903          0           0                  0          0               0
       -1.05334      0.940359          0           0                  0          0               0
       -1.05204      0.948886          0           0                  0          0               0
       -1.05074      0.957487          0           0                  0          0               0
       -1.04944      0.966161          0           0                  0          0               0
       -1.04814      0.974909          0           0                  0          0               0
       -1.04684      0.983732          0           0                  0          0               0
       -1.04554      0.992631          0           0                  0          0               0
       -1.04424       1.00161          0           0                  0          0               0
       -1.04293       1.01065          0           0                  0          0               0
       -1.04163       1.01976          0           0                  0          0               0
       -1.04033       1.02893          0           0                  0          0               0
       -1.03903       1.03816          0           0                  0          0               0
       -1.03773       1.04744          0           0                  0          0               0
       -1.03643       1.05677          0           0                  0          0               0
       -1.03513       1.06614          0           0                  0          0               0
       -1.03383       1.07555          0           0                  0          0               0
       -1.03253       1.08499          0           0                  0          0               0
       -1.03122       1.09447          0           0                  0          0               0
       -1.02992       1.10396          0           0                  0          0               0
       -1.02862       1.11348          0           0                  0          0               0
       -1.02732       1.12301          0           0                  0          0               0
       -1.02602       1.13256          0           0                  0          0               0
       -1.02472       1.14212          0           0                  0          0               0
       -1.02342       1.15167          0           0                  0          0               0
       -1.02212       1.16123          0           0                  0          0               0
       -1.02082       1.17079          0           0                  0          0               0
       -1.01952       1.18033          0           0                  0          0               0
       -1.01821       1.18987          0           0                  0          0               0
       -1.01691       1.19939          0           0                  0          0               0
       -1.01561       1.20888          0           0                  0          0               0
       -1.01431       1.21836          0           0                  0          0               0
       -1.01301       1.22781          0           0                  0          0               0
       -1.01171       1.23722          0           0                  0          0               0
       -1.01041       1.24661          0           0                  0          0               0
       -1.00911       1.25595          0           0                  0          0               0
       -1.00781       1.26525          0           0                  0          0               0
       -1.00651       1.27451          0           0                  0          0               0
        -1.0052       1.28372          0           0                  0          0               0
        -1.0039       1.29288          0           0                  0          0               0
        -1.0026       1.30198          0           0                  0          0               0
        -1.0013       1.31102          0           0                  0          0               0
             -1          1.32          0           0                  0          0               0
