-2.30103  0 0 0 0 0 0
-2.29973  0 0 0 0 0 0
-2.29843  0 0 0 0 0 0
-2.29712  0 0 0 0 0 0
-2.29582  0 0 0 0 0 0
-2.29452  0 0 0 0 0 0
-2.29322  0 0 0 0 0 0
-2.29191  0 0 0 0 0 0
-2.29061  0 0 0 0 0 0
-2.28931  0 0 0 0 0 0
-2.28801  0 0 0 0 0 0
-2.2867  0 0 0 0 0 0
-2.2854  0 0 0 0 0 0
-2.2841  0 0 0 0 0 0
-2.2828  0 0 0 0 0 0
-2.2815  0 0 0 0 0 0
-2.28019  0 0 0 0 0 0
-2.27889  0 0 0 0 0 0
-2.27759  0 0 0 0 0 0
-2.27629  0 0 0 0 0 0
-2.27498  0 0 0 0 0 0
-2.27368  0 0 0 0 0 0
-2.27238  0 0 0 0 0 0
-2.27108  0 0 0 0 0 0
-2.26977  0 0 0 0 0 0
-2.26847  0 0 0 0 0 0
-2.26717  0 0 0 0 0 0
-2.26587  0 0 0 0 0 0
-2.26456  0 0 0 0 0 0
-2.26326  0 0 0 0 0 0
-2.26196  0 0 0 0 0 0
-2.26066  0 0 0 0 0 0
-2.25936  0 0 0 0 0 0
-2.25805  0 0 0 0 0 0
-2.25675  0 0 0 0 0 0
-2.25545  0 0 0 0 0 0
-2.25415  0 0 0 0 0 0
-2.25284  0 0 0 0 0 0
-2.25154  0 0 0 0 0 0
-2.25024  0 0 0 0 0 0
-2.24894  0 0 0 0 0 0
-2.24763  0 0 0 0 0 0
-2.24633  0 0 0 0 0 0
-2.24503  0 0 0 0 0 0
-2.24373  0 0 0 0 0 0
-2.24243  0 0 0 0 0 0
-2.24112  0 0 0 0 0 0
-2.23982  0 0 0 0 0 0
-2.23852  0 0 0 0 0 0
-2.23722  0 0 0 0 0 0
-2.23591  0 0 0 0 0 0
-2.23461  0 0 0 0 0 0
-2.23331  0 0 0 0 0 0
-2.23201  0 0 0 0 0 0
-2.2307  0 0 0 0 0 0
-2.2294  0 0 0 0 0 0
-2.2281  0 0 0 0 0 0
-2.2268  0 0 0 0 0 0
-2.22549  0 0 0 0 0 0
-2.22419  0 0 0 0 0 0
-2.22289  0 0 0 0 0 0
-2.22159  0 0 0 0 0 0
-2.22029  0 0 0 0 0 0
-2.21898  0 0 0 0 0 0
-2.21768  0 0 0 0 0 0
-2.21638  0 0 0 0 0 0
-2.21508  0 0 0 0 0 0
-2.21377  0 0 0 0 0 0
-2.21247  0 0 0 0 0 0
-2.21117  0 0 0 0 0 0
-2.20987  0 0 0 0 0 0
-2.20856  0 0 0 0 0 0
-2.20726  0 0 0 0 0 0
-2.20596  0 0 0 0 0 0
-2.20466  0 0 0 0 0 0
-2.20336  0 0 0 0 0 0
-2.20205  0 0 0 0 0 0
-2.20075  0 0 0 0 0 0
-2.19945  0 0 0 0 0 0
-2.19815  0 0 0 0 0 0
-2.19684  0 0 0 0 0 0
-2.19554  0 0 0 0 0 0
-2.19424  0 0 0 0 0 0
-2.19294  0 0 0 0 0 0
-2.19163  0 0 0 0 0 0
-2.19033  0 0 0 0 0 0
-2.18903  0 0 0 0 0 0
-2.18773  0 0 0 0 0 0
-2.18642  0 0 0 0 0 0
-2.18512  0 0 0 0 0 0
-2.18382  0 0 0 0 0 0
-2.18252  0 0 0 0 0 0
-2.18122  0 0 0 0 0 0
-2.17991  0 0 0 0 0 0
-2.17861  0 0 0 0 0 0
-2.17731  0 0 0 0 0 0
-2.17601  0 0 0 0 0 0
-2.1747  0 0 0 0 0 0
-2.1734  0 0 0 0 0 0
-2.1721  0 0 0 0 0 0
-2.1708  0 0 0 0 0 0
-2.16949  0 0 0 0 0 0
-2.16819  0 0 0 0 0 0
-2.16689  0 0 0 0 0 0
-2.16559  0 0 0 0 0 0
-2.16429  0 0 0 0 0 0
-2.16298  0 0 0 0 0 0
-2.16168  0 0 0 0 0 0
-2.16038  0 0 0 0 0 0
-2.15908  0 0 0 0 0 0
-2.15777  0 0 0 0 0 0
-2.15647  0 0 0 0 0 0
-2.15517  0 0 0 0 0 0
-2.15387  0 0 0 0 0 0
-2.15256  0 0 0 0 0 0
-2.15126  0 0 0 0 0 0
-2.14996  0 0 0 0 0 0
-2.14866  0 0 0 0 0 0
-2.14735  0 0 0 0 0 0
-2.14605  0 0 0 0 0 0
-2.14475  0 0 0 0 0 0
-2.14345  0 0 0 0 0 0
-2.14215  0 0 0 0 0 0
-2.14084  0 0 0 0 0 0
-2.13954  0 0 0 0 0 0
-2.13824  0 0 0 0 0 0
-2.13694  0 0 0 0 0 0
-2.13563  0 0 0 0 0 0
-2.13433  0 0 0 0 0 0
-2.13303  0 0 0 0 0 0
-2.13173  0 0 0 0 0 0
-2.13042  0 0 0 0 0 0
-2.12912  0 0 0 0 0 0
-2.12782  0 0 0 0 0 0
-2.12652  0 0 0 0 0 0
-2.12522  0 0 0 0 0 0
-2.12391  0 0 0 0 0 0
-2.12261  0 0 0 0 0 0
-2.12131  0 0 0 0 0 0
-2.12001  0 0 0 0 0 0
-2.1187  0 0 0 0 0 0
-2.1174  0 0 0 0 0 0
-2.1161  0 0 0 0 0 0
-2.1148  0 0 0 0 0 0
-2.11349  0 0 0 0 0 0
-2.11219  0 0 0 0 0 0
-2.11089  0 0 0 0 0 0
-2.10959  0 0 0 0 0 0
-2.10828  0 0 0 0 0 0
-2.10698  0 0 0 0 0 0
-2.10568  0 0 0 0 0 0
-2.10438  0 0 0 0 0 0
-2.10308  0 0 0 0 0 0
-2.10177  0 0 0 0 0 0
-2.10047  0 0 0 0 0 0
-2.09917  0 0 0 0 0 0
-2.09787  0 0 0 0 0 0
-2.09656  0 0 0 0 0 0
-2.09526  0 0 0 0 0 0
-2.09396  0 0 0 0 0 0
-2.09266  0 0 0 0 0 0
-2.09135  0 0 0 0 0 0
-2.09005  0 0 0 0 0 0
-2.08875  0 0 0 0 0 0
-2.08745  0 0 0 0 0 0
-2.08615  0 0 0 0 0 0
-2.08484  0 0 0 0 0 0
-2.08354  0 0 0 0 0 0
-2.08224  0 0 0 0 0 0
-2.08094  0 0 0 0 0 0
-2.07963  0 0 0 0 0 0
-2.07833  0 0 0 0 0 0
-2.07703  0 0 0 0 0 0
-2.07573  0 0 0 0 0 0
-2.07442  0 0 0 0 0 0
-2.07312  0 0 0 0 0 0
-2.07182  0 0 0 0 0 0
-2.07052  0 0 0 0 0 0
-2.06921  0 0 0 0 0 0
-2.06791  0 0 0 0 0 0
-2.06661  0 0 0 0 0 0
-2.06531  0 0 0 0 0 0
-2.06401  0 0 0 0 0 0
-2.0627  0 0 0 0 0 0
-2.0614  0 0 0 0 0 0
-2.0601  0 0 0 0 0 0
-2.0588  0 0 0 0 0 0
-2.05749  0 0 0 0 0 0
-2.05619  0 0 0 0 0 0
-2.05489  0 0 0 0 0 0
-2.05359  0 0 0 0 0 0
-2.05228  0 0 0 0 0 0
-2.05098  0 0 0 0 0 0
-2.04968  0 0 0 0 0 0
-2.04838  0 0 0 0 0 0
-2.04708  0 0 0 0 0 0
-2.04577  0 0 0 0 0 0
-2.04447  0 0 0 0 0 0
-2.04317  0 0 0 0 0 0
-2.04187  0 0 0 0 0 0
-2.04056  0 0 0 0 0 0
-2.03926  0 0 0 0 0 0
-2.03796  0 0 0 0 0 0
-2.03666  0 0 0 0 0 0
-2.03535  0 0 0 0 0 0
-2.03405  0 0 0 0 0 0
-2.03275  0 0 0 0 0 0
-2.03145  0 0 0 0 0 0
-2.03014  0 0 0 0 0 0
-2.02884  0 0 0 0 0 0
-2.02754  0 0 0 0 0 0
-2.02624  0 0 0 0 0 0
-2.02494  0 0 0 0 0 0
-2.02363  0 0 0 0 0 0
-2.02233  0 0 0 0 0 0
-2.02103  0 0 0 0 0 0
-2.01973  0 0 0 0 0 0
-2.01842  0 0 0 0 0 0
-2.01712  0 0 0 0 0 0
-2.01582  0 0 0 0 0 0
-2.01452  0 0 0 0 0 0
-2.01321  0 0 0 0 0 0
-2.01191  0 0 0 0 0 0
-2.01061  0 0 0 0 0 0
-2.00931  0 0 0 0 0 0
-2.00801  0 0 0 0 0 0
-2.0067  0 0 0 0 0 0
-2.0054  0 0 0 0 0 0
-2.0041  0 0 0 0 0 0
-2.0028  0 0 0 0 0 0
-2.00149  0 0 0 0 0 0
-2.00019  0 0 0 0 0 0
-1.99889  0 0 0 0 0 0
-1.99759  0 0 0 0 0 0
-1.99628  0 0 0 0 0 0
-1.99498  0 0 0 0 0 0
-1.99368  0 0 0 0 0 0
-1.99238  0 0 0 0 0 0
-1.99107  0 0 0 0 0 0
-1.98977  0 0 0 0 0 0
-1.98847  0 0 0 0 0 0
-1.98717  0 0 0 0 0 0
-1.98587  0 0 0 0 0 0
-1.98456  0 0 0 0 0 0
-1.98326  0 0 0 0 0 0
-1.98196  0 0 0 0 0 0
-1.98066  0 0 0 0 0 0
-1.97935  0 0 0 0 0 0
-1.97805  0 0 0 0 0 0
-1.97675  0 0 0 0 0 0
-1.97545  0 0 0 0 0 0
-1.97414  0 0 0 0 0 0
-1.97284  0 0 0 0 0 0
-1.97154  0 0 0 0 0 0
-1.97024  0 0 0 0 0 0
-1.96894  0 0 0 0 0 0
-1.96763  0 0 0 0 0 0
-1.96633  0 0 0 0 0 0
-1.96503  0 0 0 0 0 0
-1.96373  0 0 0 0 0 0
-1.96242  0 0 0 0 0 0
-1.96112  0 0 0 0 0 0
-1.95982  0 0 0 0 0 0
-1.95852  0 0 0 0 0 0
-1.95721  0 0 0 0 0 0
-1.95591  0 0 0 0 0 0
-1.95461  0 0 0 0 0 0
-1.95331  0 0 0 0 0 0
-1.952  0 0 0 0 0 0
-1.9507  0 0 0 0 0 0
-1.9494  0 0 0 0 0 0
-1.9481  0 0 0 0 0 0
-1.9468  0 0 0 0 0 0
-1.94549  0 0 0 0 0 0
-1.94419  0 0 0 0 0 0
-1.94289  0 0 0 0 0 0
-1.94159  0 0 0 0 0 0
-1.94028  0 0 0 0 0 0
-1.93898  0 0 0 0 0 0
-1.93768  0 0 0 0 0 0
-1.93638  0 0 0 0 0 0
-1.93507  0 0 0 0 0 0
-1.93377  0 0 0 0 0 0
-1.93247  0 0 0 0 0 0
-1.93117  0 0 0 0 0 0
-1.92987  0 0 0 0 0 0
-1.92856  0 0 0 0 0 0
-1.92726  0 0 0 0 0 0
-1.92596  0 0 0 0 0 0
-1.92466  0 0 0 0 0 0
-1.92335  0 0 0 0 0 0
-1.92205  0 0 0 0 0 0
-1.92075  0 0 0 0 0 0
-1.91945  0 0 0 0 0 0
-1.91814  0 0 0 0 0 0
-1.91684  0 0 0 0 0 0
-1.91554  0 0 0 0 0 0
-1.91424  0 0 0 0 0 0
-1.91293  0 0 0 0 0 0
-1.91163  0 0 0 0 0 0
-1.91033  0 0 0 0 0 0
-1.90903  0 0 0 0 0 0
-1.90773  0 0 0 0 0 0
-1.90642  0 0 0 0 0 0
-1.90512  0 0 0 0 0 0
-1.90382  0 0 0 0 0 0
-1.90252  0 0 0 0 0 0
-1.90121  0 0 0 0 0 0
-1.89991  0 0 0 0 0 0
-1.89861  0 0 0 0 0 0
-1.89731  0 0 0 0 0 0
-1.896  0 0 0 0 0 0
-1.8947  0 0 0 0 0 0
-1.8934  0 0 0 0 0 0
-1.8921  0 0 0 0 0 0
-1.8908  0 0 0 0 0 0
-1.88949  0 0 0 0 0 0
-1.88819  0 0 0 0 0 0
-1.88689  0 0 0 0 0 0
-1.88559  0 0 0 0 0 0
-1.88428  0 0 0 0 0 0
-1.88298  0 0 0 0 0 0
-1.88168  0 0 0 0 0 0
-1.88038  0 0 0 0 0 0
-1.87907  0 0 0 0 0 0
-1.87777  0 0 0 0 0 0
-1.87647  0 0 0 0 0 0
-1.87517  0 0 0 0 0 0
-1.87386  0 0 0 0 0 0
-1.87256  0 0 0 0 0 0
-1.87126  0 0 0 0 0 0
-1.86996  0 0 0 0 0 0
-1.86866  0 0 0 0 0 0
-1.86735  0 0 0 0 0 0
-1.86605  0 0 0 0 0 0
-1.86475  0 0 0 0 0 0
-1.86345  0 0 0 0 0 0
-1.86214  0 0 0 0 0 0
-1.86084  0 0 0 0 0 0
-1.85954  0 0 0 0 0 0
-1.85824  0 0 0 0 0 0
-1.85693  0 0 0 0 0 0
-1.85563  0 0 0 0 0 0
-1.85433  0 0 0 0 0 0
-1.85303  0 0 0 0 0 0
-1.85173  0 0 0 0 0 0
-1.85042  0 0 0 0 0 0
-1.84912  0 0 0 0 0 0
-1.84782  0 0 0 0 0 0
-1.84652  0 0 0 0 0 0
-1.84521  0 0 0 0 0 0
-1.84391  0 0 0 0 0 0
-1.84261  0 0 0 0 0 0
-1.84131  0 0 0 0 0 0
-1.84  0 0 0 0 0 0
-1.8387  0 0 0 0 0 0
-1.8374  0 0 0 0 0 0
-1.8361  0 0 0 0 0 0
-1.8348  0 0 0 0 0 0
-1.83349  0 0 0 0 0 0
-1.83219  0 0 0 0 0 0
-1.83089  0 0 0 0 0 0
-1.82959  0 0 0 0 0 0
-1.82828  0 0 0 0 0 0
-1.82698  0 0 0 0 0 0
-1.82568  0 0 0 0 0 0
-1.82438  0 0 0 0 0 0
-1.82307  0 0 0 0 0 0
-1.82177  0 0 0 0 0 0
-1.82047  0 0 0 0 0 0
-1.81917  0 0 0 0 0 0
-1.81786  0 0 0 0 0 0
-1.81656  0 0 0 0 0 0
-1.81526  0 0 0 0 0 0
-1.81396  0 0 0 0 0 0
-1.81266  0 0 0 0 0 0
-1.81135  0 0 0 0 0 0
-1.81005  0 0 0 0 0 0
-1.80875  0 0 0 0 0 0
-1.80745  0 0 0 0 0 0
-1.80614  0 0 0 0 0 0
-1.80484  0 0 0 0 0 0
-1.80354  0 0 0 0 0 0
-1.80224  0 0 0 0 0 0
-1.80093  0 0 0 0 0 0
-1.79963  0 0 0 0 0 0
-1.79833  0 0 0 0 0 0
-1.79703  0 0 0 0 0 0
-1.79573  0 0 0 0 0 0
-1.79442  0 0 0 0 0 0
-1.79312  0 0 0 0 0 0
-1.79182  0 0 0 0 0 0
-1.79052  0 0 0 0 0 0
-1.78921  0 0 0 0 0 0
-1.78791  0 0 0 0 0 0
-1.78661  0 0 0 0 0 0
-1.78531  0 0 0 0 0 0
-1.784  0 0 0 0 0 0
-1.7827  0 0 0 0 0 0
-1.7814  0 0 0 0 0 0
-1.7801  0 0 0 0 0 0
-1.77879  0 0 0 0 0 0
-1.77749  0 0 0 0 0 0
-1.77619  0 0 0 0 0 0
-1.77489  0 0 0 0 0 0
-1.77359  0 0 0 0 0 0
-1.77228  0 0 0 0 0 0
-1.77098  0 0 0 0 0 0
-1.76968  0 0 0 0 0 0
-1.76838  0 0 0 0 0 0
-1.76707  0 0 0 0 0 0
-1.76577  0 0 0 0 0 0
-1.76447  0 0 0 0 0 0
-1.76317  0 0 0 0 0 0
-1.76186  0 0 0 0 0 0
-1.76056  0 0 0 0 0 0
-1.75926  0 0 0 0 0 0
-1.75796  0 0 0 0 0 0
-1.75666  0 0 0 0 0 0
-1.75535  0 0 0 0 0 0
-1.75405  0 0 0 0 0 0
-1.75275  0 0 0 0 0 0
-1.75145  0 0 0 0 0 0
-1.75014  0 0 0 0 0 0
-1.74884  0 0 0 0 0 0
-1.74754  0 0 0 0 0 0
-1.74624  0 0 0 0 0 0
-1.74493  0 0 0 0 0 0
-1.74363  0 0 0 0 0 0
-1.74233  0 0 0 0 0 0
-1.74103  0 0 0 0 0 0
-1.73972  0 0 0 0 0 0
-1.73842  0 0 0 0 0 0
-1.73712  0 0 0 0 0 0
-1.73582  0 0 0 0 0 0
-1.73452  0 0 0 0 0 0
-1.73321  0 0 0 0 0 0
-1.73191  0 0 0 0 0 0
-1.73061  0 0 0 0 0 0
-1.72931  0 0 0 0 0 0
-1.728  0 0 0 0 0 0
-1.7267  0 0 0 0 0 0
-1.7254  0 0 0 0 0 0
-1.7241  0 0 0 0 0 0
-1.72279  0 0 0 0 0 0
-1.72149  0 0 0 0 0 0
-1.72019  0 0 0 0 0 0
-1.71889  0 0 0 0 0 0
-1.71759  0 0 0 0 0 0
-1.71628  0 0 0 0 0 0
-1.71498  0 0 0 0 0 0
-1.71368  0 0 0 0 0 0
-1.71238  0 0 0 0 0 0
-1.71107  0 0 0 0 0 0
-1.70977  0 0 0 0 0 0
-1.70847  0 0 0 0 0 0
-1.70717  0 0 0 0 0 0
-1.70586  0 0 0 0 0 0
-1.70456  0 0 0 0 0 0
-1.70326  0 0 0 0 0 0
-1.70196  0 0 0 0 0 0
-1.70065  0 0 0 0 0 0
-1.69935  0 0 0 0 0 0
-1.69805  0 0 0 0 0 0
-1.69675  0 0 0 0 0 0
-1.69545  0 0 0 0 0 0
-1.69414  0 0 0 0 0 0
-1.69284  0 0 0 0 0 0
-1.69154  0 0 0 0 0 0
-1.69024  0 0 0 0 0 0
-1.68893  0 0 0 0 0 0
-1.68763  0 0 0 0 0 0
-1.68633  0 0 0 0 0 0
-1.68503  0 0 0 0 0 0
-1.68372  0 0 0 0 0 0
-1.68242  0 0 0 0 0 0
-1.68112  0 0 0 0 0 0
-1.67982  0 0 0 0 0 0
-1.67852  0 0 0 0 0 0
-1.67721  0 0 0 0 0 0
-1.67591  0 0 0 0 0 0
-1.67461  0 0 0 0 0 0
-1.67331  0 0 0 0 0 0
-1.672  0 0 0 0 0 0
-1.6707  0 0 0 0 0 0
-1.6694  0 0 0 0 0 0
-1.6681  0 0 0 0 0 0
-1.66679  0 0 0 0 0 0
-1.66549  0 0 0 0 0 0
-1.66419  0 0 0 0 0 0
-1.66289  0 0 0 0 0 0
-1.66158  0 0 0 0 0 0
-1.66028  0 0 0 0 0 0
-1.65898  0 0 0 0 0 0
-1.65768  0 0 0 0 0 0
-1.65638  0 0 0 0 0 0
-1.65507  0 0 0 0 0 0
-1.65377  0 0 0 0 0 0
-1.65247  0 0 0 0 0 0
-1.65117  0 0 0 0 0 0
-1.64986  0 0 0 0 0 0
-1.64856  0 0 0 0 0 0
-1.64726  0 0 0 0 0 0
-1.64596  0 0 0 0 0 0
-1.64465  0 0 0 0 0 0
-1.64335  0 0 0 0.000101177 0.000101177 0.000101177
-1.64205  0 0 0 0.000105344 0.000105344 0.000105344
-1.64075  0 0 0 0.000109614 0.000109614 0.000109614
-1.63945  0 0 0 0.000113988 0.000113988 0.000113988
-1.63814  0.000102496 0.000102496 0.000102496 0.000118468 0.000118468 0.000118468
-1.63684  0.000107026 0.000107026 0.000107026 0.000123054 0.000123054 0.000123054
-1.63554  0.000111695 0.000111695 0.000111695 0.00012775 0.00012775 0.00012775
-1.63424  0.000116508 0.000116508 0.000116508 0.000132556 0.000132556 0.000132556
-1.63293  0.000121466 0.000121466 0.000121466 0.000137475 0.000137475 0.000137475
-1.63163  0.000126573 0.000126573 0.000126573 0.000142508 0.000142508 0.000142508
-1.63033  0.000131832 0.000131832 0.000131832 0.000147656 0.000147656 0.000147656
-1.62903  0.000137247 0.000137247 0.000137247 0.000152923 0.000152923 0.000152923
-1.62772  0.000142821 0.000142821 0.000142821 0.000158309 0.000158309 0.000158309
-1.62642  0.000148557 0.000148557 0.000148557 0.000163816 0.000163816 0.000163816
-1.62512  0.000154458 0.000154458 0.000154458 0.000169446 0.000169446 0.000169446
-1.62382  0.000160528 0.000160528 0.000160528 0.000175202 0.000175202 0.000175202
-1.62251  0.000166771 0.000166771 0.000166771 0.000181084 0.000181084 0.000181084
-1.62121  0.000173189 0.000173189 0.000173189 0.000187096 0.000187096 0.000187096
-1.61991  0.000179787 0.000179787 0.000179787 0.000193238 0.000193238 0.000193238
-1.61861  0.000186569 0.000186569 0.000186569 0.000199513 0.000199513 0.000199513
-1.61731  0.000193537 0.000193537 0.000193537 0.000205923 0.000205923 0.000205923
-1.616  0.000200696 0.000200696 0.000200696 0.000212469 0.000212469 0.000212469
-1.6147  0.000208049 0.000208049 0.000208049 0.000219155 0.000219155 0.000219155
-1.6134  0.0002156 0.0002156 0.0002156 0.000225981 0.000225981 0.000225981
-1.6121  0.000223353 0.000223353 0.000223353 0.000232951 0.000232951 0.000232951
-1.61079  0.000231312 0.000231312 0.000231312 0.000240066 0.000240066 0.000240066
-1.60949  0.000239481 0.000239481 0.000239481 0.000247328 0.000247328 0.000247328
-1.60819  0.000247865 0.000247865 0.000247865 0.000254739 0.000254739 0.000254739
-1.60689  0.000256466 0.000256466 0.000256466 0.000262302 0.000262302 0.000262302
-1.60558  0.000265289 0.000265289 0.000265289 0.000270019 0.000270019 0.000270019
-1.60428  0.000274339 0.000274339 0.000274339 0.000277892 0.000277892 0.000277892
-1.60298  0.00028362 0.00028362 0.00028362 0.000285923 0.000285923 0.000285923
-1.60168  0.000293135 0.000293135 0.000293135 0.000294116 0.000294116 0.000294116
-1.60038  0.00030289 0.00030289 0.00030289 0.000302471 0.000302471 0.000302471
-1.59907  0.000312888 0.000312888 0.000312888 0.000310992 0.000310992 0.000310992
-1.59777  0.000323133 0.000323133 0.000323133 0.000319683 0.000319683 0.000319683
-1.59647  0.000333629 0.000333629 0.000333629 0.000328547 0.000328547 0.000328547
-1.59517  0.000344378 0.000344378 0.000344378 0.00033759 0.00033759 0.00033759
-1.59386  0.000355385 0.000355385 0.000355385 0.000346815 0.000346815 0.000346815
-1.59256  0.000366654 0.000366654 0.000366654 0.000356227 0.000356227 0.000356227
-1.59126  0.000378188 0.000378188 0.000378188 0.000365829 0.000365829 0.000365829
-1.58996  0.00038999 0.00038999 0.00038999 0.000375626 0.000375626 0.000375626
-1.58865  0.000402065 0.000402065 0.000402065 0.000385623 0.000385623 0.000385623
-1.58735  0.000414417 0.000414417 0.000414417 0.000395824 0.000395824 0.000395824
-1.58605  0.000427049 0.000427049 0.000427049 0.000406234 0.000406234 0.000406234
-1.58475  0.000439965 0.000439965 0.000439965 0.000416856 0.000416856 0.000416856
-1.58344  0.000453169 0.000453169 0.000453169 0.000427697 0.000427697 0.000427697
-1.58214  0.000466666 0.000466666 0.000466666 0.00043876 0.00043876 0.00043876
-1.58084  0.000480458 0.000480458 0.000480458 0.000450051 0.000450051 0.000450051
-1.57954  0.000494552 0.000494552 0.000494552 0.000461574 0.000461574 0.000461574
-1.57824  0.000508949 0.000508949 0.000508949 0.000473334 0.000473334 0.000473334
-1.57693  0.000523656 0.000523656 0.000523656 0.000485336 0.000485336 0.000485336
-1.57563  0.000538675 0.000538675 0.000538675 0.000497586 0.000497586 0.000497586
-1.57433  0.000554012 0.000554012 0.000554012 0.000510088 0.000510088 0.000510088
-1.57303  0.00056967 0.00056967 0.00056967 0.000522848 0.000522848 0.000522848
-1.57172  0.000585654 0.000585654 0.000585654 0.000535871 0.000535871 0.000535871
-1.57042  0.000601969 0.000601969 0.000601969 0.000549162 0.000549162 0.000549162
-1.56912  0.000618619 0.000618619 0.000618619 0.000562727 0.000562727 0.000562727
-1.56782  0.000635608 0.000635608 0.000635608 0.000576571 0.000576571 0.000576571
-1.56651  0.000652942 0.000652942 0.000652942 0.0005907 0.0005907 0.0005907
-1.56521  0.000670624 0.000670624 0.000670624 0.000605119 0.000605119 0.000605119
-1.56391  0.000688659 0.000688659 0.000688659 0.000619835 0.000619835 0.000619835
-1.56261  0.000707053 0.000707053 0.000707053 0.000634853 0.000634853 0.000634853
-1.56131  0.00072581 0.00072581 0.00072581 0.000650179 0.000650179 0.000650179
-1.56  0.000744935 0.000744935 0.000744935 0.000665818 0.000665818 0.000665818
-1.5587  0.000764432 0.000764432 0.000764432 0.000681778 0.000681778 0.000681778
-1.5574  0.000784307 0.000784307 0.000784307 0.000698063 0.000698063 0.000698063
-1.5561  0.000804566 0.000804566 0.000804566 0.000714681 0.000714681 0.000714681
-1.55479  0.000825211 0.000825211 0.000825211 0.000731638 0.000731638 0.000731638
-1.55349  0.00084625 0.00084625 0.00084625 0.000748939 0.000748939 0.000748939
-1.55219  0.000867688 0.000867688 0.000867688 0.000766592 0.000766592 0.000766592
-1.55089  0.000889528 0.000889528 0.000889528 0.000784603 0.000784603 0.000784603
-1.54958  0.000911778 0.000911778 0.000911778 0.000802978 0.000802978 0.000802978
-1.54828  0.000934441 0.000934441 0.000934441 0.000821725 0.000821725 0.000821725
-1.54698  0.000957525 0.000957525 0.000957525 0.000840849 0.000840849 0.000840849
-1.54568  0.000981033 0.000981033 0.000981033 0.000860359 0.000860359 0.000860359
-1.54437  0.00100497 0.00100497 0.00100497 0.00088026 0.00088026 0.00088026
-1.54307  0.00102935 0.00102935 0.00102935 0.000900561 0.000900561 0.000900561
-1.54177  0.00105416 0.00105416 0.00105416 0.000921267 0.000921267 0.000921267
-1.54047  0.00107943 0.00107943 0.00107943 0.000942387 0.000942387 0.000942387
-1.53917  0.00110515 0.00110515 0.00110515 0.000963928 0.000963928 0.000963928
-1.53786  0.00113133 0.00113133 0.00113133 0.000985897 0.000985897 0.000985897
-1.53656  0.00115797 0.00115797 0.00115797 0.0010083 0.0010083 0.0010083
-1.53526  0.00118508 0.00118508 0.00118508 0.00103115 0.00103115 0.00103115
-1.53396  0.00121267 0.00121267 0.00121267 0.00105445 0.00105445 0.00105445
-1.53265  0.00124075 0.00124075 0.00124075 0.00107821 0.00107821 0.00107821
-1.53135  0.00126931 0.00126931 0.00126931 0.00110243 0.00110243 0.00110243
-1.53005  0.00129838 0.00129838 0.00129838 0.00112713 0.00112713 0.00112713
-1.52875  0.00132794 0.00132794 0.00132794 0.00115232 0.00115232 0.00115232
-1.52744  0.00135801 0.00135801 0.00135801 0.00117799 0.00117799 0.00117799
-1.52614  0.0013886 0.0013886 0.0013886 0.00120417 0.00120417 0.00120417
-1.52484  0.00141971 0.00141971 0.00141971 0.00123085 0.00123085 0.00123085
-1.52354  0.00145135 0.00145135 0.00145135 0.00125805 0.00125805 0.00125805
-1.52224  0.00148352 0.00148352 0.00148352 0.00128577 0.00128577 0.00128577
-1.52093  0.00151623 0.00151623 0.00151623 0.00131403 0.00131403 0.00131403
-1.51963  0.0015495 0.0015495 0.0015495 0.00134283 0.00134283 0.00134283
-1.51833  0.00158333 0.00158333 0.00158333 0.00137218 0.00137218 0.00137218
-1.51703  0.00161773 0.00161773 0.00161773 0.00140207 0.00140207 0.00140207
-1.51572  0.00165271 0.00165271 0.00165271 0.00143253 0.00143253 0.00143253
-1.51442  0.00168829 0.00168829 0.00168829 0.00146355 0.00146355 0.00146355
-1.51312  0.00172448 0.00172448 0.00172448 0.00149514 0.00149514 0.00149514
-1.51182  0.00176129 0.00176129 0.00176129 0.0015273 0.0015273 0.0015273
-1.51051  0.00179873 0.00179873 0.00179873 0.00156004 0.00156004 0.00156004
-1.50921  0.00183682 0.00183682 0.00183682 0.00159336 0.00159336 0.00159336
-1.50791  0.00187556 0.00187556 0.00187556 0.00162728 0.00162728 0.00162728
-1.50661  0.00191497 0.00191497 0.00191497 0.0016618 0.0016618 0.0016618
-1.5053  0.00195506 0.00195506 0.00195506 0.00169692 0.00169692 0.00169692
-1.504  0.00199585 0.00199585 0.00199585 0.00173264 0.00173264 0.00173264
-1.5027  0.00203735 0.00203735 0.00203735 0.00176899 0.00176899 0.00176899
-1.5014  0.00207957 0.00207957 0.00207957 0.00180595 0.00180595 0.00180595
-1.5001  0.00212252 0.00212252 0.00212252 0.00184354 0.00184354 0.00184354
-1.49879  0.00216622 0.00216622 0.00216622 0.00188176 0.00188176 0.00188176
-1.49749  0.00221068 0.00221068 0.00221068 0.00192063 0.00192063 0.00192063
-1.49619  0.00225592 0.00225592 0.00225592 0.00196014 0.00196014 0.00196014
-1.49489  0.00230194 0.00230194 0.00230194 0.0020003 0.0020003 0.0020003
-1.49358  0.00234878 0.00234878 0.00234878 0.00204111 0.00204111 0.00204111
-1.49228  0.00239643 0.00239643 0.00239643 0.0020826 0.0020826 0.0020826
-1.49098  0.00244491 0.00244491 0.00244491 0.00212475 0.00212475 0.00212475
-1.48968  0.00249424 0.00249424 0.00249424 0.00216758 0.00216758 0.00216758
-1.48837  0.00254444 0.00254444 0.00254444 0.0022111 0.0022111 0.0022111
-1.48707  0.00259552 0.00259552 0.00259552 0.00225531 0.00225531 0.00225531
-1.48577  0.00264749 0.00264749 0.00264749 0.00230021 0.00230021 0.00230021
-1.48447  0.00270037 0.00270037 0.00270037 0.00234582 0.00234582 0.00234582
-1.48317  0.00275417 0.00275417 0.00275417 0.00239214 0.00239214 0.00239214
-1.48186  0.00280892 0.00280892 0.00280892 0.00243918 0.00243918 0.00243918
-1.48056  0.00286463 0.00286463 0.00286463 0.00248694 0.00248694 0.00248694
-1.47926  0.00292131 0.00292131 0.00292131 0.00253544 0.00253544 0.00253544
-1.47796  0.00297898 0.00297898 0.00297898 0.00258467 0.00258467 0.00258467
-1.47665  0.00303766 0.00303766 0.00303766 0.00263465 0.00263465 0.00263465
-1.47535  0.00309737 0.00309737 0.00309737 0.00268539 0.00268539 0.00268539
-1.47405  0.00315812 0.00315812 0.00315812 0.00273688 0.00273688 0.00273688
-1.47275  0.00321993 0.00321993 0.00321993 0.00278914 0.00278914 0.00278914
-1.47144  0.00328282 0.00328282 0.00328282 0.00284218 0.00284218 0.00284218
-1.47014  0.0033468 0.0033468 0.0033468 0.002896 0.002896 0.002896
-1.46884  0.0034119 0.0034119 0.0034119 0.00295061 0.00295061 0.00295061
-1.46754  0.00347814 0.00347814 0.00347814 0.00300602 0.00300602 0.00300602
-1.46623  0.00354552 0.00354552 0.00354552 0.00306223 0.00306223 0.00306223
-1.46493  0.00361408 0.00361408 0.00361408 0.00311926 0.00311926 0.00311926
-1.46363  0.00368382 0.00368382 0.00368382 0.00317711 0.00317711 0.00317711
-1.46233  0.00375478 0.00375478 0.00375478 0.00323579 0.00323579 0.00323579
-1.46103  0.00382696 0.00382696 0.00382696 0.0032953 0.0032953 0.0032953
-1.45972  0.0039004 0.0039004 0.0039004 0.00335566 0.00335566 0.00335566
-1.45842  0.0039751 0.0039751 0.0039751 0.00341687 0.00341687 0.00341687
-1.45712  0.0040511 0.0040511 0.0040511 0.00347894 0.00347894 0.00347894
-1.45582  0.0041284 0.0041284 0.0041284 0.00354188 0.00354188 0.00354188
-1.45451  0.00420704 0.00420704 0.00420704 0.0036057 0.0036057 0.0036057
-1.45321  0.00428702 0.00428702 0.00428702 0.00367041 0.00367041 0.00367041
-1.45191  0.00436838 0.00436838 0.00436838 0.00373602 0.00373602 0.00373602
-1.45061  0.00445111 0.00445111 0.00445111 0.00380254 0.00380254 0.00380254
-1.4493  0.00453524 0.00453524 0.00453524 0.00387 0.00387 0.00387
-1.448  0.00462078 0.00462078 0.00462078 0.00393841 0.00393841 0.00393841
-1.4467  0.00470775 0.00470775 0.00470775 0.00400779 0.00400779 0.00400779
-1.4454  0.00479615 0.00479615 0.00479615 0.00407815 0.00407815 0.00407815
-1.4441  0.00488602 0.00488602 0.00488602 0.00414951 0.00414951 0.00414951
-1.44279  0.00497735 0.00497735 0.00497735 0.00422188 0.00422188 0.00422188
-1.44149  0.00507017 0.00507017 0.00507017 0.0042953 0.0042953 0.0042953
-1.44019  0.00516449 0.00516449 0.00516449 0.00436976 0.00436976 0.00436976
-1.43889  0.00526033 0.00526033 0.00526033 0.00444529 0.00444529 0.00444529
-1.43758  0.0053577 0.0053577 0.0053577 0.00452191 0.00452191 0.00452191
-1.43628  0.00545663 0.00545663 0.00545663 0.00459964 0.00459964 0.00459964
-1.43498  0.00555712 0.00555712 0.00555712 0.00467849 0.00467849 0.00467849
-1.43368  0.00565919 0.00565919 0.00565919 0.00475849 0.00475849 0.00475849
-1.43237  0.00576286 0.00576286 0.00576286 0.00483964 0.00483964 0.00483964
-1.43107  0.00586815 0.00586815 0.00586815 0.00492198 0.00492198 0.00492198
-1.42977  0.00597507 0.00597507 0.00597507 0.00500552 0.00500552 0.00500552
-1.42847  0.00608364 0.00608364 0.00608364 0.00509028 0.00509028 0.00509028
-1.42717  0.00619387 0.00619387 0.00619387 0.00517628 0.00517628 0.00517628
-1.42586  0.0063058 0.0063058 0.0063058 0.00526354 0.00526354 0.00526354
-1.42456  0.00641942 0.00641942 0.00641942 0.00535208 0.00535208 0.00535208
-1.42326  0.00653476 0.00653476 0.00653476 0.00544192 0.00544192 0.00544192
-1.42196  0.00665185 0.00665185 0.00665185 0.00553308 0.00553308 0.00553308
-1.42065  0.00677068 0.00677068 0.00677068 0.00562559 0.00562559 0.00562559
-1.41935  0.00689129 0.00689129 0.00689129 0.00571946 0.00571946 0.00571946
-1.41805  0.0070137 0.0070137 0.0070137 0.00581472 0.00581472 0.00581472
-1.41675  0.00713791 0.00713791 0.00713791 0.00591139 0.00591139 0.00591139
-1.41544  0.00726395 0.00726395 0.00726395 0.00600949 0.00600949 0.00600949
-1.41414  0.00739185 0.00739185 0.00739185 0.00610904 0.00610904 0.00610904
-1.41284  0.00752161 0.00752161 0.00752161 0.00621007 0.00621007 0.00621007
-1.41154  0.00765325 0.00765325 0.00765325 0.0063126 0.0063126 0.0063126
-1.41023  0.00778681 0.00778681 0.00778681 0.00641665 0.00641665 0.00641665
-1.40893  0.00792229 0.00792229 0.00792229 0.00652225 0.00652225 0.00652225
-1.40763  0.00805971 0.00805971 0.00805971 0.00662942 0.00662942 0.00662942
-1.40633  0.0081991 0.0081991 0.0081991 0.00673818 0.00673818 0.00673818
-1.40503  0.00834048 0.00834048 0.00834048 0.00684857 0.00684857 0.00684857
-1.40372  0.00848386 0.00848386 0.00848386 0.00696059 0.00696059 0.00696059
-1.40242  0.00862927 0.00862927 0.00862927 0.00707429 0.00707429 0.00707429
-1.40112  0.00877673 0.00877673 0.00877673 0.00718968 0.00718968 0.00718968
-1.39982  0.00892626 0.00892626 0.00892626 0.0073068 0.0073068 0.0073068
-1.39851  0.00907788 0.00907788 0.00907788 0.00742566 0.00742566 0.00742566
-1.39721  0.00923161 0.00923161 0.00923161 0.00754629 0.00754629 0.00754629
-1.39591  0.00938747 0.00938747 0.00938747 0.00766872 0.00766872 0.00766872
-1.39461  0.00954549 0.00954549 0.00954549 0.00779297 0.00779297 0.00779297
-1.3933  0.0097057 0.0097057 0.0097057 0.00791905 0.00791905 0.00791905
-1.392  0.00986813 0.00986813 0.00986813 0.00804697 0.00804697 0.00804697
-1.3907  0.0100328 0.0100328 0.0100328 0.00817673 0.00817673 0.00817673
-1.3894  0.0101998 0.0101998 0.0101998 0.00830834 0.00830834 0.00830834
-1.3881  0.010369 0.010369 0.010369 0.00844182 0.00844182 0.00844182
-1.38679  0.0105406 0.0105406 0.0105406 0.00857718 0.00857718 0.00857718
-1.38549  0.0107146 0.0107146 0.0107146 0.00871442 0.00871442 0.00871442
-1.38419  0.010891 0.010891 0.010891 0.00885356 0.00885356 0.00885356
-1.38289  0.0110698 0.0110698 0.0110698 0.0089946 0.0089946 0.0089946
-1.38158  0.0112511 0.0112511 0.0112511 0.00913755 0.00913755 0.00913755
-1.38028  0.0114349 0.0114349 0.0114349 0.00928243 0.00928243 0.00928243
-1.37898  0.0116212 0.0116212 0.0116212 0.00942924 0.00942924 0.00942924
-1.37768  0.0118101 0.0118101 0.0118101 0.00957799 0.00957799 0.00957799
-1.37637  0.0120016 0.0120016 0.0120016 0.0097287 0.0097287 0.0097287
-1.37507  0.0121958 0.0121958 0.0121958 0.00988137 0.00988137 0.00988137
-1.37377  0.0123926 0.0123926 0.0123926 0.010036 0.010036 0.010036
-1.37247  0.0125921 0.0125921 0.0125921 0.0101926 0.0101926 0.0101926
-1.37116  0.0127944 0.0127944 0.0127944 0.0103512 0.0103512 0.0103512
-1.36986  0.0129994 0.0129994 0.0129994 0.0105119 0.0105119 0.0105119
-1.36856  0.0132073 0.0132073 0.0132073 0.0106745 0.0106745 0.0106745
-1.36726  0.013418 0.013418 0.013418 0.0108391 0.0108391 0.0108391
-1.36596  0.0136317 0.0136317 0.0136317 0.0110058 0.0110058 0.0110058
-1.36465  0.0138482 0.0138482 0.0138482 0.0111745 0.0111745 0.0111745
-1.36335  0.0140677 0.0140677 0.0140677 0.0113453 0.0113453 0.0113453
-1.36205  0.0142902 0.0142902 0.0142902 0.0115181 0.0115181 0.0115181
-1.36075  0.0145158 0.0145158 0.0145158 0.011693 0.011693 0.011693
-1.35944  0.0147445 0.0147445 0.0147445 0.01187 0.01187 0.01187
-1.35814  0.0149762 0.0149762 0.0149762 0.0120491 0.0120491 0.0120491
-1.35684  0.0152112 0.0152112 0.0152112 0.0122302 0.0122302 0.0122302
-1.35554  0.0154493 0.0154493 0.0154493 0.0124135 0.0124135 0.0124135
-1.35423  0.0156908 0.0156908 0.0156908 0.0125989 0.0125989 0.0125989
-1.35293  0.0159355 0.0159355 0.0159355 0.0127864 0.0127864 0.0127864
-1.35163  0.0161835 0.0161835 0.0161835 0.0129761 0.0129761 0.0129761
-1.35033  0.0164349 0.0164349 0.0164349 0.0131679 0.0131679 0.0131679
-1.34903  0.0166897 0.0166897 0.0166897 0.0133618 0.0133618 0.0133618
-1.34772  0.016948 0.016948 0.016948 0.0135579 0.0135579 0.0135579
-1.34642  0.0172098 0.0172098 0.0172098 0.0137562 0.0137562 0.0137562
-1.34512  0.0174752 0.0174752 0.0174752 0.0139567 0.0139567 0.0139567
-1.34382  0.0177441 0.0177441 0.0177441 0.0141594 0.0141594 0.0141594
-1.34251  0.0180167 0.0180167 0.0180167 0.0143644 0.0143644 0.0143644
-1.34121  0.018293 0.018293 0.018293 0.0145716 0.0145716 0.0145716
-1.33991  0.018573 0.018573 0.018573 0.0147811 0.0147811 0.0147811
-1.33861  0.0188567 0.0188567 0.0188567 0.0149929 0.0149929 0.0149929
-1.3373  0.0191443 0.0191443 0.0191443 0.0152072 0.0152072 0.0152072
-1.336  0.0194358 0.0194358 0.0194358 0.0154239 0.0154239 0.0154239
-1.3347  0.0197311 0.0197311 0.0197311 0.015643 0.015643 0.015643
-1.3334  0.0200304 0.0200304 0.0200304 0.0158646 0.0158646 0.0158646
-1.33209  0.0203337 0.0203337 0.0203337 0.0160888 0.0160888 0.0160888
-1.33079  0.0206411 0.0206411 0.0206411 0.0163156 0.0163156 0.0163156
-1.32949  0.0209525 0.0209525 0.0209525 0.016545 0.016545 0.016545
-1.32819  0.0212681 0.0212681 0.0212681 0.016777 0.016777 0.016777
-1.32689  0.0215878 0.0215878 0.0215878 0.0170117 0.0170117 0.0170117
-1.32558  0.0219119 0.0219119 0.0219119 0.0172492 0.0172492 0.0172492
-1.32428  0.0222401 0.0222401 0.0222401 0.0174895 0.0174895 0.0174895
-1.32298  0.0225728 0.0225728 0.0225728 0.0177326 0.0177326 0.0177326
-1.32168  0.0229098 0.0229098 0.0229098 0.0179786 0.0179786 0.0179786
-1.32037  0.0232512 0.0232512 0.0232512 0.0182274 0.0182274 0.0182274
-1.31907  0.0235972 0.0235972 0.0235972 0.0184793 0.0184793 0.0184793
-1.31777  0.0239477 0.0239477 0.0239477 0.0187342 0.0187342 0.0187342
-1.31647  0.0243028 0.0243028 0.0243028 0.0189921 0.0189921 0.0189921
-1.31516  0.0246625 0.0246625 0.0246625 0.0192531 0.0192531 0.0192531
-1.31386  0.0250269 0.0250269 0.0250269 0.0195172 0.0195172 0.0195172
-1.31256  0.0253961 0.0253961 0.0253961 0.0197846 0.0197846 0.0197846
-1.31126  0.0257701 0.0257701 0.0257701 0.0200552 0.0200552 0.0200552
-1.30996  0.026149 0.026149 0.026149 0.0203291 0.0203291 0.0203291
-1.30865  0.0265328 0.0265328 0.0265328 0.0206063 0.0206063 0.0206063
-1.30735  0.0269215 0.0269215 0.0269215 0.0208869 0.0208869 0.0208869
-1.30605  0.0273154 0.0273154 0.0273154 0.0211709 0.0211709 0.0211709
-1.30475  0.0277143 0.0277143 0.0277143 0.0214585 0.0214585 0.0214585
-1.30344  0.0281183 0.0281183 0.0281183 0.0217496 0.0217496 0.0217496
-1.30214  0.0285276 0.0285276 0.0285276 0.0220442 0.0220442 0.0220442
-1.30084  0.0289421 0.0289421 0.0289421 0.0223426 0.0223426 0.0223426
-1.29954  0.029362 0.029362 0.029362 0.0226446 0.0226446 0.0226446
-1.29823  0.0297872 0.0297872 0.0297872 0.0229503 0.0229503 0.0229503
-1.29693  0.0302179 0.0302179 0.0302179 0.0232599 0.0232599 0.0232599
-1.29563  0.0306541 0.0306541 0.0306541 0.0235732 0.0235732 0.0235732
-1.29433  0.0310957 0.0310957 0.0310957 0.0238903 0.0238903 0.0238903
-1.29302  0.0315428 0.0315428 0.0315428 0.0242112 0.0242112 0.0242112
-1.29172  0.0319955 0.0319955 0.0319955 0.0245359 0.0245359 0.0245359
-1.29042  0.0324538 0.0324538 0.0324538 0.0248644 0.0248644 0.0248644
-1.28912  0.0329176 0.0329176 0.0329176 0.0251968 0.0251968 0.0251968
-1.28782  0.0333872 0.0333872 0.0333872 0.025533 0.025533 0.025533
-1.28651  0.0338624 0.0338624 0.0338624 0.0258731 0.0258731 0.0258731
-1.28521  0.0343433 0.0343433 0.0343433 0.026217 0.026217 0.026217
-1.28391  0.03483 0.03483 0.03483 0.0265649 0.0265649 0.0265649
-1.28261  0.0353224 0.0353224 0.0353224 0.0269166 0.0269166 0.0269166
-1.2813  0.0358207 0.0358207 0.0358207 0.0272723 0.0272723 0.0272723
-1.28  0.0363248 0.0363248 0.0363248 0.0276319 0.0276319 0.0276319
-1.2787  0.0368348 0.0368348 0.0368348 0.0279954 0.0279954 0.0279954
-1.2774  0.0373507 0.0373507 0.0373507 0.0283629 0.0283629 0.0283629
-1.27609  0.0378725 0.0378725 0.0378725 0.0287343 0.0287343 0.0287343
-1.27479  0.0384004 0.0384004 0.0384004 0.0291097 0.0291097 0.0291097
-1.27349  0.0389342 0.0389342 0.0389342 0.0294891 0.0294891 0.0294891
-1.27219  0.0394741 0.0394741 0.0394741 0.0298724 0.0298724 0.0298724
-1.27089  0.0400201 0.0400201 0.0400201 0.0302598 0.0302598 0.0302598
-1.26958  0.0405722 0.0405722 0.0405722 0.0306512 0.0306512 0.0306512
-1.26828  0.0411304 0.0411304 0.0411304 0.0310466 0.0310466 0.0310466
-1.26698  0.0416948 0.0416948 0.0416948 0.031446 0.031446 0.031446
-1.26568  0.0422655 0.0422655 0.0422655 0.0318495 0.0318495 0.0318495
-1.26437  0.0428424 0.0428424 0.0428424 0.0322571 0.0322571 0.0322571
-1.26307  0.0434256 0.0434256 0.0434256 0.0326687 0.0326687 0.0326687
-1.26177  0.0440151 0.0440151 0.0440151 0.0330844 0.0330844 0.0330844
-1.26047  0.0446109 0.0446109 0.0446109 0.0335041 0.0335041 0.0335041
-1.25916  0.0452132 0.0452132 0.0452132 0.033928 0.033928 0.033928
-1.25786  0.0458219 0.0458219 0.0458219 0.034356 0.034356 0.034356
-1.25656  0.0464371 0.0464371 0.0464371 0.0347881 0.0347881 0.0347881
-1.25526  0.0470588 0.0470588 0.0470588 0.0352243 0.0352243 0.0352243
-1.25395  0.0476871 0.0476871 0.0476871 0.0356647 0.0356647 0.0356647
-1.25265  0.0483221 0.0483221 0.0483221 0.0361094 0.0361094 0.0361094
-1.25135  0.0489639 0.0489639 0.0489639 0.0365583 0.0365583 0.0365583
-1.25005  0.0496125 0.0496125 0.0496125 0.0370114 0.0370114 0.0370114
-1.24875  0.0502679 0.0502679 0.0502679 0.0374689 0.0374689 0.0374689
-1.24744  0.0509304 0.0509304 0.0509304 0.0379308 0.0379308 0.0379308
-1.24614  0.0515999 0.0515999 0.0515999 0.038397 0.038397 0.038397
-1.24484  0.0522765 0.0522765 0.0522765 0.0388676 0.0388676 0.0388676
-1.24354  0.0529603 0.0529603 0.0529603 0.0393427 0.0393427 0.0393427
-1.24223  0.0536513 0.0536513 0.0536513 0.0398223 0.0398223 0.0398223
-1.24093  0.0543498 0.0543498 0.0543498 0.0403064 0.0403064 0.0403064
-1.23963  0.0550556 0.0550556 0.0550556 0.040795 0.040795 0.040795
-1.23833  0.0557689 0.0557689 0.0557689 0.0412883 0.0412883 0.0412883
-1.23702  0.0564898 0.0564898 0.0564898 0.0417861 0.0417861 0.0417861
-1.23572  0.0572184 0.0572184 0.0572184 0.0422886 0.0422886 0.0422886
-1.23442  0.0579546 0.0579546 0.0579546 0.0427958 0.0427958 0.0427958
-1.23312  0.0586987 0.0586987 0.0586987 0.0433078 0.0433078 0.0433078
-1.23182  0.0594508 0.0594508 0.0594508 0.0438245 0.0438245 0.0438245
-1.23051  0.0602107 0.0602107 0.0602107 0.044346 0.044346 0.044346
-1.22921  0.0609788 0.0609788 0.0609788 0.0448724 0.0448724 0.0448724
-1.22791  0.061755 0.061755 0.061755 0.0454036 0.0454036 0.0454036
-1.22661  0.0625394 0.0625394 0.0625394 0.0459397 0.0459397 0.0459397
-1.2253  0.0633322 0.0633322 0.0633322 0.0464808 0.0464808 0.0464808
-1.224  0.0641333 0.0641333 0.0641333 0.0470269 0.0470269 0.0470269
-1.2227  0.064943 0.064943 0.064943 0.047578 0.047578 0.047578
-1.2214  0.0657612 0.0657612 0.0657612 0.0481342 0.0481342 0.0481342
-1.22009  0.0665881 0.0665881 0.0665881 0.0486955 0.0486955 0.0486955
-1.21879  0.0674238 0.0674238 0.0674238 0.0492619 0.0492619 0.0492619
-1.21749  0.0682683 0.0682683 0.0682683 0.0498335 0.0498335 0.0498335
-1.21619  0.0691216 0.0691216 0.0691216 0.0504103 0.0504103 0.0504103
-1.21488  0.0699839 0.0699839 0.0699839 0.0509922 0.0509922 0.0509922
-1.21358  0.0708551 0.0708551 0.0708551 0.0515794 0.0515794 0.0515794
-1.21228  0.0717353 0.0717353 0.0717353 0.0521719 0.0521719 0.0521719
-1.21098  0.0726247 0.0726247 0.0726247 0.0527696 0.0527696 0.0527696
-1.20968  0.0735232 0.0735232 0.0735232 0.0533726 0.0533726 0.0533726
-1.20837  0.0744309 0.0744309 0.0744309 0.053981 0.053981 0.053981
-1.20707  0.0753478 0.0753478 0.0753478 0.0545946 0.0545946 0.0545946
-1.20577  0.0762741 0.0762741 0.0762741 0.0552136 0.0552136 0.0552136
-1.20447  0.0772098 0.0772098 0.0772098 0.055838 0.055838 0.055838
-1.20316  0.0781549 0.0781549 0.0781549 0.0564678 0.0564678 0.0564678
-1.20186  0.0791095 0.0791095 0.0791095 0.0571031 0.0571031 0.0571031
-1.20056  0.0800736 0.0800736 0.0800736 0.0577437 0.0577437 0.0577437
-1.19926  0.0810474 0.0810474 0.0810474 0.0583899 0.0583899 0.0583899
-1.19795  0.0820309 0.0820309 0.0820309 0.0590415 0.0590415 0.0590415
-1.19665  0.0830241 0.0830241 0.0830241 0.0596986 0.0596986 0.0596986
-1.19535  0.084027 0.084027 0.084027 0.0603613 0.0603613 0.0603613
-1.19405  0.0850399 0.0850399 0.0850399 0.0610295 0.0610295 0.0610295
-1.19275  0.0860627 0.0860627 0.0860627 0.0617033 0.0617033 0.0617033
-1.19144  0.0870954 0.0870954 0.0870954 0.0623827 0.0623827 0.0623827
-1.19014  0.0881382 0.0881382 0.0881382 0.0630677 0.0630677 0.0630677
-1.18884  0.0891911 0.0891911 0.0891911 0.0637583 0.0637583 0.0637583
-1.18754  0.0902541 0.0902541 0.0902541 0.0644546 0.0644546 0.0644546
-1.18623  0.0913274 0.0913274 0.0913274 0.0651565 0.0651565 0.0651565
-1.18493  0.092411 0.092411 0.092411 0.0658642 0.0658642 0.0658642
-1.18363  0.0935049 0.0935049 0.0935049 0.0665776 0.0665776 0.0665776
-1.18233  0.0946092 0.0946092 0.0946092 0.0672968 0.0672968 0.0672968
-1.18102  0.0957239 0.0957239 0.0957239 0.0680217 0.0680217 0.0680217
-1.17972  0.0968492 0.0968492 0.0968492 0.0687525 0.0687525 0.0687525
-1.17842  0.0979849 0.0979849 0.0979849 0.0694892 0.0694892 0.0694892
-1.17712  0.0991312 0.0991312 0.0991312 0.0702318 0.0702318 0.0702318
-1.17581  0.100288 0.100288 0.100288 0.0709803 0.0709803 0.0709803
-1.17451  0.101456 0.101456 0.101456 0.0717348 0.0717348 0.0717348
-1.17321  0.102634 0.102634 0.102634 0.0724953 0.0724953 0.0724953
-1.17191  0.103823 0.103823 0.103823 0.0732619 0.0732619 0.0732619
-1.17061  0.105023 0.105023 0.105023 0.0740345 0.0740345 0.0740345
-1.1693  0.106233 0.106233 0.106233 0.0748133 0.0748133 0.0748133
-1.168  0.107455 0.107455 0.107455 0.0755983 0.0755983 0.0755983
-1.1667  0.108687 0.108687 0.108687 0.0763894 0.0763894 0.0763894
-1.1654  0.109931 0.109931 0.109931 0.0771868 0.0771868 0.0771868
-1.16409  0.111185 0.111185 0.111185 0.0779904 0.0779904 0.0779904
-1.16279  0.112451 0.112451 0.112451 0.0788004 0.0788004 0.0788004
-1.16149  0.113727 0.113727 0.113727 0.0796167 0.0796167 0.0796167
-1.16019  0.115015 0.115015 0.115015 0.0804394 0.0804394 0.0804394
-1.15888  0.116314 0.116314 0.116314 0.0812686 0.0812686 0.0812686
-1.15758  0.117624 0.117624 0.117624 0.0821042 0.0821042 0.0821042
-1.15628  0.118945 0.118945 0.118945 0.0829463 0.0829463 0.0829463
-1.15498  0.120278 0.120278 0.120278 0.0837949 0.0837949 0.0837949
-1.15368  0.121622 0.121622 0.121622 0.0846502 0.0846502 0.0846502
-1.15237  0.122977 0.122977 0.122977 0.085512 0.085512 0.085512
-1.15107  0.124344 0.124344 0.124344 0.0863805 0.0863805 0.0863805
-1.14977  0.125722 0.125722 0.125722 0.0872556 0.0872556 0.0872556
-1.14847  0.127112 0.127112 0.127112 0.0881373 0.0881373 0.0881373
-1.14716  0.128514 0.128514 0.128514 0.0890256 0.0890256 0.0890256
-1.14586  0.129927 0.129927 0.129927 0.0899205 0.0899205 0.0899205
-1.14456  0.131352 0.131352 0.131352 0.090822 0.090822 0.090822
-1.14326  0.132789 0.132789 0.132789 0.0917301 0.0917301 0.0917301
-1.14195  0.134237 0.134237 0.134237 0.0926447 0.0926447 0.0926447
-1.14065  0.135698 0.135698 0.135698 0.0935659 0.0935659 0.0935659
-1.13935  0.13717 0.13717 0.13717 0.0944937 0.0944937 0.0944937
-1.13805  0.138655 0.138655 0.138655 0.0954281 0.0954281 0.0954281
-1.13674  0.140151 0.140151 0.140151 0.0963689 0.0963689 0.0963689
-1.13544  0.14166 0.14166 0.14166 0.0973163 0.0973163 0.0973163
-1.13414  0.143181 0.143181 0.143181 0.0982702 0.0982702 0.0982702
-1.13284  0.144714 0.144714 0.144714 0.0992306 0.0992306 0.0992306
-1.13154  0.146259 0.146259 0.146259 0.100197 0.100197 0.100197
-1.13023  0.147817 0.147817 0.147817 0.101171 0.101171 0.101171
-1.12893  0.149387 0.149387 0.149387 0.102151 0.102151 0.102151
-1.12763  0.15097 0.15097 0.15097 0.103137 0.103137 0.103137
-1.12633  0.152565 0.152565 0.152565 0.10413 0.10413 0.10413
-1.12502  0.154173 0.154173 0.154173 0.105129 0.105129 0.105129
-1.12372  0.155794 0.155794 0.155794 0.106134 0.106134 0.106134
-1.12242  0.157427 0.157427 0.157427 0.107146 0.107146 0.107146
-1.12112  0.159073 0.159073 0.159073 0.108164 0.108164 0.108164
-1.11981  0.160731 0.160731 0.160731 0.109189 0.109189 0.109189
-1.11851  0.162403 0.162403 0.162403 0.11022 0.11022 0.11022
-1.11721  0.164087 0.164087 0.164087 0.111257 0.111257 0.111257
-1.11591  0.165784 0.165784 0.165784 0.112301 0.112301 0.112301
-1.11461  0.167494 0.167494 0.167494 0.113351 0.113351 0.113351
-1.1133  0.169217 0.169217 0.169217 0.114407 0.114407 0.114407
-1.112  0.170952 0.170952 0.170952 0.11547 0.11547 0.11547
-1.1107  0.1727 0.1727 0.1727 0.11654 0.11654 0.11654
-1.1094  0.174462 0.174462 0.174462 0.117615 0.117615 0.117615
-1.10809  0.176236 0.176236 0.176236 0.118698 0.118698 0.118698
-1.10679  0.178023 0.178023 0.178023 0.119786 0.119786 0.119786
-1.10549  0.179823 0.179823 0.179823 0.120881 0.120881 0.120881
-1.10419  0.181636 0.181636 0.181636 0.121983 0.121983 0.121983
-1.10288  0.183461 0.183461 0.183461 0.123091 0.123091 0.123091
-1.10158  0.1853 0.1853 0.1853 0.124205 0.124205 0.124205
-1.10028  0.187151 0.187151 0.187151 0.125326 0.125326 0.125326
-1.09898  0.189016 0.189016 0.189016 0.126453 0.126453 0.126453
-1.09767  0.190893 0.190893 0.190893 0.127587 0.127587 0.127587
-1.09637  0.192784 0.192784 0.192784 0.128727 0.128727 0.128727
-1.09507  0.194687 0.194687 0.194687 0.129874 0.129874 0.129874
-1.09377  0.196603 0.196603 0.196603 0.131027 0.131027 0.131027
-1.09247  0.198533 0.198533 0.198533 0.132187 0.132187 0.132187
-1.09116  0.200475 0.200475 0.200475 0.133352 0.133352 0.133352
-1.08986  0.20243 0.20243 0.20243 0.134525 0.134525 0.134525
-1.08856  0.204399 0.204399 0.204399 0.135704 0.135704 0.135704
-1.08726  0.20638 0.20638 0.20638 0.136889 0.136889 0.136889
-1.08595  0.208375 0.208375 0.208375 0.13808 0.13808 0.13808
-1.08465  0.210383 0.210383 0.210383 0.139278 0.139278 0.139278
-1.08335  0.212405 0.212405 0.212405 0.140483 0.140483 0.140483
-1.08205  0.214439 0.214439 0.214439 0.141694 0.141694 0.141694
-1.08074  0.216487 0.216487 0.216487 0.142911 0.142911 0.142911
-1.07944  0.218549 0.218549 0.218549 0.144134 0.144134 0.144134
-1.07814  0.220624 0.220624 0.220624 0.145364 0.145364 0.145364
-1.07684  0.222712 0.222712 0.222712 0.1466 0.1466 0.1466
-1.07554  0.224814 0.224814 0.224814 0.147843 0.147843 0.147843
-1.07423  0.226929 0.226929 0.226929 0.149092 0.149092 0.149092
-1.07293  0.229058 0.229058 0.229058 0.150347 0.150347 0.150347
-1.07163  0.2312 0.2312 0.2312 0.151608 0.151608 0.151608
-1.07033  0.233356 0.233356 0.233356 0.152876 0.152876 0.152876
-1.06902  0.235526 0.235526 0.235526 0.15415 0.15415 0.15415
-1.06772  0.23771 0.23771 0.23771 0.15543 0.15543 0.15543
-1.06642  0.239907 0.239907 0.239907 0.156717 0.156717 0.156717
-1.06512  0.242118 0.242118 0.242118 0.158009 0.158009 0.158009
-1.06381  0.244342 0.244342 0.244342 0.159308 0.159308 0.159308
-1.06251  0.24658 0.24658 0.24658 0.160613 0.160613 0.160613
-1.06121  0.248832 0.248832 0.248832 0.161924 0.161924 0.161924
-1.05991  0.251097 0.251097 0.251097 0.16324 0.16324 0.16324
-1.0586  0.253376 0.253376 0.253376 0.164563 0.164563 0.164563
-1.0573  0.255668 0.255668 0.255668 0.165891 0.165891 0.165891
-1.056  0.257974 0.257974 0.257974 0.167226 0.167226 0.167226
-1.0547  0.260293 0.260293 0.260293 0.168566 0.168566 0.168566
-1.0534  0.262626 0.262626 0.262626 0.169912 0.169912 0.169912
-1.05209  0.264972 0.264972 0.264972 0.171263 0.171263 0.171263
-1.05079  0.267332 0.267332 0.267332 0.17262 0.17262 0.17262
-1.04949  0.269704 0.269704 0.269704 0.173983 0.173983 0.173983
-1.04819  0.272091 0.272091 0.272091 0.175351 0.175351 0.175351
-1.04688  0.27449 0.27449 0.27449 0.176724 0.176724 0.176724
-1.04558  0.276903 0.276903 0.276903 0.178103 0.178103 0.178103
-1.04428  0.279328 0.279328 0.279328 0.179487 0.179487 0.179487
-1.04298  0.281767 0.281767 0.281767 0.180877 0.180877 0.180877
-1.04167  0.284219 0.284219 0.284219 0.182271 0.182271 0.182271
-1.04037  0.286683 0.286683 0.286683 0.183671 0.183671 0.183671
-1.03907  0.28916 0.28916 0.28916 0.185075 0.185075 0.185075
-1.03777  0.291649 0.291649 0.291649 0.186485 0.186485 0.186485
-1.03647  0.29415 0.29415 0.29415 0.1879 0.1879 0.1879
-1.03516  0.296662 0.296662 0.296662 0.18932 0.18932 0.18932
-1.03386  0.299185 0.299185 0.299185 0.190745 0.190745 0.190745
-1.03256  0.30172 0.30172 0.30172 0.192174 0.192174 0.192174
-1.03126  0.304265 0.304265 0.304265 0.193609 0.193609 0.193609
-1.02995  0.306821 0.306821 0.306821 0.195048 0.195048 0.195048
-1.02865  0.309386 0.309386 0.309386 0.196493 0.196493 0.196493
-1.02735  0.311962 0.311962 0.311962 0.197941 0.197941 0.197941
-1.02605  0.314547 0.314547 0.314547 0.199395 0.199395 0.199395
-1.02474  0.317141 0.317141 0.317141 0.200853 0.200853 0.200853
-1.02344  0.319744 0.319744 0.319744 0.202316 0.202316 0.202316
-1.02214  0.322356 0.322356 0.322356 0.203783 0.203783 0.203783
-1.02084  0.3247 0.3247 0.3247 0.2051 0.2051 0.2051
-1.01953  0.3247 0.3247 0.3247 0.2051 0.2051 0.2051
-1.01823  0.3247 0.3247 0.3247 0.2051 0.2051 0.2051
-1.01693  0.3247 0.3247 0.3247 0.2051 0.2051 0.2051
-1.01563  0.3247 0.3247 0.3247 0.2051 0.2051 0.2051
-1.01433  0.3247 0.3247 0.3247 0.2051 0.2051 0.2051
-1.01302  0.3247 0.3247 0.3247 0.2051 0.2051 0.2051
-1.01172  0.3247 0.3247 0.3247 0.2051 0.2051 0.2051
-1.01042  0.3247 0.3247 0.3247 0.2051 0.2051 0.2051
-1.00912  0.3247 0.3247 0.3247 0.2051 0.2051 0.2051
-1.00781  0.3247 0.3247 0.3247 0.2051 0.2051 0.2051
-1.00651  0.3247 0.3247 0.3247 0.2051 0.2051 0.2051
-1.00521  0.3247 0.3247 0.3247 0.2051 0.2051 0.2051
-1.00391  0.3247 0.3247 0.3247 0.2051 0.2051 0.2051
-1.0026  0.3247 0.3247 0.3247 0.2051 0.2051 0.2051
-1.0013  0.3247 0.3247 0.3247 0.2051 0.2051 0.2051
-1  0.3247 0.3247 0.3247 0.2051 0.2051 0.2051
