# Electron neutrino-oxygen scattering cross section 5MeV-60MeV (10^-38 cm^2/GeV) #
# log(energy in GeV)       nu_e       nu_mu       nu_tau       nu_e_bar       nu_mu_bar       nu_tau_bar #

       -2.30103             0          0           0                  0          0               0
       -2.29973             0          0           0                  0          0               0
       -2.29843             0          0           0                  0          0               0
       -2.29713             0          0           0                  0          0               0
       -2.29583             0          0           0                  0          0               0
       -2.29452             0          0           0                  0          0               0
       -2.29322             0          0           0                  0          0               0
       -2.29192             0          0           0                  0          0               0
       -2.29062             0          0           0                  0          0               0
       -2.28932             0          0           0                  0          0               0
       -2.28802             0          0           0                  0          0               0
       -2.28672             0          0           0                  0          0               0
       -2.28542             0          0           0                  0          0               0
       -2.28412             0          0           0                  0          0               0
       -2.28282             0          0           0                  0          0               0
       -2.28151             0          0           0                  0          0               0
       -2.28021             0          0           0                  0          0               0
       -2.27891             0          0           0                  0          0               0
       -2.27761             0          0           0                  0          0               0
       -2.27631             0          0           0                  0          0               0
       -2.27501             0          0           0                  0          0               0
       -2.27371             0          0           0                  0          0               0
       -2.27241             0          0           0                  0          0               0
       -2.27111             0          0           0                  0          0               0
       -2.26981             0          0           0                  0          0               0
        -2.2685             0          0           0                  0          0               0
        -2.2672             0          0           0                  0          0               0
        -2.2659             0          0           0                  0          0               0
        -2.2646             0          0           0                  0          0               0
        -2.2633             0          0           0                  0          0               0
         -2.262             0          0           0                  0          0               0
        -2.2607             0          0           0                  0          0               0
        -2.2594             0          0           0                  0          0               0
        -2.2581             0          0           0                  0          0               0
       -2.25679             0          0           0                  0          0               0
       -2.25549             0          0           0                  0          0               0
       -2.25419             0          0           0                  0          0               0
       -2.25289             0          0           0                  0          0               0
       -2.25159             0          0           0                  0          0               0
       -2.25029             0          0           0                  0          0               0
       -2.24899             0          0           0                  0          0               0
       -2.24769             0          0           0                  0          0               0
       -2.24639             0          0           0                  0          0               0
       -2.24509             0          0           0                  0          0               0
       -2.24378             0          0           0                  0          0               0
       -2.24248             0          0           0                  0          0               0
       -2.24118             0          0           0                  0          0               0
       -2.23988             0          0           0                  0          0               0
       -2.23858             0          0           0                  0          0               0
       -2.23728             0          0           0                  0          0               0
       -2.23598             0          0           0                  0          0               0
       -2.23468             0          0           0                  0          0               0
       -2.23338             0          0           0                  0          0               0
       -2.23208             0          0           0                  0          0               0
       -2.23077             0          0           0                  0          0               0
       -2.22947             0          0           0                  0          0               0
       -2.22817             0          0           0                  0          0               0
       -2.22687             0          0           0                  0          0               0
       -2.22557             0          0           0                  0          0               0
       -2.22427             0          0           0                  0          0               0
       -2.22297             0          0           0                  0          0               0
       -2.22167             0          0           0                  0          0               0
       -2.22037             0          0           0                  0          0               0
       -2.21907             0          0           0                  0          0               0
       -2.21776             0          0           0                  0          0               0
       -2.21646             0          0           0                  0          0               0
       -2.21516             0          0           0                  0          0               0
       -2.21386             0          0           0                  0          0               0
       -2.21256             0          0           0                  0          0               0
       -2.21126             0          0           0                  0          0               0
       -2.20996             0          0           0                  0          0               0
       -2.20866             0          0           0                  0          0               0
       -2.20736             0          0           0                  0          0               0
       -2.20605             0          0           0                  0          0               0
       -2.20475             0          0           0                  0          0               0
       -2.20345             0          0           0                  0          0               0
       -2.20215             0          0           0                  0          0               0
       -2.20085             0          0           0                  0          0               0
       -2.19955             0          0           0                  0          0               0
       -2.19825             0          0           0                  0          0               0
       -2.19695             0          0           0                  0          0               0
       -2.19565             0          0           0                  0          0               0
       -2.19435             0          0           0                  0          0               0
       -2.19304             0          0           0                  0          0               0
       -2.19174             0          0           0                  0          0               0
       -2.19044             0          0           0                  0          0               0
       -2.18914             0          0           0                  0          0               0
       -2.18784             0          0           0                  0          0               0
       -2.18654             0          0           0                  0          0               0
       -2.18524             0          0           0                  0          0               0
       -2.18394             0          0           0                  0          0               0
       -2.18264             0          0           0                  0          0               0
       -2.18134             0          0           0                  0          0               0
       -2.18003             0          0           0                  0          0               0
       -2.17873             0          0           0                  0          0               0
       -2.17743             0          0           0                  0          0               0
       -2.17613             0          0           0                  0          0               0
       -2.17483             0          0           0                  0          0               0
       -2.17353             0          0           0                  0          0               0
       -2.17223             0          0           0                  0          0               0
       -2.17093             0          0           0                  0          0               0
       -2.16963             0          0           0                  0          0               0
       -2.16832             0          0           0                  0          0               0
       -2.16702             0          0           0                  0          0               0
       -2.16572             0          0           0                  0          0               0
       -2.16442             0          0           0                  0          0               0
       -2.16312             0          0           0                  0          0               0
       -2.16182             0          0           0                  0          0               0
       -2.16052             0          0           0                  0          0               0
       -2.15922             0          0           0                  0          0               0
       -2.15792             0          0           0                  0          0               0
       -2.15662             0          0           0                  0          0               0
       -2.15531             0          0           0                  0          0               0
       -2.15401             0          0           0                  0          0               0
       -2.15271             0          0           0                  0          0               0
       -2.15141             0          0           0                  0          0               0
       -2.15011             0          0           0                  0          0               0
       -2.14881             0          0           0                  0          0               0
       -2.14751             0          0           0                  0          0               0
       -2.14621             0          0           0                  0          0               0
       -2.14491             0          0           0                  0          0               0
       -2.14361             0          0           0                  0          0               0
        -2.1423             0          0           0                  0          0               0
         -2.141             0          0           0                  0          0               0
        -2.1397             0          0           0                  0          0               0
        -2.1384             0          0           0                  0          0               0
        -2.1371             0          0           0                  0          0               0
        -2.1358             0          0           0                  0          0               0
        -2.1345             0          0           0                  0          0               0
        -2.1332             0          0           0                  0          0               0
        -2.1319             0          0           0                  0          0               0
        -2.1306             0          0           0                  0          0               0
       -2.12929             0          0           0                  0          0               0
       -2.12799             0          0           0                  0          0               0
       -2.12669             0          0           0                  0          0               0
       -2.12539             0          0           0                  0          0               0
       -2.12409             0          0           0                  0          0               0
       -2.12279             0          0           0                  0          0               0
       -2.12149             0          0           0                  0          0               0
       -2.12019             0          0           0                  0          0               0
       -2.11889             0          0           0                  0          0               0
       -2.11758             0          0           0                  0          0               0
       -2.11628             0          0           0                  0          0               0
       -2.11498             0          0           0                  0          0               0
       -2.11368             0          0           0                  0          0               0
       -2.11238             0          0           0                  0          0               0
       -2.11108             0          0           0                  0          0               0
       -2.10978             0          0           0                  0          0               0
       -2.10848             0          0           0                  0          0               0
       -2.10718             0          0           0                  0          0               0
       -2.10588             0          0           0                  0          0               0
       -2.10457             0          0           0                  0          0               0
       -2.10327             0          0           0                  0          0               0
       -2.10197             0          0           0                  0          0               0
       -2.10067             0          0           0                  0          0               0
       -2.09937             0          0           0                  0          0               0
       -2.09807             0          0           0                  0          0               0
       -2.09677             0          0           0                  0          0               0
       -2.09547             0          0           0                  0          0               0
       -2.09417             0          0           0                  0          0               0
       -2.09287             0          0           0                  0          0               0
       -2.09156             0          0           0                  0          0               0
       -2.09026             0          0           0                  0          0               0
       -2.08896             0          0           0                  0          0               0
       -2.08766             0          0           0                  0          0               0
       -2.08636             0          0           0                  0          0               0
       -2.08506             0          0           0                  0          0               0
       -2.08376             0          0           0                  0          0               0
       -2.08246             0          0           0                  0          0               0
       -2.08116             0          0           0                  0          0               0
       -2.07985             0          0           0                  0          0               0
       -2.07855             0          0           0                  0          0               0
       -2.07725             0          0           0                  0          0               0
       -2.07595             0          0           0                  0          0               0
       -2.07465             0          0           0                  0          0               0
       -2.07335             0          0           0                  0          0               0
       -2.07205             0          0           0                  0          0               0
       -2.07075             0          0           0                  0          0               0
       -2.06945             0          0           0                  0          0               0
       -2.06815             0          0           0                  0          0               0
       -2.06684             0          0           0                  0          0               0
       -2.06554             0          0           0                  0          0               0
       -2.06424             0          0           0                  0          0               0
       -2.06294             0          0           0                  0          0               0
       -2.06164             0          0           0                  0          0               0
       -2.06034             0          0           0                  0          0               0
       -2.05904             0          0           0                  0          0               0
       -2.05774             0          0           0                  0          0               0
       -2.05644             0          0           0                  0          0               0
       -2.05514             0          0           0                  0          0               0
       -2.05383             0          0           0                  0          0               0
       -2.05253             0          0           0                  0          0               0
       -2.05123             0          0           0                  0          0               0
       -2.04993             0          0           0                  0          0               0
       -2.04863             0          0           0                  0          0               0
       -2.04733             0          0           0                  0          0               0
       -2.04603             0          0           0                  0          0               0
       -2.04473             0          0           0                  0          0               0
       -2.04343             0          0           0                  0          0               0
       -2.04213             0          0           0                  0          0               0
       -2.04082             0          0           0                  0          0               0
       -2.03952             0          0           0                  0          0               0
       -2.03822             0          0           0                  0          0               0
       -2.03692             0          0           0                  0          0               0
       -2.03562             0          0           0                  0          0               0
       -2.03432             0          0           0                  0          0               0
       -2.03302             0          0           0                  0          0               0
       -2.03172             0          0           0                  0          0               0
       -2.03042             0          0           0                  0          0               0
       -2.02911             0          0           0                  0          0               0
       -2.02781             0          0           0                  0          0               0
       -2.02651             0          0           0                  0          0               0
       -2.02521             0          0           0                  0          0               0
       -2.02391             0          0           0                  0          0               0
       -2.02261             0          0           0                  0          0               0
       -2.02131             0          0           0                  0          0               0
       -2.02001             0          0           0                  0          0               0
       -2.01871             0          0           0                  0          0               0
       -2.01741             0          0           0                  0          0               0
        -2.0161             0          0           0                  0          0               0
        -2.0148             0          0           0                  0          0               0
        -2.0135             0          0           0                  0          0               0
        -2.0122             0          0           0                  0          0               0
        -2.0109             0          0           0                  0          0               0
        -2.0096             0          0           0                  0          0               0
        -2.0083             0          0           0                  0          0               0
         -2.007             0          0           0                  0          0               0
        -2.0057             0          0           0                  0          0               0
        -2.0044             0          0           0                  0          0               0
       -2.00309             0          0           0                  0          0               0
       -2.00179             0          0           0                  0          0               0
       -2.00049             0          0           0                  0          0               0
       -1.99919             0          0           0                  0          0               0
       -1.99789             0          0           0                  0          0               0
       -1.99659             0          0           0                  0          0               0
       -1.99529             0          0           0                  0          0               0
       -1.99399             0          0           0                  0          0               0
       -1.99269             0          0           0                  0          0               0
       -1.99138             0          0           0                  0          0               0
       -1.99008             0          0           0                  0          0               0
       -1.98878             0          0           0                  0          0               0
       -1.98748             0          0           0                  0          0               0
       -1.98618             0          0           0                  0          0               0
       -1.98488             0          0           0                  0          0               0
       -1.98358             0          0           0                  0          0               0
       -1.98228             0          0           0                  0          0               0
       -1.98098             0          0           0                  0          0               0
       -1.97968             0          0           0                  0          0               0
       -1.97837             0          0           0                  0          0               0
       -1.97707             0          0           0                  0          0               0
       -1.97577             0          0           0                  0          0               0
       -1.97447             0          0           0                  0          0               0
       -1.97317             0          0           0                  0          0               0
       -1.97187             0          0           0                  0          0               0
       -1.97057             0          0           0                  0          0               0
       -1.96927             0          0           0                  0          0               0
       -1.96797             0          0           0                  0          0               0
       -1.96667             0          0           0                  0          0               0
       -1.96536             0          0           0                  0          0               0
       -1.96406             0          0           0                  0          0               0
       -1.96276             0          0           0                  0          0               0
       -1.96146             0          0           0                  0          0               0
       -1.96016             0          0           0                  0          0               0
       -1.95886             0          0           0                  0          0               0
       -1.95756             0          0           0                  0          0               0
       -1.95626             0          0           0                  0          0               0
       -1.95496             0          0           0                  0          0               0
       -1.95365             0          0           0                  0          0               0
       -1.95235             0          0           0                  0          0               0
       -1.95105             0          0           0                  0          0               0
       -1.94975             0          0           0                  0          0               0
       -1.94845             0          0           0                  0          0               0
       -1.94715             0          0           0                  0          0               0
       -1.94585             0          0           0                  0          0               0
       -1.94455             0          0           0                  0          0               0
       -1.94325             0          0           0                  0          0               0
       -1.94195             0          0           0                  0          0               0
       -1.94064             0          0           0                  0          0               0
       -1.93934             0          0           0                  0          0               0
       -1.93804             0          0           0                  0          0               0
       -1.93674             0          0           0                  0          0               0
       -1.93544             0          0           0                  0          0               0
       -1.93414             0          0           0                  0          0               0
       -1.93284             0          0           0                  0          0               0
       -1.93154             0          0           0                  0          0               0
       -1.93024             0          0           0                  0          0               0
       -1.92894             0          0           0                  0          0               0
       -1.92763             0          0           0                  0          0               0
       -1.92633             0          0           0                  0          0               0
       -1.92503             0          0           0                  0          0               0
       -1.92373             0          0           0                  0          0               0
       -1.92243             0          0           0                  0          0               0
       -1.92113             0          0           0                  0          0               0
       -1.91983             0          0           0                  0          0               0
       -1.91853             0          0           0                  0          0               0
       -1.91723             0          0           0                  0          0               0
       -1.91593             0          0           0                  0          0               0
       -1.91462             0          0           0                  0          0               0
       -1.91332             0          0           0                  0          0               0
       -1.91202             0          0           0                  0          0               0
       -1.91072             0          0           0                  0          0               0
       -1.90942             0          0           0                  0          0               0
       -1.90812             0          0           0                  0          0               0
       -1.90682             0          0           0                  0          0               0
       -1.90552             0          0           0                  0          0               0
       -1.90422             0          0           0                  0          0               0
       -1.90291             0          0           0                  0          0               0
       -1.90161             0          0           0                  0          0               0
       -1.90031             0          0           0                  0          0               0
       -1.89901             0          0           0                  0          0               0
       -1.89771             0          0           0                  0          0               0
       -1.89641             0          0           0                  0          0               0
       -1.89511             0          0           0                  0          0               0
       -1.89381             0          0           0                  0          0               0
       -1.89251             0          0           0                  0          0               0
       -1.89121             0          0           0                  0          0               0
        -1.8899             0          0           0                  0          0               0
        -1.8886             0          0           0                  0          0               0
        -1.8873             0          0           0                  0          0               0
         -1.886             0          0           0                  0          0               0
        -1.8847             0          0           0                  0          0               0
        -1.8834             0          0           0                  0          0               0
        -1.8821             0          0           0                  0          0               0
        -1.8808             0          0           0                  0          0               0
        -1.8795             0          0           0                  0          0               0
        -1.8782             0          0           0                  0          0               0
       -1.87689             0          0           0                  0          0               0
       -1.87559             0          0           0                  0          0               0
       -1.87429             0          0           0                  0          0               0
       -1.87299             0          0           0                  0          0               0
       -1.87169             0          0           0                  0          0               0
       -1.87039             0          0           0                  0          0               0
       -1.86909             0          0           0                  0          0               0
       -1.86779             0          0           0                  0          0               0
       -1.86649             0          0           0                  0          0               0
       -1.86518             0          0           0                  0          0               0
       -1.86388             0          0           0                  0          0               0
       -1.86258             0          0           0                  0          0               0
       -1.86128             0          0           0                  0          0               0
       -1.85998             0          0           0                  0          0               0
       -1.85868             0          0           0                  0          0               0
       -1.85738             0          0           0                  0          0               0
       -1.85608             0          0           0                  0          0               0
       -1.85478             0          0           0                  0          0               0
       -1.85348             0          0           0                  0          0               0
       -1.85217             0          0           0                  0          0               0
       -1.85087             0          0           0                  0          0               0
       -1.84957             0          0           0                  0          0               0
       -1.84827             0          0           0                  0          0               0
       -1.84697             0          0           0                  0          0               0
       -1.84567             0          0           0                  0          0               0
       -1.84437             0          0           0                  0          0               0
       -1.84307             0          0           0                  0          0               0
       -1.84177             0          0           0                  0          0               0
       -1.84047             0          0           0                  0          0               0
       -1.83916             0          0           0                  0          0               0
       -1.83786             0          0           0                  0          0               0
       -1.83656             0          0           0                  0          0               0
       -1.83526             0          0           0                  0          0               0
       -1.83396             0          0           0                  0          0               0
       -1.83266             0          0           0                  0          0               0
       -1.83136             0          0           0                  0          0               0
       -1.83006             0          0           0                  0          0               0
       -1.82876             0          0           0                  0          0               0
       -1.82746             0          0           0                  0          0               0
       -1.82615             0          0           0                  0          0               0
       -1.82485             0          0           0                  0          0               0
       -1.82355             0          0           0                  0          0               0
       -1.82225             0          0           0                  0          0               0
       -1.82095             0          0           0                  0          0               0
       -1.81965             0          0           0                  0          0               0
       -1.81835             0          0           0                  0          0               0
       -1.81705             0          0           0                  0          0               0
       -1.81575             0          0           0                  0          0               0
       -1.81444             0          0           0                  0          0               0
       -1.81314             0          0           0                  0          0               0
       -1.81184             0          0           0                  0          0               0
       -1.81054             0          0           0                  0          0               0
       -1.80924             0          0           0                  0          0               0
       -1.80794             0          0           0                  0          0               0
       -1.80664             0          0           0                  0          0               0
       -1.80534             0          0           0                  0          0               0
       -1.80404             0          0           0                  0          0               0
       -1.80274             0          0           0                  0          0               0
       -1.80143             0          0           0                  0          0               0
       -1.80013             0          0           0                  0          0               0
       -1.79883             0          0           0                  0          0               0
       -1.79753             0          0           0                  0          0               0
       -1.79623             0          0           0        0.000328802          0               0
       -1.79493             0          0           0        0.000329638          0               0
       -1.79363             0          0           0        0.000335897          0               0
       -1.79233             0          0           0        0.000347069          0               0
       -1.79103             0          0           0        0.000362652          0               0
       -1.78973             0          0           0        0.000382149          0               0
       -1.78842             0          0           0        0.000405068          0               0
       -1.78712             0          0           0        0.000430924          0               0
       -1.78582             0          0           0        0.000459235          0               0
       -1.78452             0          0           0        0.000489528          0               0
       -1.78322             0          0           0        0.000521333          0               0
       -1.78192             0          0           0        0.000554188          0               0
       -1.78062             0          0           0        0.000587632          0               0
       -1.77932             0          0           0        0.000621215          0               0
       -1.77802             0          0           0        0.000654489          0               0
       -1.77671             0          0           0        0.000687011          0               0
       -1.77541             0          0           0        0.000718345          0               0
       -1.77411             0          0           0         0.00074806          0               0
       -1.77281             0          0           0        0.000775729          0               0
       -1.77151             0          0           0        0.000800932          0               0
       -1.77021             0          0           0        0.000823278          0               0
       -1.76891             0          0           0        0.000842928          0               0
       -1.76761             0          0           0         0.00086055          0               0
       -1.76631             0          0           0        0.000876826          0               0
       -1.76501             0          0           0        0.000892431          0               0
        -1.7637             0          0           0         0.00090803          0               0
        -1.7624             0          0           0        0.000924281          0               0
        -1.7611             0          0           0        0.000941721          0               0
        -1.7598             0          0           0        0.000960345          0               0
        -1.7585             0          0           0        0.000979991          0               0
        -1.7572             0          0           0          0.0010005          0               0
        -1.7559             0          0           0         0.00102171          0               0
        -1.7546             0          0           0         0.00104347          0               0
        -1.7533             0          0           0         0.00106562          0               0
         -1.752             0          0           0         0.00108811          0               0
       -1.75069             0          0           0         0.00111096          0               0
       -1.74939             0          0           0         0.00113422          0               0
       -1.74809             0          0           0         0.00115791          0               0
       -1.74679             0          0           0         0.00118206          0               0
       -1.74549             0          0           0         0.00120672          0               0
       -1.74419             0          0           0         0.00123194          0               0
       -1.74289             0          0           0         0.00125783          0               0
       -1.74159             0          0           0          0.0012845          0               0
       -1.74029             0          0           0         0.00131209          0               0
       -1.73899             0          0           0          0.0013407          0               0
       -1.73768             0          0           0         0.00137045          0               0
       -1.73638             0          0           0         0.00140137          0               0
       -1.73508             0          0           0         0.00143317          0               0
       -1.73378             0          0           0         0.00146543          0               0
       -1.73248             0          0           0         0.00149775          0               0
       -1.73118             0          0           0         0.00152974          0               0
       -1.72988             0          0           0           0.001561          0               0
       -1.72858             0          0           0         0.00159128          0               0
       -1.72728             0          0           0         0.00162101          0               0
       -1.72597             0          0           0         0.00165093          0               0
       -1.72467             0          0           0         0.00168174          0               0
       -1.72337             0          0           0         0.00171415          0               0
       -1.72207             0          0           0         0.00174885          0               0
       -1.72077             0          0           0          0.0017864          0               0
       -1.71947             0          0           0         0.00182652          0               0
       -1.71817             0          0           0         0.00186867          0               0
       -1.71687             0          0           0         0.00191228          0               0
       -1.71557             0          0           0         0.00195681          0               0
       -1.71427             0          0           0         0.00200172          0               0
       -1.71296             0          0           0          0.0020467          0               0
       -1.71166             0          0           0         0.00209238          0               0
       -1.71036             0          0           0         0.00213961          0               0
       -1.70906             0          0           0         0.00218926          0               0
       -1.70776             0          0           0         0.00224215          0               0
       -1.70646             0          0           0         0.00229912          0               0
       -1.70516             0          0           0          0.0023595          0               0
       -1.70386             0          0           0         0.00241942          0               0
       -1.70256             0          0           0         0.00247464          0               0
       -1.70126             0          0           0         0.00252095          0               0
       -1.69995             0          0           0         0.00255421          0               0
       -1.69865             0          0           0         0.00257061          0               0
       -1.69735             0          0           0         0.00257195          0               0
       -1.69605             0          0           0         0.00256528          0               0
       -1.69475             0          0           0         0.00255774          0               0
       -1.69345             0          0           0         0.00255638          0               0
       -1.69215             0          0           0         0.00256819          0               0
       -1.69085             0          0           0         0.00259852          0               0
       -1.68955             0          0           0         0.00264535          0               0
       -1.68824             0          0           0         0.00270445          0               0
       -1.68694             0          0           0         0.00277165          0               0
       -1.68564             0          0           0         0.00284283          0               0
       -1.68434             0          0           0         0.00291403          0               0
       -1.68304             0          0           0         0.00298415          0               0
       -1.68174             0          0           0         0.00305541          0               0
       -1.68044             0          0           0          0.0031302          0               0
       -1.67914             0          0           0         0.00321086          0               0
       -1.67784             0          0           0         0.00329972          0               0
       -1.67654             0          0           0          0.0033971          0               0
       -1.67523             0          0           0         0.00349632          0               0
       -1.67393             0          0           0         0.00358925          0               0
       -1.67263             0          0           0         0.00366781          0               0
       -1.67133             0          0           0         0.00372406          0               0
       -1.67003             0          0           0         0.00375134          0               0
       -1.66873             0          0           0         0.00375476          0               0
       -1.66743             0          0           0         0.00374596          0               0
       -1.66613             0          0           0         0.00373649          0               0
       -1.66483             0          0           0         0.00373776          0               0
       -1.66353             0          0           0          0.0037608          0               0
       -1.66222             0          0           0         0.00380989          0               0
       -1.66092             0          0           0         0.00388232          0               0
       -1.65962             0          0           0         0.00397512          0               0
       -1.65832             0          0           0         0.00408532          0               0
       -1.65702             0          0           0         0.00420997          0               0
       -1.65572             0          0           0         0.00434295          0               0
       -1.65442             0          0           0         0.00447327          0               0
       -1.65312             0          0           0         0.00458959          0               0
       -1.65182             0          0           0         0.00468075          0               0
       -1.65051             0          0           0         0.00473575          0               0
       -1.64921             0          0           0         0.00475252          0               0
       -1.64791             0          0           0         0.00474601          0               0
       -1.64661             0          0           0         0.00473294          0               0
       -1.64531             0          0           0         0.00472985          0               0
       -1.64401             0          0           0         0.00475303          0               0
       -1.64271             0          0           0         0.00481215          0               0
       -1.64141             0          0           0         0.00490434          0               0
       -1.64011             0          0           0         0.00502529          0               0
       -1.63881             0          0           0         0.00517076          0               0
        -1.6375             0          0           0          0.0053365          0               0
        -1.6362             0          0           0         0.00551369          0               0
        -1.6349             0          0           0         0.00568634          0               0
        -1.6336             0          0           0         0.00583796          0               0
        -1.6323             0          0           0         0.00595227          0               0
         -1.631             0          0           0         0.00601388          0               0
        -1.6297             0          0           0         0.00602621          0               0
        -1.6284             0          0           0         0.00601299          0               0
        -1.6271             0          0           0         0.00599871          0               0
        -1.6258             0          0           0         0.00600754          0               0
       -1.62449             0          0           0         0.00606177          0               0
       -1.62319             0          0           0         0.00616526          0               0
       -1.62189             0          0           0          0.0063106          0               0
       -1.62059             0          0           0         0.00649026          0               0
       -1.61929             0          0           0         0.00669684          0               0
       -1.61799             0          0           0          0.0069206          0               0
       -1.61669             0          0           0         0.00714126          0               0
       -1.61539             0          0           0         0.00733576          0               0
       -1.61409             0          0           0         0.00748133          0               0
       -1.61279             0          0           0         0.00755581          0               0
       -1.61148             0          0           0         0.00756023          0               0
       -1.61018             0          0           0         0.00753354          0               0
       -1.60888             0          0           0         0.00751775          0               0
       -1.60758             0          0           0          0.0075544          0               0
       -1.60628             0          0           0         0.00767953          0               0
       -1.60498             0          0           0         0.00788117          0               0
       -1.60368             0          0           0         0.00812095          0               0
       -1.60238             0          0           0         0.00836068          0               0
       -1.60108             0          0           0         0.00856268          0               0
       -1.59977             0          0           0         0.00870491          0               0
       -1.59847             0          0           0         0.00879991          0               0
       -1.59717             0          0           0         0.00886479          0               0
       -1.59587             0          0           0         0.00891644          0               0
       -1.59457             0          0           0          0.0089716          0               0
       -1.59327             0          0           0         0.00904675          0               0
       -1.59197             0          0           0         0.00915821          0               0
       -1.59067             0          0           0         0.00932211          0               0
       -1.58937             0          0           0         0.00955396          0               0
       -1.58807             0          0           0         0.00984416          0               0
       -1.58676             0          0           0          0.0101433          0               0
       -1.58546             0          0           0          0.0103991          0               0
       -1.58416             0          0           0          0.0105599          0               0
       -1.58286             0          0           0          0.0105943          0               0
       -1.58156             0          0           0          0.0105573          0               0
       -1.58026             0          0           0          0.0105265          0               0
       -1.57896             0          0           0          0.0105785          0               0
       -1.57766             0          0           0          0.0107804          0               0
       -1.57636             0          0           0          0.0111022          0               0
       -1.57506             0          0           0          0.0114545          0               0
       -1.57375             0          0           0          0.0117478          0               0
       -1.57245             0          0           0          0.0118965          0               0
       -1.57115             0          0           0          0.0118985          0               0
       -1.56985             0          0           0          0.0118479          0               0
       -1.56855             0          0           0          0.0118432          0               0
       -1.56725             0          0           0          0.0119811          0               0
       -1.56595             0          0           0          0.0122937          0               0
       -1.56465             0          0           0          0.0126913          0               0
       -1.56335             0          0           0          0.0130712          0               0
       -1.56204             0          0           0          0.0133322          0               0
       -1.56074             0          0           0          0.0134213          0               0
       -1.55944             0          0           0          0.0134174          0               0
       -1.55814             0          0           0          0.0134209          0               0
       -1.55684             0          0           0          0.0135314          0               0
       -1.55554             0          0           0          0.0138099          0               0
       -1.55424             0          0           0          0.0141841          0               0
       -1.55294             0          0           0          0.0145529          0               0
       -1.55164             0          0           0          0.0148164          0               0
       -1.55034             0          0           0          0.0149108          0               0
       -1.54903             0          0           0          0.0149113          0               0
       -1.54773             0          0           0          0.0149261          0               0
       -1.54643             0          0           0          0.0150622          0               0
       -1.54513             0          0           0          0.0153862          0               0
       -1.54383             0          0           0          0.0158147          0               0
       -1.54253             0          0           0          0.0162301          0               0
       -1.54123             0          0           0          0.0165162          0               0
       -1.53993             0          0           0          0.0166093          0               0
       -1.53863             0          0           0          0.0166071          0               0
       -1.53733             0          0           0          0.0166381          0               0
       -1.53602             0          0           0          0.0168288          0               0
       -1.53472             0          0           0          0.0172313          0               0
       -1.53342             0          0           0          0.0177286          0               0
       -1.53212             0          0           0          0.0181809          0               0
       -1.53082             0          0           0          0.0184519          0               0
       -1.52952             0          0           0          0.0185155          0               0
       -1.52822             0          0           0          0.0185113          0               0
       -1.52692             0          0           0           0.018591          0               0
       -1.52562             0          0           0          0.0188968          0               0
       -1.52432             0          0           0          0.0194123          0               0
       -1.52301             0          0           0          0.0199781          0               0
       -1.52171             0          0           0          0.0204311          0               0
       -1.52041             0          0           0          0.0206359          0               0
       -1.51911             0          0           0          0.0206642          0               0
       -1.51781             0          0           0          0.0206861          0               0
       -1.51651             0          0           0          0.0208704          0               0
       -1.51521             0          0           0          0.0213165          0               0
       -1.51391             0          0           0           0.021894          0               0
       -1.51261             0          0           0          0.0224253          0               0
        -1.5113             0          0           0          0.0227383          0               0
          -1.51             0          0           0          0.0228098          0               0
        -1.5087             0          0           0          0.0228211          0               0
        -1.5074             0          0           0          0.0229661          0               0
        -1.5061             0          0           0          0.0234106          0               0
        -1.5048             0          0           0          0.0240845          0               0
        -1.5035             0          0           0          0.0247934          0               0
        -1.5022             0          0           0          0.0253444          0               0
        -1.5009             0          0           0          0.0256212          0               0
        -1.4996             0          0           0          0.0257081          0               0
       -1.49829             0          0           0          0.0257208          0               0
       -1.49699             0          0           0          0.0257698          0               0
       -1.49569             0          0           0          0.0259031          0               0
       -1.49439             0          0           0          0.0261177          0               0
       -1.49309             0          0           0          0.0264095          0               0
       -1.49179             0          0           0           0.026774          0               0
       -1.49049             0          0           0          0.0272071          0               0
       -1.48919             0          0           0          0.0277046          0               0
       -1.48789             0          0           0          0.0282612          0               0
       -1.48659             0          0           0          0.0288524          0               0
       -1.48528             0          0           0          0.0294375          0               0
       -1.48398             0          0           0          0.0299761          0               0
       -1.48268             0          0           0           0.030428          0               0
       -1.48138             0          0           0          0.0307537          0               0
       -1.48008             0          0           0           0.030914          0               0
       -1.47878             0          0           0          0.0308859          0               0
       -1.47748             0          0           0           0.030807          0               0
       -1.47618             0          0           0           0.030907          0               0
       -1.47488             0          0           0          0.0314108          0               0
       -1.47357             0          0           0          0.0323384          0               0
       -1.47227             0          0           0          0.0333865          0               0
       -1.47097             0          0           0          0.0342267          0               0
       -1.46967             0          0           0          0.0346241          0               0
       -1.46837             0          0           0           0.034733          0               0
       -1.46707             0          0           0          0.0348095          0               0
       -1.46577             0          0           0          0.0350893          0               0
       -1.46447             0          0           0          0.0356002          0               0
       -1.46317             0          0           0          0.0362363          0               0
       -1.46187             0          0           0          0.0368903          0               0
       -1.46056             0          0           0          0.0374565          0               0
       -1.45926             0          0           0          0.0378303          0               0
       -1.45796             0          0           0          0.0379085          0               0
       -1.45666             0          0           0          0.0377072          0               0
       -1.45536             0          0           0          0.0375606          0               0
       -1.45406             0          0           0          0.0378519          0               0
       -1.45276             0          0           0          0.0388444          0               0
       -1.45146             0          0           0          0.0402026          0               0
       -1.45016             0          0           0          0.0414036          0               0
       -1.44886             0          0           0          0.0419893          0               0
       -1.44755             0          0           0          0.0420551          0               0
       -1.44625             0          0           0          0.0419935          0               0
       -1.44495             0          0           0          0.0421793          0               0
       -1.44365             0          0           0          0.0427079          0               0
       -1.44235             0          0           0          0.0434466          0               0
       -1.44105             0          0           0          0.0442574          0               0
       -1.43975             0          0           0          0.0450038          0               0
       -1.43845             0          0           0          0.0455511          0               0
       -1.43715             0          0           0          0.0457698          0               0
       -1.43585             0          0           0           0.045734          0               0
       -1.43454             0          0           0          0.0458185          0               0
       -1.43324             0          0           0           0.046415          0               0
       -1.43194             0          0           0          0.0476131          0               0
       -1.43064             0          0           0          0.0489658          0               0
       -1.42934             0          0           0          0.0499771          0               0
       -1.42804             0          0           0          0.0504176          0               0
       -1.42674             0          0           0          0.0505855          0               0
       -1.42544             0          0           0          0.0508376          0               0
       -1.42414             0          0           0          0.0513857          0               0
       -1.42283             0          0           0          0.0521433          0               0
       -1.42153             0          0           0          0.0529881          0               0
       -1.42023             0          0           0          0.0537989          0               0
       -1.41893             0          0           0          0.0544561          0               0
       -1.41763             0          0           0          0.0548429          0               0
       -1.41633             0          0           0          0.0549744          0               0
       -1.41503             0          0           0          0.0551028          0               0
       -1.41373             0          0           0          0.0554994          0               0
       -1.41243             0          0           0          0.0562634          0               0
       -1.41113             0          0           0           0.057236          0               0
       -1.40982             0          0           0          0.0582386          0               0
       -1.40852             0          0           0          0.0590947          0               0
       -1.40722             0          0           0          0.0596302          0               0
       -1.40592             0          0           0          0.0596964          0               0
       -1.40462             0          0           0          0.0595895          0               0
       -1.40332             0          0           0          0.0599931          0               0
       -1.40202             0          0           0          0.0615029          0               0
       -1.40072             0          0           0          0.0636951          0               0
       -1.39942             0          0           0          0.0655345          0               0
       -1.39812             0          0           0          0.0661798          0               0
       -1.39681             0          0           0            0.06599          0               0
       -1.39551             0          0           0           0.065779          0               0
       -1.39421             0          0           0          0.0661593          0               0
       -1.39291             0          0           0          0.0670561          0               0
       -1.39161             0          0           0          0.0682454          0               0
       -1.39031             0          0           0          0.0695062          0               0
       -1.38901             0          0           0          0.0706197          0               0
       -1.38771             0          0           0          0.0713807          0               0
       -1.38641             0          0           0          0.0718443          0               0
        -1.3851             0          0           0          0.0723295          0               0
        -1.3838             0          0           0          0.0731279          0               0
        -1.3825             0          0           0          0.0742134          0               0
        -1.3812             0          0           0          0.0753975          0               0
        -1.3799             0          0           0          0.0764926          0               0
        -1.3786             0          0           0          0.0773132          0               0
        -1.3773             0          0           0            0.07768          0               0
         -1.376             0          0           0          0.0776495          0               0
        -1.3747             0          0           0          0.0776412          0               0
        -1.3734             0          0           0          0.0780715          0               0
       -1.37209             0          0           0          0.0789861          0               0
       -1.37079             0          0           0           0.080187          0               0
       -1.36949             0          0           0          0.0814744          0               0
       -1.36819             0          0           0          0.0826508          0               0
       -1.36689             0          0           0          0.0835254          0               0
       -1.36559             0          0           0          0.0841209          0               0
       -1.36429             0          0           0          0.0847581          0               0
       -1.36299             0          0           0          0.0857386          0               0
       -1.36169             0          0           0          0.0870287          0               0
       -1.36039             0          0           0          0.0884268          0               0
       -1.35908             0          0           0          0.0897322          0               0
       -1.35778             0          0           0          0.0907466          0               0
       -1.35648             0          0           0          0.0912976          0               0
       -1.35518             0          0           0          0.0915808          0               0
       -1.35388             0          0           0          0.0920797          0               0
       -1.35258             0          0           0          0.0931397          0               0
       -1.35128             0          0           0          0.0945991          0               0
       -1.34998             0          0           0          0.0961847          0               0
       -1.34868             0          0           0          0.0976265          0               0
       -1.34738             0          0           0          0.0986581          0               0
       -1.34607             0          0           0          0.0991453          0               0
       -1.34477             0          0           0          0.0994929          0               0
       -1.34347             0          0           0           0.100224          0               0
       -1.34217             0          0           0           0.101471          0               0
       -1.34087             0          0           0           0.102972          0               0
       -1.33957             0          0           0           0.104451          0               0
       -1.33827             0          0           0           0.105635          0               0
       -1.33697             0          0           0            0.10628          0               0
       -1.33567             0          0           0           0.106629          0               0
       -1.33436             0          0           0           0.107338          0               0
       -1.33306             0          0           0            0.10882          0               0
       -1.33176             0          0           0           0.110766          0               0
       -1.33046             0          0           0           0.112747          0               0
       -1.32916             0          0           0           0.114336          0               0
       -1.32786             0          0           0           0.115118          0               0
       -1.32656             0          0           0           0.115132          0               0
       -1.32526             0          0           0           0.115208          0               0
       -1.32396             0          0           0           0.116091          0               0
       -1.32266             0          0           0           0.117673          0               0
       -1.32135             0          0           0           0.119557          0               0
       -1.32005             0          0           0           0.121353          0               0
       -1.31875             0          0           0           0.122676          0               0
       -1.31745             0          0           0           0.123374          0               0
       -1.31615             0          0           0           0.123857          0               0
       -1.31485             0          0           0           0.124556          0               0
       -1.31355             0          0           0           0.125523          0               0
       -1.31225             0          0           0           0.126656          0               0
       -1.31095             0          0           0           0.127853          0               0
       -1.30965             0          0           0           0.129013          0               0
       -1.30834             0          0           0           0.130037          0               0
       -1.30704             0          0           0           0.130827          0               0
       -1.30574             0          0           0           0.131367          0               0
       -1.30444             0          0           0           0.132063          0               0
       -1.30314             0          0           0           0.133409          0               0
       -1.30184             0          0           0           0.135374          0               0
       -1.30054             0          0           0           0.137563          0               0
       -1.29924             0          0           0           0.139578          0               0
       -1.29794             0          0           0           0.141026          0               0
       -1.29663             0          0           0           0.141794          0               0
       -1.29533             0          0           0           0.142503          0               0
       -1.29403             0          0           0           0.143765          0               0
       -1.29273             0          0           0           0.145523          0               0
       -1.29143             0          0           0           0.147497          0               0
       -1.29013             0          0           0           0.149415          0               0
       -1.28883             0          0           0            0.15102          0               0
       -1.28753             0          0           0           0.152434          0               0
       -1.28623             0          0           0           0.154153          0               0
       -1.28493             0          0           0           0.156353          0               0
       -1.28362             0          0           0           0.158655          0               0
       -1.28232             0          0           0           0.160635          0               0
       -1.28102             0          0           0           0.161872          0               0
       -1.27972             0          0           0           0.162172          0               0
       -1.27842             0          0           0           0.162296          0               0
       -1.27712             0          0           0           0.163118          0               0
       -1.27582             0          0           0           0.164656          0               0
       -1.27452             0          0           0           0.166583          0               0
       -1.27322             0          0           0           0.168574          0               0
       -1.27192             0          0           0           0.170308          0               0
       -1.27061             0          0           0           0.171469          0               0
       -1.26931             0          0           0           0.171778          0               0
       -1.26801             0          0           0           0.171802          0               0
       -1.26671             0          0           0           0.172948          0               0
       -1.26541             0          0           0           0.175639          0               0
       -1.26411             0          0           0           0.178976          0               0
       -1.26281             0          0           0           0.181982          0               0
       -1.26151             0          0           0           0.183698          0               0
       -1.26021             0          0           0           0.183965          0               0
        -1.2589             0          0           0           0.184121          0               0
        -1.2576             0          0           0           0.185132          0               0
        -1.2563             0          0           0           0.186798          0               0
         -1.255             0          0           0           0.188767          0               0
        -1.2537             0          0           0           0.190691          0               0
        -1.2524             0          0           0           0.192226          0               0
        -1.2511             0          0           0           0.193035          0               0
        -1.2498             0          0           0           0.193175          0               0
        -1.2485             0          0           0           0.193786          0               0
        -1.2472             0          0           0           0.195724          0               0
       -1.24589             0          0           0             0.1986          0               0
       -1.24459             0          0           0           0.201815          0               0
       -1.24329             0          0           0           0.204776          0               0
       -1.24199             0          0           0           0.207173          0               0
       -1.24069             0          0           0           0.209384          0               0
       -1.23939             0          0           0            0.21169          0               0
       -1.23809             0          0           0           0.213903          0               0
       -1.23679             0          0           0           0.215773          0               0
       -1.23549             0          0           0           0.217054          0               0
       -1.23419             0          0           0           0.217502          0               0
       -1.23288             0          0           0           0.216896          0               0
       -1.23158             0          0           0           0.215936          0               0
       -1.23028             0          0           0           0.216596          0               0
       -1.22898             0          0           0           0.219452          0               0
       -1.22768             0          0           0           0.223336          0               0
       -1.22638             0          0           0           0.226997          0               0
       -1.22508             0          0           0           0.229312          0               0
       -1.22378             0          0           0           0.230681          0               0
       -1.22248             0          0           0            0.23245          0               0
       -1.22118             0          0           0           0.234833          0               0
       -1.21987             0          0           0            0.23744          0               0
       -1.21857             0          0           0            0.23988          0               0
       -1.21727             0          0           0           0.241766          0               0
       -1.21597             0          0           0           0.242718          0               0
       -1.21467             0          0           0            0.24294          0               0
       -1.21337             0          0           0           0.244159          0               0
       -1.21207             0          0           0           0.247212          0               0
       -1.21077             0          0           0           0.250973          0               0
       -1.20947             0          0           0           0.254136          0               0
       -1.20816             0          0           0           0.255543          0               0
       -1.20686             0          0           0           0.255826          0               0
       -1.20556             0          0           0           0.256683          0               0
       -1.20426             0          0           0           0.258394          0               0
       -1.20296             0          0           0           0.260622          0               0
       -1.20166             0          0           0           0.263032          0               0
       -1.20036             0          0           0           0.265291          0               0
       -1.19906             0          0           0           0.267095          0               0
       -1.19776             0          0           0              0.269          0               0
       -1.19646             0          0           0           0.272457          0               0
       -1.19515             0          0           0           0.277046          0               0
       -1.19385             0          0           0           0.281032          0               0
       -1.19255             0          0           0           0.282675          0               0
       -1.19125             0          0           0           0.281638          0               0
       -1.18995             0          0           0           0.281459          0               0
       -1.18865             0          0           0           0.283835          0               0
       -1.18735             0          0           0           0.286966          0               0
       -1.18605             0          0           0           0.289904          0               0
       -1.18475             0          0           0           0.292515          0               0
       -1.18345             0          0           0           0.294686          0               0
       -1.18214             0          0           0           0.296302          0               0
       -1.18084             0          0           0           0.297267          0               0
       -1.17954             0          0           0           0.297952          0               0
       -1.17824             0          0           0           0.299169          0               0
       -1.17694             0          0           0           0.301103          0               0
       -1.17564             0          0           0           0.303601          0               0
       -1.17434             0          0           0           0.306512          0               0
       -1.17304             0          0           0           0.309685          0               0
       -1.17174             0          0           0           0.312969          0               0
       -1.17043             0          0           0           0.316182          0               0
       -1.16913             0          0           0           0.319129          0               0
       -1.16783             0          0           0           0.321616          0               0
       -1.16653             0          0           0           0.323451          0               0
       -1.16523             0          0           0           0.324509          0               0
       -1.16393             0          0           0           0.325349          0               0
       -1.16263             0          0           0           0.326717          0               0
       -1.16133             0          0           0           0.328638          0               0
       -1.16003             0          0           0           0.330982          0               0
       -1.15873             0          0           0           0.333621          0               0
       -1.15742             0          0           0           0.336428          0               0
       -1.15612             0          0           0           0.339328          0               0
       -1.15482             0          0           0           0.342364          0               0
       -1.15352             0          0           0           0.345413          0               0
       -1.15222             0          0           0           0.348192          0               0
       -1.15092             0          0           0           0.350414          0               0
       -1.14962             0          0           0           0.351795          0               0
       -1.14832             0          0           0           0.352308          0               0
       -1.14702             0          0           0           0.354139          0               0
       -1.14572             0          0           0           0.358944          0               0
       -1.14441             0          0           0            0.36429          0               0
       -1.14311             0          0           0           0.367152          0               0
       -1.14181             0          0           0           0.366108          0               0
       -1.14051             0          0           0           0.365578          0               0
       -1.13921             0          0           0           0.368055          0               0
       -1.13791             0          0           0           0.372335          0               0
       -1.13661             0          0           0           0.377035          0               0
       -1.13531             0          0           0           0.380785          0               0
       -1.13401             0          0           0           0.382533          0               0
       -1.13271             0          0           0           0.383346          0               0
        -1.1314             0          0           0            0.38454          0               0
        -1.1301             0          0           0           0.386267          0               0
        -1.1288             0          0           0           0.388564          0               0
        -1.1275             0          0           0           0.391462          0               0
        -1.1262             0          0           0           0.394972          0               0
        -1.1249             0          0           0           0.398885          0               0
        -1.1236             0          0           0           0.402858          0               0
        -1.1223             0          0           0           0.406509          0               0
         -1.121             0          0           0           0.409458          0               0
       -1.11969             0          0           0           0.411329          0               0
       -1.11839             0          0           0           0.412096          0               0
       -1.11709             0          0           0           0.414773          0               0
       -1.11579             0          0           0           0.421095          0               0
       -1.11449             0          0           0           0.427473          0               0
       -1.11319             0          0           0           0.429839          0               0
       -1.11189             0          0           0           0.428082          0               0
       -1.11059             0          0           0           0.427464          0               0
       -1.10929             0          0           0           0.429074          0               0
       -1.10799             0          0           0           0.432263          0               0
       -1.10668             0          0           0           0.436391          0               0
       -1.10538             0          0           0           0.440838          0               0
       -1.10408             0          0           0             0.4453          0               0
       -1.10278             0          0           0           0.449699          0               0
       -1.10148             0          0           0           0.453795          0               0
       -1.10018             0          0           0           0.457316          0               0
       -1.09888             0          0           0           0.459993          0               0
       -1.09758             0          0           0           0.461739          0               0
       -1.09628             0          0           0           0.463636          0               0
       -1.09498             0          0           0           0.466359          0               0
       -1.09367             0          0           0           0.469476          0               0
       -1.09237             0          0           0            0.47249          0               0
       -1.09107             0          0           0           0.474914          0               0
       -1.08977             0          0           0           0.476667          0               0
       -1.08847             0          0           0           0.478454          0               0
       -1.08717             0          0           0           0.480708          0               0
       -1.08587             0          0           0           0.483706          0               0
       -1.08457             0          0           0           0.487722          0               0
       -1.08327             0          0           0           0.492891          0               0
       -1.08196             0          0           0           0.498007          0               0
       -1.08066             0          0           0           0.501985          0               0
       -1.07936             0          0           0           0.505051          0               0
       -1.07806             0          0           0           0.507533          0               0
       -1.07676             0          0           0           0.509761          0               0
       -1.07546             0          0           0           0.512091          0               0
       -1.07416             0          0           0           0.514945          0               0
       -1.07286             0          0           0           0.518741          0               0
       -1.07156             0          0           0           0.523886          0               0
       -1.07026             0          0           0           0.529828          0               0
       -1.06895             0          0           0           0.534721          0               0
       -1.06765             0          0           0           0.538431          0               0
       -1.06635             0          0           0           0.541367          0               0
       -1.06505             0          0           0           0.543931          0               0
       -1.06375             0          0           0           0.546312          0               0
       -1.06245             0          0           0           0.547993          0               0
       -1.06115             0          0           0           0.549347          0               0
       -1.05985             0          0           0           0.551375          0               0
       -1.05855             0          0           0           0.555076          0               0
       -1.05725             0          0           0           0.561122          0               0
       -1.05594             0          0           0           0.567992          0               0
       -1.05464             0          0           0           0.573997          0               0
       -1.05334             0          0           0           0.578166          0               0
       -1.05204             0          0           0           0.579565          0               0
       -1.05074             0          0           0           0.577805          0               0
       -1.04944             0          0           0           0.577768          0               0
       -1.04814             0          0           0           0.582589          0               0
       -1.04684             0          0           0           0.589751          0               0
       -1.04554             0          0           0           0.596444          0               0
       -1.04424             0          0           0           0.600221          0               0
       -1.04293             0          0           0           0.602428          0               0
       -1.04163             0          0           0           0.605062          0               0
       -1.04033             0          0           0           0.607996          0               0
       -1.03903             0          0           0           0.610975          0               0
       -1.03773             0          0           0           0.613805          0               0
       -1.03643             0          0           0           0.616848          0               0
       -1.03513             0          0           0           0.620556          0               0
       -1.03383             0          0           0           0.625137          0               0
       -1.03253             0          0           0           0.630786          0               0
       -1.03122             0          0           0           0.637502          0               0
       -1.02992             0          0           0            0.64396          0               0
       -1.02862             0          0           0             0.6483          0               0
       -1.02732             0          0           0           0.648698          0               0
       -1.02602             0          0           0           0.646688          0               0
       -1.02472             0          0           0           0.648942          0               0
       -1.02342             0          0           0           0.654727          0               0
       -1.02212             0          0           0           0.661301          0               0
       -1.02082             0          0           0           0.666037          0               0
       -1.01952             0          0           0           0.668951          0               0
       -1.01821             0          0           0           0.672038          0               0
       -1.01691             0          0           0           0.675451          0               0
       -1.01561             0          0           0           0.679123          0               0
       -1.01431             0          0           0            0.68285          0               0
       -1.01301             0          0           0           0.685346          0               0
       -1.01171             0          0           0           0.687051          0               0
       -1.01041             0          0           0           0.690303          0               0
       -1.00911             0          0           0           0.697461          0               0
       -1.00781             0          0           0           0.706929          0               0
       -1.00651             0          0           0            0.70904          0               0
        -1.0052             0          0           0           0.706268          0               0
        -1.0039             0          0           0           0.704958          0               0
        -1.0026             0          0           0            0.71096          0               0
        -1.0013             0          0           0           0.722176          0               0
             -1             0          0           0           0.729501          0               0
