# Electron neutrino-oxygen scattering cross section (10^-38 cm^2/GeV) #
# log(energy in GeV)       nu_e       nu_mu       nu_tau       nu_e_bar       nu_mu_bar       nu_tau_bar #

       -2.30103             0          0           0                  0          0               0
       -2.29973             0          0           0                  0          0               0
       -2.29843             0          0           0                  0          0               0
       -2.29713             0          0           0                  0          0               0
       -2.29583             0          0           0                  0          0               0
       -2.29452             0          0           0                  0          0               0
       -2.29322             0          0           0                  0          0               0
       -2.29192             0          0           0                  0          0               0
       -2.29062             0          0           0                  0          0               0
       -2.28932             0          0           0                  0          0               0
       -2.28802             0          0           0                  0          0               0
       -2.28672             0          0           0                  0          0               0
       -2.28542             0          0           0                  0          0               0
       -2.28412             0          0           0                  0          0               0
       -2.28282             0          0           0                  0          0               0
       -2.28151             0          0           0                  0          0               0
       -2.28021             0          0           0                  0          0               0
       -2.27891             0          0           0                  0          0               0
       -2.27761             0          0           0                  0          0               0
       -2.27631             0          0           0                  0          0               0
       -2.27501             0          0           0                  0          0               0
       -2.27371             0          0           0                  0          0               0
       -2.27241             0          0           0                  0          0               0
       -2.27111             0          0           0                  0          0               0
       -2.26981             0          0           0                  0          0               0
        -2.2685             0          0           0                  0          0               0
        -2.2672             0          0           0                  0          0               0
        -2.2659             0          0           0                  0          0               0
        -2.2646             0          0           0                  0          0               0
        -2.2633             0          0           0                  0          0               0
         -2.262             0          0           0                  0          0               0
        -2.2607             0          0           0                  0          0               0
        -2.2594             0          0           0                  0          0               0
        -2.2581             0          0           0                  0          0               0
       -2.25679             0          0           0                  0          0               0
       -2.25549             0          0           0                  0          0               0
       -2.25419             0          0           0                  0          0               0
       -2.25289             0          0           0                  0          0               0
       -2.25159             0          0           0                  0          0               0
       -2.25029             0          0           0                  0          0               0
       -2.24899             0          0           0                  0          0               0
       -2.24769             0          0           0                  0          0               0
       -2.24639             0          0           0                  0          0               0
       -2.24509             0          0           0                  0          0               0
       -2.24378             0          0           0                  0          0               0
       -2.24248             0          0           0                  0          0               0
       -2.24118             0          0           0                  0          0               0
       -2.23988             0          0           0                  0          0               0
       -2.23858             0          0           0                  0          0               0
       -2.23728             0          0           0                  0          0               0
       -2.23598             0          0           0                  0          0               0
       -2.23468             0          0           0                  0          0               0
       -2.23338             0          0           0                  0          0               0
       -2.23208             0          0           0                  0          0               0
       -2.23077             0          0           0                  0          0               0
       -2.22947             0          0           0                  0          0               0
       -2.22817             0          0           0                  0          0               0
       -2.22687             0          0           0                  0          0               0
       -2.22557             0          0           0                  0          0               0
       -2.22427             0          0           0                  0          0               0
       -2.22297             0          0           0                  0          0               0
       -2.22167             0          0           0                  0          0               0
       -2.22037             0          0           0                  0          0               0
       -2.21907             0          0           0                  0          0               0
       -2.21776             0          0           0                  0          0               0
       -2.21646             0          0           0                  0          0               0
       -2.21516             0          0           0                  0          0               0
       -2.21386             0          0           0                  0          0               0
       -2.21256             0          0           0                  0          0               0
       -2.21126             0          0           0                  0          0               0
       -2.20996             0          0           0                  0          0               0
       -2.20866             0          0           0                  0          0               0
       -2.20736             0          0           0                  0          0               0
       -2.20605             0          0           0                  0          0               0
       -2.20475             0          0           0                  0          0               0
       -2.20345             0          0           0                  0          0               0
       -2.20215             0          0           0                  0          0               0
       -2.20085             0          0           0                  0          0               0
       -2.19955             0          0           0                  0          0               0
       -2.19825             0          0           0                  0          0               0
       -2.19695             0          0           0                  0          0               0
       -2.19565             0          0           0                  0          0               0
       -2.19435             0          0           0                  0          0               0
       -2.19304             0          0           0                  0          0               0
       -2.19174             0          0           0                  0          0               0
       -2.19044             0          0           0                  0          0               0
       -2.18914             0          0           0                  0          0               0
       -2.18784             0          0           0                  0          0               0
       -2.18654             0          0           0                  0          0               0
       -2.18524             0          0           0                  0          0               0
       -2.18394             0          0           0                  0          0               0
       -2.18264             0          0           0                  0          0               0
       -2.18134             0          0           0                  0          0               0
       -2.18003             0          0           0                  0          0               0
       -2.17873             0          0           0                  0          0               0
       -2.17743             0          0           0                  0          0               0
       -2.17613             0          0           0                  0          0               0
       -2.17483             0          0           0                  0          0               0
       -2.17353             0          0           0                  0          0               0
       -2.17223             0          0           0                  0          0               0
       -2.17093             0          0           0                  0          0               0
       -2.16963             0          0           0                  0          0               0
       -2.16832             0          0           0                  0          0               0
       -2.16702             0          0           0                  0          0               0
       -2.16572             0          0           0                  0          0               0
       -2.16442             0          0           0                  0          0               0
       -2.16312             0          0           0                  0          0               0
       -2.16182             0          0           0                  0          0               0
       -2.16052             0          0           0                  0          0               0
       -2.15922             0          0           0                  0          0               0
       -2.15792             0          0           0                  0          0               0
       -2.15662             0          0           0                  0          0               0
       -2.15531             0          0           0                  0          0               0
       -2.15401             0          0           0                  0          0               0
       -2.15271             0          0           0                  0          0               0
       -2.15141             0          0           0                  0          0               0
       -2.15011             0          0           0                  0          0               0
       -2.14881             0          0           0                  0          0               0
       -2.14751             0          0           0                  0          0               0
       -2.14621             0          0           0                  0          0               0
       -2.14491             0          0           0                  0          0               0
       -2.14361             0          0           0                  0          0               0
        -2.1423             0          0           0                  0          0               0
         -2.141             0          0           0                  0          0               0
        -2.1397             0          0           0                  0          0               0
        -2.1384             0          0           0                  0          0               0
        -2.1371             0          0           0                  0          0               0
        -2.1358             0          0           0                  0          0               0
        -2.1345             0          0           0                  0          0               0
        -2.1332             0          0           0                  0          0               0
        -2.1319             0          0           0                  0          0               0
        -2.1306             0          0           0                  0          0               0
       -2.12929             0          0           0                  0          0               0
       -2.12799             0          0           0                  0          0               0
       -2.12669             0          0           0                  0          0               0
       -2.12539             0          0           0                  0          0               0
       -2.12409             0          0           0                  0          0               0
       -2.12279             0          0           0                  0          0               0
       -2.12149             0          0           0                  0          0               0
       -2.12019             0          0           0                  0          0               0
       -2.11889             0          0           0                  0          0               0
       -2.11758             0          0           0                  0          0               0
       -2.11628             0          0           0                  0          0               0
       -2.11498             0          0           0                  0          0               0
       -2.11368             0          0           0                  0          0               0
       -2.11238             0          0           0                  0          0               0
       -2.11108             0          0           0                  0          0               0
       -2.10978             0          0           0                  0          0               0
       -2.10848             0          0           0                  0          0               0
       -2.10718             0          0           0                  0          0               0
       -2.10588             0          0           0                  0          0               0
       -2.10457             0          0           0                  0          0               0
       -2.10327             0          0           0                  0          0               0
       -2.10197             0          0           0                  0          0               0
       -2.10067             0          0           0                  0          0               0
       -2.09937             0          0           0                  0          0               0
       -2.09807             0          0           0                  0          0               0
       -2.09677             0          0           0                  0          0               0
       -2.09547             0          0           0                  0          0               0
       -2.09417             0          0           0                  0          0               0
       -2.09287             0          0           0                  0          0               0
       -2.09156             0          0           0                  0          0               0
       -2.09026             0          0           0                  0          0               0
       -2.08896             0          0           0                  0          0               0
       -2.08766             0          0           0                  0          0               0
       -2.08636             0          0           0                  0          0               0
       -2.08506             0          0           0                  0          0               0
       -2.08376             0          0           0                  0          0               0
       -2.08246             0          0           0                  0          0               0
       -2.08116             0          0           0                  0          0               0
       -2.07985             0          0           0                  0          0               0
       -2.07855             0          0           0                  0          0               0
       -2.07725             0          0           0                  0          0               0
       -2.07595             0          0           0                  0          0               0
       -2.07465             0          0           0                  0          0               0
       -2.07335             0          0           0                  0          0               0
       -2.07205             0          0           0                  0          0               0
       -2.07075             0          0           0                  0          0               0
       -2.06945             0          0           0                  0          0               0
       -2.06815             0          0           0                  0          0               0
       -2.06684             0          0           0                  0          0               0
       -2.06554             0          0           0                  0          0               0
       -2.06424             0          0           0                  0          0               0
       -2.06294             0          0           0                  0          0               0
       -2.06164             0          0           0                  0          0               0
       -2.06034             0          0           0                  0          0               0
       -2.05904             0          0           0                  0          0               0
       -2.05774             0          0           0                  0          0               0
       -2.05644             0          0           0                  0          0               0
       -2.05514             0          0           0                  0          0               0
       -2.05383             0          0           0                  0          0               0
       -2.05253             0          0           0                  0          0               0
       -2.05123             0          0           0                  0          0               0
       -2.04993             0          0           0                  0          0               0
       -2.04863             0          0           0                  0          0               0
       -2.04733             0          0           0                  0          0               0
       -2.04603             0          0           0                  0          0               0
       -2.04473             0          0           0                  0          0               0
       -2.04343             0          0           0                  0          0               0
       -2.04213             0          0           0                  0          0               0
       -2.04082             0          0           0                  0          0               0
       -2.03952             0          0           0                  0          0               0
       -2.03822             0          0           0                  0          0               0
       -2.03692             0          0           0                  0          0               0
       -2.03562             0          0           0                  0          0               0
       -2.03432             0          0           0                  0          0               0
       -2.03302             0          0           0                  0          0               0
       -2.03172             0          0           0                  0          0               0
       -2.03042             0          0           0                  0          0               0
       -2.02911             0          0           0                  0          0               0
       -2.02781             0          0           0                  0          0               0
       -2.02651             0          0           0                  0          0               0
       -2.02521             0          0           0                  0          0               0
       -2.02391             0          0           0                  0          0               0
       -2.02261             0          0           0                  0          0               0
       -2.02131             0          0           0                  0          0               0
       -2.02001             0          0           0                  0          0               0
       -2.01871             0          0           0                  0          0               0
       -2.01741             0          0           0                  0          0               0
        -2.0161             0          0           0                  0          0               0
        -2.0148             0          0           0                  0          0               0
        -2.0135             0          0           0                  0          0               0
        -2.0122             0          0           0                  0          0               0
        -2.0109             0          0           0                  0          0               0
        -2.0096             0          0           0                  0          0               0
        -2.0083             0          0           0                  0          0               0
         -2.007             0          0           0                  0          0               0
        -2.0057             0          0           0                  0          0               0
        -2.0044             0          0           0                  0          0               0
       -2.00309             0          0           0                  0          0               0
       -2.00179             0          0           0                  0          0               0
       -2.00049             0          0           0                  0          0               0
       -1.99919             0          0           0                  0          0               0
       -1.99789             0          0           0                  0          0               0
       -1.99659             0          0           0                  0          0               0
       -1.99529             0          0           0                  0          0               0
       -1.99399             0          0           0                  0          0               0
       -1.99269             0          0           0                  0          0               0
       -1.99138             0          0           0                  0          0               0
       -1.99008             0          0           0                  0          0               0
       -1.98878             0          0           0                  0          0               0
       -1.98748             0          0           0                  0          0               0
       -1.98618             0          0           0                  0          0               0
       -1.98488             0          0           0                  0          0               0
       -1.98358             0          0           0                  0          0               0
       -1.98228             0          0           0                  0          0               0
       -1.98098             0          0           0                  0          0               0
       -1.97968             0          0           0                  0          0               0
       -1.97837             0          0           0                  0          0               0
       -1.97707             0          0           0                  0          0               0
       -1.97577             0          0           0                  0          0               0
       -1.97447             0          0           0                  0          0               0
       -1.97317             0          0           0                  0          0               0
       -1.97187             0          0           0                  0          0               0
       -1.97057             0          0           0                  0          0               0
       -1.96927             0          0           0                  0          0               0
       -1.96797             0          0           0                  0          0               0
       -1.96667             0          0           0                  0          0               0
       -1.96536             0          0           0                  0          0               0
       -1.96406             0          0           0                  0          0               0
       -1.96276             0          0           0                  0          0               0
       -1.96146             0          0           0                  0          0               0
       -1.96016             0          0           0                  0          0               0
       -1.95886             0          0           0                  0          0               0
       -1.95756             0          0           0                  0          0               0
       -1.95626             0          0           0                  0          0               0
       -1.95496             0          0           0                  0          0               0
       -1.95365             0          0           0                  0          0               0
       -1.95235             0          0           0                  0          0               0
       -1.95105             0          0           0                  0          0               0
       -1.94975             0          0           0                  0          0               0
       -1.94845             0          0           0                  0          0               0
       -1.94715             0          0           0                  0          0               0
       -1.94585             0          0           0                  0          0               0
       -1.94455             0          0           0                  0          0               0
       -1.94325             0          0           0                  0          0               0
       -1.94195             0          0           0                  0          0               0
       -1.94064             0          0           0                  0          0               0
       -1.93934             0          0           0                  0          0               0
       -1.93804             0          0           0                  0          0               0
       -1.93674             0          0           0                  0          0               0
       -1.93544             0          0           0                  0          0               0
       -1.93414             0          0           0                  0          0               0
       -1.93284             0          0           0                  0          0               0
       -1.93154             0          0           0                  0          0               0
       -1.93024             0          0           0                  0          0               0
       -1.92894             0          0           0                  0          0               0
       -1.92763             0          0           0                  0          0               0
       -1.92633             0          0           0                  0          0               0
       -1.92503             0          0           0                  0          0               0
       -1.92373             0          0           0                  0          0               0
       -1.92243             0          0           0                  0          0               0
       -1.92113             0          0           0                  0          0               0
       -1.91983             0          0           0                  0          0               0
       -1.91853             0          0           0                  0          0               0
       -1.91723             0          0           0                  0          0               0
       -1.91593             0          0           0                  0          0               0
       -1.91462             0          0           0                  0          0               0
       -1.91332             0          0           0                  0          0               0
       -1.91202             0          0           0                  0          0               0
       -1.91072             0          0           0                  0          0               0
       -1.90942             0          0           0                  0          0               0
       -1.90812             0          0           0                  0          0               0
       -1.90682             0          0           0                  0          0               0
       -1.90552             0          0           0                  0          0               0
       -1.90422             0          0           0                  0          0               0
       -1.90291             0          0           0                  0          0               0
       -1.90161             0          0           0                  0          0               0
       -1.90031             0          0           0                  0          0               0
       -1.89901             0          0           0                  0          0               0
       -1.89771             0          0           0                  0          0               0
       -1.89641             0          0           0                  0          0               0
       -1.89511             0          0           0                  0          0               0
       -1.89381             0          0           0                  0          0               0
       -1.89251             0          0           0                  0          0               0
       -1.89121             0          0           0                  0          0               0
        -1.8899             0          0           0                  0          0               0
        -1.8886             0          0           0                  0          0               0
        -1.8873             0          0           0                  0          0               0
         -1.886             0          0           0                  0          0               0
        -1.8847             0          0           0                  0          0               0
        -1.8834             0          0           0                  0          0               0
        -1.8821             0          0           0                  0          0               0
        -1.8808             0          0           0                  0          0               0
        -1.8795             0          0           0                  0          0               0
        -1.8782             0          0           0                  0          0               0
       -1.87689             0          0           0                  0          0               0
       -1.87559             0          0           0                  0          0               0
       -1.87429             0          0           0                  0          0               0
       -1.87299             0          0           0                  0          0               0
       -1.87169             0          0           0                  0          0               0
       -1.87039             0          0           0                  0          0               0
       -1.86909             0          0           0                  0          0               0
       -1.86779             0          0           0                  0          0               0
       -1.86649             0          0           0                  0          0               0
       -1.86518             0          0           0                  0          0               0
       -1.86388             0          0           0                  0          0               0
       -1.86258             0          0           0                  0          0               0
       -1.86128             0          0           0                  0          0               0
       -1.85998             0          0           0                  0          0               0
       -1.85868             0          0           0                  0          0               0
       -1.85738             0          0           0                  0          0               0
       -1.85608             0          0           0                  0          0               0
       -1.85478             0          0           0                  0          0               0
       -1.85348             0          0           0                  0          0               0
       -1.85217             0          0           0                  0          0               0
       -1.85087             0          0           0                  0          0               0
       -1.84957             0          0           0                  0          0               0
       -1.84827             0          0           0                  0          0               0
       -1.84697             0          0           0                  0          0               0
       -1.84567             0          0           0                  0          0               0
       -1.84437             0          0           0                  0          0               0
       -1.84307             0          0           0                  0          0               0
       -1.84177             0          0           0                  0          0               0
       -1.84047             0          0           0                  0          0               0
       -1.83916             0          0           0                  0          0               0
       -1.83786             0          0           0                  0          0               0
       -1.83656             0          0           0                  0          0               0
       -1.83526             0          0           0                  0          0               0
       -1.83396             0          0           0                  0          0               0
       -1.83266             0          0           0                  0          0               0
       -1.83136             0          0           0                  0          0               0
       -1.83006             0          0           0                  0          0               0
       -1.82876             0          0           0                  0          0               0
       -1.82746             0          0           0                  0          0               0
       -1.82615             0          0           0                  0          0               0
       -1.82485             0          0           0                  0          0               0
       -1.82355             0          0           0                  0          0               0
       -1.82225             0          0           0                  0          0               0
       -1.82095             0          0           0                  0          0               0
       -1.81965             0          0           0                  0          0               0
       -1.81835             0          0           0                  0          0               0
       -1.81705             0          0           0                  0          0               0
       -1.81575             0          0           0                  0          0               0
       -1.81444             0          0           0                  0          0               0
       -1.81314             0          0           0                  0          0               0
       -1.81184             0          0           0                  0          0               0
       -1.81054             0          0           0                  0          0               0
       -1.80924             0          0           0                  0          0               0
       -1.80794             0          0           0                  0          0               0
       -1.80664             0          0           0                  0          0               0
       -1.80534             0          0           0                  0          0               0
       -1.80404             0          0           0                  0          0               0
       -1.80274             0          0           0                  0          0               0
       -1.80143             0          0           0                  0          0               0
       -1.80013             0          0           0                  0          0               0
       -1.79883             0          0           0                  0          0               0
       -1.79753             0          0           0                  0          0               0
       -1.79623             0          0           0                  0          0               0
       -1.79493             0          0           0                  0          0               0
       -1.79363             0          0           0                  0          0               0
       -1.79233             0          0           0                  0          0               0
       -1.79103             0          0           0                  0          0               0
       -1.78973             0          0           0                  0          0               0
       -1.78842             0          0           0                  0          0               0
       -1.78712             0          0           0                  0          0               0
       -1.78582             0          0           0                  0          0               0
       -1.78452             0          0           0                  0          0               0
       -1.78322             0          0           0                  0          0               0
       -1.78192             0          0           0                  0          0               0
       -1.78062             0          0           0                  0          0               0
       -1.77932             0          0           0                  0          0               0
       -1.77802             0          0           0                  0          0               0
       -1.77671             0          0           0                  0          0               0
       -1.77541             0          0           0                  0          0               0
       -1.77411             0          0           0                  0          0               0
       -1.77281             0          0           0                  0          0               0
       -1.77151             0          0           0                  0          0               0
       -1.77021             0          0           0                  0          0               0
       -1.76891             0          0           0                  0          0               0
       -1.76761             0          0           0                  0          0               0
       -1.76631             0          0           0                  0          0               0
       -1.76501             0          0           0                  0          0               0
        -1.7637             0          0           0                  0          0               0
        -1.7624             0          0           0                  0          0               0
        -1.7611             0          0           0                  0          0               0
        -1.7598             0          0           0                  0          0               0
        -1.7585             0          0           0                  0          0               0
        -1.7572             0          0           0                  0          0               0
        -1.7559             0          0           0                  0          0               0
        -1.7546             0          0           0                  0          0               0
        -1.7533             0          0           0                  0          0               0
         -1.752             0          0           0                  0          0               0
       -1.75069             0          0           0                  0          0               0
       -1.74939             0          0           0                  0          0               0
       -1.74809             0          0           0                  0          0               0
       -1.74679             0          0           0                  0          0               0
       -1.74549             0          0           0                  0          0               0
       -1.74419             0          0           0                  0          0               0
       -1.74289             0          0           0        0.000133569          0               0
       -1.74159             0          0           0        0.000270994          0               0
       -1.74029             0          0           0          0.0004066          0               0
       -1.73899             0          0           0        0.000540432          0               0
       -1.73768             0          0           0        0.000672532          0               0
       -1.73638             0          0           0        0.000802942          0               0
       -1.73508             0          0           0        0.000931702          0               0
       -1.73378             0          0           0         0.00105886          0               0
       -1.73248             0          0           0         0.00118444          0               0
       -1.73118             0          0           0          0.0013085          0               0
       -1.72988             0          0           0         0.00143108          0               0
       -1.72858             0          0           0          0.0015522          0               0
       -1.72728             0          0           0         0.00167192          0               0
       -1.72597             0          0           0         0.00179027          0               0
       -1.72467             0          0           0         0.00190729          0               0
       -1.72337             0          0           0         0.00202302          0               0
       -1.72207             0          0           0         0.00213749          0               0
       -1.72077             0          0           0         0.00225074          0               0
       -1.71947             0          0           0         0.00236281          0               0
       -1.71817             0          0           0         0.00247374          0               0
       -1.71687             0          0           0         0.00258355          0               0
       -1.71557             0          0           0          0.0026923          0               0
       -1.71427             0          0           0             0.0028          0               0
       -1.71296             0          0           0          0.0029067          0               0
       -1.71166             0          0           0         0.00301243          0               0
       -1.71036             0          0           0         0.00311723          0               0
       -1.70906             0          0           0         0.00322113          0               0
       -1.70776             0          0           0         0.00332416          0               0
       -1.70646             0          0           0         0.00342635          0               0
       -1.70516             0          0           0         0.00352774          0               0
       -1.70386             0          0           0         0.00362836          0               0
       -1.70256             0          0           0         0.00372824          0               0
       -1.70126             0          0           0         0.00382742          0               0
       -1.69995             0          0           0         0.00392592          0               0
       -1.69865             0          0           0         0.00402378          0               0
       -1.69735             0          0           0         0.00412102          0               0
       -1.69605             0          0           0         0.00421768          0               0
       -1.69475             0          0           0         0.00431378          0               0
       -1.69345             0          0           0         0.00440937          0               0
       -1.69215             0          0           0         0.00450445          0               0
       -1.69085             0          0           0         0.00459907          0               0
       -1.68955             0          0           0         0.00469325          0               0
       -1.68824             0          0           0         0.00478703          0               0
       -1.68694             0          0           0         0.00488042          0               0
       -1.68564             0          0           0         0.00497345          0               0
       -1.68434             0          0           0         0.00506616          0               0
       -1.68304             0          0           0         0.00515857          0               0
       -1.68174             0          0           0         0.00525071          0               0
       -1.68044             0          0           0          0.0053426          0               0
       -1.67914             0          0           0         0.00543427          0               0
       -1.67784             0          0           0         0.00552574          0               0
       -1.67654             0          0           0         0.00561704          0               0
       -1.67523             0          0           0          0.0057082          0               0
       -1.67393             0          0           0         0.00579924          0               0
       -1.67263             0          0           0         0.00589018          0               0
       -1.67133             0          0           0         0.00598105          0               0
       -1.67003             0          0           0         0.00607187          0               0
       -1.66873             0          0           0         0.00616267          0               0
       -1.66743             0          0           0         0.00625346          0               0
       -1.66613             0          0           0         0.00634428          0               0
       -1.66483             0          0           0         0.00643514          0               0
       -1.66353             0          0           0         0.00652607          0               0
       -1.66222             0          0           0         0.00661709          0               0
       -1.66092             0          0           0         0.00670823          0               0
       -1.65962             0          0           0         0.00679949          0               0
       -1.65832             0          0           0         0.00689091          0               0
       -1.65702             0          0           0          0.0069825          0               0
       -1.65572             0          0           0         0.00707429          0               0
       -1.65442             0          0           0          0.0071663          0               0
       -1.65312             0          0           0         0.00725854          0               0
       -1.65182             0          0           0         0.00735104          0               0
       -1.65051             0          0           0         0.00744381          0               0
       -1.64921             0          0           0         0.00753688          0               0
       -1.64791             0          0           0         0.00763027          0               0
       -1.64661             0          0           0         0.00772399          0               0
       -1.64531             0          0           0         0.00781806          0               0
       -1.64401             0          0           0         0.00791251          0               0
       -1.64271             0          0           0         0.00800734          0               0
       -1.64141             0          0           0         0.00810258          0               0
       -1.64011             0          0           0         0.00819825          0               0
       -1.63881             0          0           0         0.00829436          0               0
        -1.6375             0          0           0         0.00839092          0               0
        -1.6362             0          0           0         0.00848797          0               0
        -1.6349             0          0           0          0.0085855          0               0
        -1.6336             0          0           0         0.00868355          0               0
        -1.6323             0          0           0         0.00878212          0               0
         -1.631             0          0           0         0.00888124          0               0
        -1.6297             0          0           0         0.00898091          0               0
        -1.6284             0          0           0         0.00908116          0               0
        -1.6271             0          0           0         0.00918199          0               0
        -1.6258             0          0           0         0.00928343          0               0
       -1.62449             0          0           0         0.00938549          0               0
       -1.62319             0          0           0         0.00948818          0               0
       -1.62189             0          0           0         0.00959152          0               0
       -1.62059             0          0           0         0.00969552          0               0
       -1.61929             0          0           0          0.0098002          0               0
       -1.61799             0          0           0         0.00990556          0               0
       -1.61669             0          0           0          0.0100116          0               0
       -1.61539             0          0           0          0.0101184          0               0
       -1.61409             0          0           0          0.0102259          0               0
       -1.61279             0          0           0          0.0103342          0               0
       -1.61148             0          0           0          0.0104432          0               0
       -1.61018             0          0           0           0.010553          0               0
       -1.60888             0          0           0          0.0106636          0               0
       -1.60758             0          0           0          0.0107749          0               0
       -1.60628             0          0           0          0.0108871          0               0
       -1.60498             0          0           0              0.011          0               0
       -1.60368             0          0           0          0.0111139          0               0
       -1.60238             0          0           0          0.0112285          0               0
       -1.60108             0          0           0           0.011344          0               0
       -1.59977             0          0           0          0.0114603          0               0
       -1.59847             0          0           0          0.0115776          0               0
       -1.59717             0          0           0          0.0116957          0               0
       -1.59587             0          0           0          0.0118147          0               0
       -1.59457             0          0           0          0.0119346          0               0
       -1.59327             0          0           0          0.0120554          0               0
       -1.59197             0          0           0          0.0121772          0               0
       -1.59067             0          0           0          0.0122998          0               0
       -1.58937             0          0           0          0.0124234          0               0
       -1.58807             0          0           0           0.012548          0               0
       -1.58676             0          0           0          0.0126735          0               0
       -1.58546             0          0           0             0.0128          0               0
       -1.58416             0          0           0          0.0129275          0               0
       -1.58286             0          0           0           0.013056          0               0
       -1.58156             0          0           0          0.0131854          0               0
       -1.58026             0          0           0          0.0133159          0               0
       -1.57896             0          0           0          0.0134474          0               0
       -1.57766             0          0           0          0.0135799          0               0
       -1.57636             0          0           0          0.0137134          0               0
       -1.57506             0          0           0           0.013848          0               0
       -1.57375             0          0           0          0.0139836          0               0
       -1.57245             0          0           0          0.0141202          0               0
       -1.57115             0          0           0          0.0142579          0               0
       -1.56985             0          0           0          0.0143967          0               0
       -1.56855             0          0           0          0.0145365          0               0
       -1.56725             0          0           0          0.0146774          0               0
       -1.56595             0          0           0          0.0148194          0               0
       -1.56465             0          0           0          0.0149625          0               0
       -1.56335             0          0           0          0.0151067          0               0
       -1.56204             0          0           0           0.015252          0               0
       -1.56074             0          0           0          0.0153984          0               0
       -1.55944             0          0           0          0.0155459          0               0
       -1.55814             0          0           0          0.0156946          0               0
       -1.55684             0          0           0          0.0158443          0               0
       -1.55554             0          0           0          0.0159952          0               0
       -1.55424             0          0           0          0.0161473          0               0
       -1.55294             0          0           0          0.0163004          0               0
       -1.55164             0          0           0          0.0164547          0               0
       -1.55034             0          0           0          0.0166102          0               0
       -1.54903             0          0           0          0.0167668          0               0
       -1.54773             0          0           0          0.0169246          0               0
       -1.54643             0          0           0          0.0170835          0               0
       -1.54513             0          0           0          0.0172437          0               0
       -1.54383             0          0           0          0.0174049          0               0
       -1.54253             0          0           0          0.0175674          0               0
       -1.54123             0          0           0          0.0177311          0               0
       -1.53993             0          0           0          0.0178959          0               0
       -1.53863             0          0           0          0.0180619          0               0
       -1.53733             0          0           0          0.0182291          0               0
       -1.53602             0          0           0          0.0183975          0               0
       -1.53472             0          0           0          0.0185671          0               0
       -1.53342             0          0           0          0.0187379          0               0
       -1.53212             0          0           0          0.0189099          0               0
       -1.53082             0          0           0          0.0190831          0               0
       -1.52952             0          0           0          0.0192575          0               0
       -1.52822             0          0           0          0.0194331          0               0
       -1.52692             0          0           0            0.01961          0               0
       -1.52562             0          0           0           0.019788          0               0
       -1.52432             0          0           0          0.0199673          0               0
       -1.52301             0          0           0          0.0201478          0               0
       -1.52171             0          0           0          0.0203296          0               0
       -1.52041             0          0           0          0.0205125          0               0
       -1.51911             0          0           0          0.0206968          0               0
       -1.51781             0          0           0          0.0208823          0               0
       -1.51651             0          0           0          0.0210692          0               0
       -1.51521             0          0           0          0.0212574          0               0
       -1.51391             0          0           0           0.021447          0               0
       -1.51261             0          0           0          0.0216381          0               0
        -1.5113             0          0           0          0.0218305          0               0
          -1.51             0          0           0          0.0220244          0               0
        -1.5087             0          0           0          0.0222198          0               0
        -1.5074             0          0           0          0.0224166          0               0
        -1.5061             0          0           0           0.022615          0               0
        -1.5048             0          0           0          0.0228149          0               0
        -1.5035             0          0           0          0.0230164          0               0
        -1.5022             0          0           0          0.0232195          0               0
        -1.5009             0          0           0          0.0234242          0               0
        -1.4996             0          0           0          0.0236306          0               0
       -1.49829             0          0           0          0.0238385          0               0
       -1.49699             0          0           0          0.0240482          0               0
       -1.49569             0          0           0          0.0242595          0               0
       -1.49439             0          0           0          0.0244726          0               0
       -1.49309             0          0           0          0.0246874          0               0
       -1.49179             0          0           0          0.0249039          0               0
       -1.49049             0          0           0          0.0251222          0               0
       -1.48919             0          0           0          0.0253423          0               0
       -1.48789             0          0           0          0.0255642          0               0
       -1.48659             0          0           0          0.0257879          0               0
       -1.48528             0          0           0          0.0260135          0               0
       -1.48398             0          0           0          0.0262409          0               0
       -1.48268             0          0           0          0.0264702          0               0
       -1.48138             0          0           0          0.0267013          0               0
       -1.48008             0          0           0          0.0269344          0               0
       -1.47878             0          0           0          0.0271694          0               0
       -1.47748             0          0           0          0.0274064          0               0
       -1.47618             0          0           0          0.0276453          0               0
       -1.47488             0          0           0          0.0278861          0               0
       -1.47357             0          0           0          0.0281289          0               0
       -1.47227             0          0           0          0.0283738          0               0
       -1.47097             0          0           0          0.0286206          0               0
       -1.46967             0          0           0          0.0288695          0               0
       -1.46837             0          0           0          0.0291204          0               0
       -1.46707             0          0           0          0.0293733          0               0
       -1.46577             0          0           0          0.0296283          0               0
       -1.46447             0          0           0          0.0298854          0               0
       -1.46317             0          0           0          0.0301446          0               0
       -1.46187             0          0           0          0.0304058          0               0
       -1.46056             0          0           0          0.0306692          0               0
       -1.45926             0          0           0          0.0309347          0               0
       -1.45796             0          0           0          0.0312023          0               0
       -1.45666             0          0           0           0.031472          0               0
       -1.45536             0          0           0          0.0317439          0               0
       -1.45406             0          0           0           0.032018          0               0
       -1.45276             0          0           0          0.0322942          0               0
       -1.45146             0          0           0          0.0325726          0               0
       -1.45016             0          0           0          0.0328533          0               0
       -1.44886             0          0           0          0.0331361          0               0
       -1.44755             0          0           0          0.0334211          0               0
       -1.44625             0          0           0          0.0337083          0               0
       -1.44495             0          0           0          0.0339977          0               0
       -1.44365             0          0           0          0.0342894          0               0
       -1.44235             0          0           0          0.0345834          0               0
       -1.44105             0          0           0          0.0348795          0               0
       -1.43975             0          0           0           0.035178          0               0
       -1.43845             0          0           0          0.0354786          0               0
       -1.43715             0          0           0          0.0357816          0               0
       -1.43585             0          0           0          0.0360868          0               0
       -1.43454             0          0           0          0.0363943          0               0
       -1.43324             0          0           0          0.0367041          0               0
       -1.43194             0          0           0          0.0370162          0               0
       -1.43064             0          0           0          0.0373306          0               0
       -1.42934             0          0           0          0.0376473          0               0
       -1.42804             0          0           0          0.0379663          0               0
       -1.42674             0          0           0          0.0382877          0               0
       -1.42544             0          0           0          0.0386113          0               0
       -1.42414             0          0           0          0.0389373          0               0
       -1.42283             0          0           0          0.0392655          0               0
       -1.42153             0          0           0          0.0395962          0               0
       -1.42023             0          0           0          0.0399291          0               0
       -1.41893             0          0           0          0.0402644          0               0
       -1.41763             0          0           0          0.0406021          0               0
       -1.41633             0          0           0          0.0409421          0               0
       -1.41503             0          0           0          0.0412844          0               0
       -1.41373             0          0           0          0.0416291          0               0
       -1.41243             0          0           0          0.0419761          0               0
       -1.41113             0          0           0          0.0423255          0               0
       -1.40982             0          0           0          0.0426773          0               0
       -1.40852             0          0           0          0.0430314          0               0
       -1.40722             0          0           0          0.0433879          0               0
       -1.40592             0          0           0          0.0437468          0               0
       -1.40462             0          0           0           0.044108          0               0
       -1.40332             0          0           0          0.0444716          0               0
       -1.40202             0          0           0          0.0448375          0               0
       -1.40072             0          0           0          0.0452058          0               0
       -1.39942             0          0           0          0.0455765          0               0
       -1.39812             0          0           0          0.0459496          0               0
       -1.39681             0          0           0           0.046325          0               0
       -1.39551             0          0           0          0.0467029          0               0
       -1.39421             0          0           0          0.0470832          0               0
       -1.39291             0          0           0           0.047466          0               0
       -1.39161             0          0           0          0.0478513          0               0
       -1.39031             0          0           0          0.0482393          0               0
       -1.38901             0          0           0          0.0486298          0               0
       -1.38771             0          0           0          0.0490231          0               0
       -1.38641             0          0           0           0.049419          0               0
        -1.3851             0          0           0          0.0498177          0               0
        -1.3838             0          0           0          0.0502192          0               0
        -1.3825             0          0           0          0.0506235          0               0
        -1.3812             0          0           0          0.0510306          0               0
        -1.3799             0          0           0          0.0514407          0               0
        -1.3786             0          0           0          0.0518537          0               0
        -1.3773             0          0           0          0.0522696          0               0
         -1.376             0          0           0          0.0526886          0               0
        -1.3747             0          0           0          0.0531106          0               0
        -1.3734             0          0           0          0.0535357          0               0
       -1.37209             0          0           0          0.0539639          0               0
       -1.37079             0          0           0          0.0543953          0               0
       -1.36949             0          0           0          0.0548298          0               0
       -1.36819             0          0           0          0.0552675          0               0
       -1.36689             0          0           0          0.0557085          0               0
       -1.36559             0          0           0          0.0561527          0               0
       -1.36429             0          0           0          0.0566002          0               0
       -1.36299             0          0           0          0.0570511          0               0
       -1.36169             0          0           0          0.0575053          0               0
       -1.36039             0          0           0          0.0579629          0               0
       -1.35908             0          0           0          0.0584238          0               0
       -1.35778             0          0           0          0.0588883          0               0
       -1.35648             0          0           0          0.0593562          0               0
       -1.35518             0          0           0          0.0598276          0               0
       -1.35388             0          0           0          0.0603025          0               0
       -1.35258             0          0           0          0.0607809          0               0
       -1.35128             0          0           0          0.0612629          0               0
       -1.34998             0          0           0          0.0617485          0               0
       -1.34868             0          0           0          0.0622377          0               0
       -1.34738             0          0           0          0.0627305          0               0
       -1.34607             0          0           0           0.063227          0               0
       -1.34477             0          0           0          0.0637271          0               0
       -1.34347             0          0           0           0.064231          0               0
       -1.34217             0          0           0          0.0647385          0               0
       -1.34087             0          0           0          0.0652498          0               0
       -1.33957             0          0           0          0.0657649          0               0
       -1.33827             0          0           0          0.0662837          0               0
       -1.33697             0          0           0          0.0668063          0               0
       -1.33567             0          0           0          0.0673328          0               0
       -1.33436             0          0           0           0.067863          0               0
       -1.33306             0          0           0          0.0683971          0               0
       -1.33176             0          0           0          0.0689351          0               0
       -1.33046             0          0           0           0.069477          0               0
       -1.32916             0          0           0          0.0700227          0               0
       -1.32786             0          0           0          0.0705724          0               0
       -1.32656             0          0           0           0.071126          0               0
       -1.32526             0          0           0          0.0716835          0               0
       -1.32396             0          0           0          0.0722449          0               0
       -1.32266             0          0           0          0.0728104          0               0
       -1.32135             0          0           0          0.0733798          0               0
       -1.32005             0          0           0          0.0739532          0               0
       -1.31875             0          0           0          0.0745306          0               0
       -1.31745             0          0           0           0.075112          0               0
       -1.31615             0          0           0          0.0756975          0               0
       -1.31485             0          0           0           0.076287          0               0
       -1.31355             0          0           0          0.0768805          0               0
       -1.31225             0          0           0          0.0774781          0               0
       -1.31095             0          0           0          0.0780798          0               0
       -1.30965             0          0           0          0.0786855          0               0
       -1.30834             0          0           0          0.0792953          0               0
       -1.30704             0          0           0          0.0799092          0               0
       -1.30574             0          0           0          0.0805272          0               0
       -1.30444             0          0           0          0.0811494          0               0
       -1.30314             0          0           0          0.0817756          0               0
       -1.30184             0          0           0           0.082406          0               0
       -1.30054             0          0           0          0.0830405          0               0
       -1.29924             0          0           0          0.0836791          0               0
       -1.29794             0          0           0          0.0843219          0               0
       -1.29663             0          0           0           0.084969          0               0
       -1.29533             0          0           0          0.0856202          0               0
       -1.29403             0          0           0          0.0862758          0               0
       -1.29273             0          0           0          0.0869356          0               0
       -1.29143             0          0           0          0.0875998          0               0
       -1.29013             0          0           0          0.0882683          0               0
       -1.28883             0          0           0          0.0889413          0               0
       -1.28753             0          0           0          0.0896186          0               0
       -1.28623             0          0           0          0.0903004          0               0
       -1.28493             0          0           0          0.0909867          0               0
       -1.28362             0          0           0          0.0916775          0               0
       -1.28232             0          0           0          0.0923728          0               0
       -1.28102             0          0           0          0.0930726          0               0
       -1.27972             0          0           0           0.093777          0               0
       -1.27842             0          0           0           0.094486          0               0
       -1.27712             0          0           0          0.0951996          0               0
       -1.27582             0          0           0          0.0959178          0               0
       -1.27452             0          0           0          0.0966407          0               0
       -1.27322             0          0           0          0.0973683          0               0
       -1.27192             0          0           0          0.0981006          0               0
       -1.27061             0          0           0          0.0988376          0               0
       -1.26931             0          0           0          0.0995794          0               0
       -1.26801             0          0           0           0.100326          0               0
       -1.26671             0          0           0           0.101077          0               0
       -1.26541             0          0           0           0.101833          0               0
       -1.26411             0          0           0           0.102594          0               0
       -1.26281             0          0           0            0.10336          0               0
       -1.26151             0          0           0            0.10413          0               0
       -1.26021             0          0           0           0.104906          0               0
        -1.2589             0          0           0           0.105686          0               0
        -1.2576             0          0           0           0.106471          0               0
        -1.2563             0          0           0           0.107261          0               0
         -1.255             0          0           0           0.108056          0               0
        -1.2537             0          0           0           0.108856          0               0
        -1.2524             0          0           0           0.109661          0               0
        -1.2511             0          0           0           0.110471          0               0
        -1.2498             0          0           0           0.111285          0               0
        -1.2485             0          0           0           0.112105          0               0
        -1.2472             0          0           0            0.11293          0               0
       -1.24589             0          0           0           0.113759          0               0
       -1.24459             0          0           0           0.114594          0               0
       -1.24329             0          0           0           0.115434          0               0
       -1.24199             0          0           0           0.116278          0               0
       -1.24069             0          0           0           0.117128          0               0
       -1.23939             0          0           0           0.117983          0               0
       -1.23809             0          0           0           0.118842          0               0
       -1.23679             0          0           0           0.119707          0               0
       -1.23549             0          0           0           0.120577          0               0
       -1.23419             0          0           0           0.121452          0               0
       -1.23288             0          0           0           0.122332          0               0
       -1.23158             0          0           0           0.123217          0               0
       -1.23028             0          0           0           0.124107          0               0
       -1.22898             0          0           0           0.125002          0               0
       -1.22768             0          0           0           0.125903          0               0
       -1.22638             0          0           0           0.126808          0               0
       -1.22508             0          0           0           0.127718          0               0
       -1.22378             0          0           0           0.128634          0               0
       -1.22248             0          0           0           0.129554          0               0
       -1.22118             0          0           0            0.13048          0               0
       -1.21987             0          0           0           0.131411          0               0
       -1.21857             0          0           0           0.132347          0               0
       -1.21727             0          0           0           0.133288          0               0
       -1.21597             0          0           0           0.134234          0               0
       -1.21467             0          0           0           0.135186          0               0
       -1.21337             0          0           0           0.136144          0               0
       -1.21207             0          0           0           0.137107          0               0
       -1.21077             0          0           0           0.138076          0               0
       -1.20947             0          0           0            0.13905          0               0
       -1.20816             0          0           0            0.14003          0               0
       -1.20686             0          0           0           0.141016          0               0
       -1.20556             0          0           0           0.142008          0               0
       -1.20426             0          0           0           0.143005          0               0
       -1.20296             0          0           0           0.144009          0               0
       -1.20166             0          0           0           0.145018          0               0
       -1.20036             0          0           0           0.146034          0               0
       -1.19906             0          0           0           0.147056          0               0
       -1.19776             0          0           0           0.148084          0               0
       -1.19646             0          0           0           0.149119          0               0
       -1.19515             0          0           0           0.150159          0               0
       -1.19385             0          0           0           0.151206          0               0
       -1.19255             0          0           0            0.15226          0               0
       -1.19125             0          0           0            0.15332          0               0
       -1.18995             0          0           0           0.154386          0               0
       -1.18865             0          0           0           0.155459          0               0
       -1.18735             0          0           0           0.156539          0               0
       -1.18605             0          0           0           0.157625          0               0
       -1.18475             0          0           0           0.158718          0               0
       -1.18345             0          0           0           0.159818          0               0
       -1.18214             0          0           0           0.160924          0               0
       -1.18084             0          0           0           0.162038          0               0
       -1.17954             0          0           0           0.163158          0               0
       -1.17824             0          0           0           0.164285          0               0
       -1.17694             0          0           0           0.165419          0               0
       -1.17564             0          0           0            0.16656          0               0
       -1.17434             0          0           0           0.167708          0               0
       -1.17304             0          0           0           0.168863          0               0
       -1.17174             0          0           0           0.170025          0               0
       -1.17043             0          0           0           0.171194          0               0
       -1.16913             0          0           0           0.172371          0               0
       -1.16783             0          0           0           0.173554          0               0
       -1.16653             0          0           0           0.174745          0               0
       -1.16523             0          0           0           0.175943          0               0
       -1.16393             0          0           0           0.177149          0               0
       -1.16263             0          0           0           0.178361          0               0
       -1.16133             0          0           0           0.179581          0               0
       -1.16003             0          0           0           0.180808          0               0
       -1.15873             0          0           0           0.182043          0               0
       -1.15742             0          0           0           0.183285          0               0
       -1.15612             0          0           0           0.184534          0               0
       -1.15482             0          0           0           0.185791          0               0
       -1.15352             0          0           0           0.187056          0               0
       -1.15222             0          0           0           0.188327          0               0
       -1.15092             0          0           0           0.189606          0               0
       -1.14962             0          0           0           0.190893          0               0
       -1.14832             0          0           0           0.192187          0               0
       -1.14702             0          0           0           0.193488          0               0
       -1.14572             0          0           0           0.194796          0               0
       -1.14441             0          0           0           0.196112          0               0
       -1.14311             0          0           0           0.197435          0               0
       -1.14181             0          0           0           0.198764          0               0
       -1.14051             0          0           0           0.200101          0               0
       -1.13921             0          0           0           0.201445          0               0
       -1.13791             0          0           0           0.202796          0               0
       -1.13661             0          0           0           0.204154          0               0
       -1.13531             0          0           0           0.205519          0               0
       -1.13401             0          0           0           0.206891          0               0
       -1.13271             0          0           0            0.20827          0               0
        -1.1314             0          0           0           0.209656          0               0
        -1.1301             0          0           0           0.211048          0               0
        -1.1288             0          0           0           0.212447          0               0
        -1.1275             0          0           0           0.213853          0               0
        -1.1262             0          0           0           0.215265          0               0
        -1.1249             0          0           0           0.216685          0               0
        -1.1236             0          0           0            0.21811          0               0
        -1.1223             0          0           0           0.219543          0               0
         -1.121             0          0           0           0.220982          0               0
       -1.11969             0          0           0           0.222427          0               0
       -1.11839             0          0           0           0.223879          0               0
       -1.11709             0          0           0           0.225337          0               0
       -1.11579             0          0           0           0.226801          0               0
       -1.11449             0          0           0           0.228272          0               0
       -1.11319             0          0           0            0.22975          0               0
       -1.11189             0          0           0           0.231233          0               0
       -1.11059             0          0           0           0.232723          0               0
       -1.10929             0          0           0           0.234219          0               0
       -1.10799             0          0           0           0.235721          0               0
       -1.10668             0          0           0           0.237229          0               0
       -1.10538             0          0           0           0.238743          0               0
       -1.10408             0          0           0           0.240263          0               0
       -1.10278             0          0           0           0.241789          0               0
       -1.10148             0          0           0           0.243321          0               0
       -1.10018             0          0           0           0.244859          0               0
       -1.09888             0          0           0           0.246403          0               0
       -1.09758             0          0           0           0.247953          0               0
       -1.09628             0          0           0           0.249508          0               0
       -1.09498             0          0           0            0.25107          0               0
       -1.09367             0          0           0           0.252637          0               0
       -1.09237             0          0           0           0.254211          0               0
       -1.09107             0          0           0            0.25579          0               0
       -1.08977             0          0           0           0.257376          0               0
       -1.08847             0          0           0           0.258969          0               0
       -1.08717             0          0           0           0.260568          0               0
       -1.08587             0          0           0           0.262174          0               0
       -1.08457             0          0           0           0.263786          0               0
       -1.08327             0          0           0           0.265406          0               0
       -1.08196             0          0           0           0.267033          0               0
       -1.08066             0          0           0           0.268667          0               0
       -1.07936             0          0           0           0.270308          0               0
       -1.07806             0          0           0           0.271957          0               0
       -1.07676             0          0           0           0.273613          0               0
       -1.07546             0          0           0           0.275277          0               0
       -1.07416             0          0           0           0.276948          0               0
       -1.07286             0          0           0           0.278628          0               0
       -1.07156             0          0           0           0.280315          0               0
       -1.07026             0          0           0           0.282011          0               0
       -1.06895             0          0           0           0.283714          0               0
       -1.06765             0          0           0           0.285426          0               0
       -1.06635             0          0           0           0.287146          0               0
       -1.06505             0          0           0           0.288875          0               0
       -1.06375             0          0           0           0.290612          0               0
       -1.06245             0          0           0           0.292358          0               0
       -1.06115             0          0           0           0.294112          0               0
       -1.05985             0          0           0           0.295876          0               0
       -1.05855             0          0           0           0.297648          0               0
       -1.05725             0          0           0           0.299429          0               0
       -1.05594             0          0           0           0.301219          0               0
       -1.05464             0          0           0           0.303018          0               0
       -1.05334             0          0           0           0.304826          0               0
       -1.05204             0          0           0           0.306644          0               0
       -1.05074             0          0           0           0.308471          0               0
       -1.04944             0          0           0           0.310307          0               0
       -1.04814             0          0           0           0.312153          0               0
       -1.04684             0          0           0           0.314009          0               0
       -1.04554             0          0           0           0.315874          0               0
       -1.04424             0          0           0           0.317748          0               0
       -1.04293             0          0           0           0.319632          0               0
       -1.04163             0          0           0           0.321526          0               0
       -1.04033             0          0           0           0.323428          0               0
       -1.03903             0          0           0           0.325339          0               0
       -1.03773             0          0           0            0.32726          0               0
       -1.03643             0          0           0           0.329188          0               0
       -1.03513             0          0           0           0.331125          0               0
       -1.03383             0          0           0            0.33307          0               0
       -1.03253             0          0           0           0.335024          0               0
       -1.03122             0          0           0           0.336985          0               0
       -1.02992             0          0           0           0.338954          0               0
       -1.02862             0          0           0            0.34093          0               0
       -1.02732             0          0           0           0.342914          0               0
       -1.02602             0          0           0           0.344905          0               0
       -1.02472             0          0           0           0.346903          0               0
       -1.02342             0          0           0           0.348908          0               0
       -1.02212             0          0           0            0.35092          0               0
       -1.02082             0          0           0           0.352938          0               0
       -1.01952             0          0           0           0.354963          0               0
       -1.01821             0          0           0           0.356994          0               0
       -1.01691             0          0           0           0.359031          0               0
       -1.01561             0          0           0           0.361074          0               0
       -1.01431             0          0           0           0.363123          0               0
       -1.01301             0          0           0           0.365177          0               0
       -1.01171             0          0           0           0.367237          0               0
       -1.01041             0          0           0           0.369302          0               0
       -1.00911             0          0           0           0.371373          0               0
       -1.00781             0          0           0           0.373448          0               0
       -1.00651             0          0           0           0.375529          0               0
        -1.0052             0          0           0           0.377614          0               0
        -1.0039             0          0           0           0.379704          0               0
        -1.0026             0          0           0           0.381798          0               0
        -1.0013             0          0           0           0.383897          0               0
             -1             0          0           0              0.386          0               0
