# Electron antineutrino-oxygen charged-current cross section 5MeV-100MeV (10^-38 cm^2/GeV)
# Based on arXiv:1807.02367 (calculations) and arXiv:1809.08398 (fit).
# log(energy in GeV)   nu_e       nu_mu      nu_tau       nu_e_bar    nu_mu_bar  nu_tau_bar

     -2.301030           0          0          0        0.00000e+00       0          0     
     -2.299729           0          0          0        0.00000e+00       0          0     
     -2.298428           0          0          0        0.00000e+00       0          0     
     -2.297127           0          0          0        0.00000e+00       0          0     
     -2.295826           0          0          0        0.00000e+00       0          0     
     -2.294525           0          0          0        0.00000e+00       0          0     
     -2.293224           0          0          0        0.00000e+00       0          0     
     -2.291923           0          0          0        0.00000e+00       0          0     
     -2.290622           0          0          0        0.00000e+00       0          0     
     -2.289321           0          0          0        0.00000e+00       0          0     
     -2.288020           0          0          0        0.00000e+00       0          0     
     -2.286719           0          0          0        0.00000e+00       0          0     
     -2.285418           0          0          0        0.00000e+00       0          0     
     -2.284117           0          0          0        0.00000e+00       0          0     
     -2.282816           0          0          0        0.00000e+00       0          0     
     -2.281515           0          0          0        0.00000e+00       0          0     
     -2.280214           0          0          0        0.00000e+00       0          0     
     -2.278912           0          0          0        0.00000e+00       0          0     
     -2.277611           0          0          0        0.00000e+00       0          0     
     -2.276310           0          0          0        0.00000e+00       0          0     
     -2.275009           0          0          0        0.00000e+00       0          0     
     -2.273708           0          0          0        0.00000e+00       0          0     
     -2.272407           0          0          0        0.00000e+00       0          0     
     -2.271106           0          0          0        0.00000e+00       0          0     
     -2.269805           0          0          0        0.00000e+00       0          0     
     -2.268504           0          0          0        0.00000e+00       0          0     
     -2.267203           0          0          0        0.00000e+00       0          0     
     -2.265902           0          0          0        0.00000e+00       0          0     
     -2.264601           0          0          0        0.00000e+00       0          0     
     -2.263300           0          0          0        0.00000e+00       0          0     
     -2.261999           0          0          0        0.00000e+00       0          0     
     -2.260698           0          0          0        0.00000e+00       0          0     
     -2.259397           0          0          0        0.00000e+00       0          0     
     -2.258096           0          0          0        0.00000e+00       0          0     
     -2.256795           0          0          0        0.00000e+00       0          0     
     -2.255494           0          0          0        0.00000e+00       0          0     
     -2.254193           0          0          0        0.00000e+00       0          0     
     -2.252892           0          0          0        0.00000e+00       0          0     
     -2.251591           0          0          0        0.00000e+00       0          0     
     -2.250290           0          0          0        0.00000e+00       0          0     
     -2.248989           0          0          0        0.00000e+00       0          0     
     -2.247688           0          0          0        0.00000e+00       0          0     
     -2.246387           0          0          0        0.00000e+00       0          0     
     -2.245086           0          0          0        0.00000e+00       0          0     
     -2.243785           0          0          0        0.00000e+00       0          0     
     -2.242484           0          0          0        0.00000e+00       0          0     
     -2.241183           0          0          0        0.00000e+00       0          0     
     -2.239882           0          0          0        0.00000e+00       0          0     
     -2.238581           0          0          0        0.00000e+00       0          0     
     -2.237280           0          0          0        0.00000e+00       0          0     
     -2.235978           0          0          0        0.00000e+00       0          0     
     -2.234677           0          0          0        0.00000e+00       0          0     
     -2.233376           0          0          0        0.00000e+00       0          0     
     -2.232075           0          0          0        0.00000e+00       0          0     
     -2.230774           0          0          0        0.00000e+00       0          0     
     -2.229473           0          0          0        0.00000e+00       0          0     
     -2.228172           0          0          0        0.00000e+00       0          0     
     -2.226871           0          0          0        0.00000e+00       0          0     
     -2.225570           0          0          0        0.00000e+00       0          0     
     -2.224269           0          0          0        0.00000e+00       0          0     
     -2.222968           0          0          0        0.00000e+00       0          0     
     -2.221667           0          0          0        0.00000e+00       0          0     
     -2.220366           0          0          0        0.00000e+00       0          0     
     -2.219065           0          0          0        0.00000e+00       0          0     
     -2.217764           0          0          0        0.00000e+00       0          0     
     -2.216463           0          0          0        0.00000e+00       0          0     
     -2.215162           0          0          0        0.00000e+00       0          0     
     -2.213861           0          0          0        0.00000e+00       0          0     
     -2.212560           0          0          0        0.00000e+00       0          0     
     -2.211259           0          0          0        0.00000e+00       0          0     
     -2.209958           0          0          0        0.00000e+00       0          0     
     -2.208657           0          0          0        0.00000e+00       0          0     
     -2.207356           0          0          0        0.00000e+00       0          0     
     -2.206055           0          0          0        0.00000e+00       0          0     
     -2.204754           0          0          0        0.00000e+00       0          0     
     -2.203453           0          0          0        0.00000e+00       0          0     
     -2.202152           0          0          0        0.00000e+00       0          0     
     -2.200851           0          0          0        0.00000e+00       0          0     
     -2.199550           0          0          0        0.00000e+00       0          0     
     -2.198249           0          0          0        0.00000e+00       0          0     
     -2.196948           0          0          0        0.00000e+00       0          0     
     -2.195647           0          0          0        0.00000e+00       0          0     
     -2.194346           0          0          0        0.00000e+00       0          0     
     -2.193045           0          0          0        0.00000e+00       0          0     
     -2.191743           0          0          0        0.00000e+00       0          0     
     -2.190442           0          0          0        0.00000e+00       0          0     
     -2.189141           0          0          0        0.00000e+00       0          0     
     -2.187840           0          0          0        0.00000e+00       0          0     
     -2.186539           0          0          0        0.00000e+00       0          0     
     -2.185238           0          0          0        0.00000e+00       0          0     
     -2.183937           0          0          0        0.00000e+00       0          0     
     -2.182636           0          0          0        0.00000e+00       0          0     
     -2.181335           0          0          0        0.00000e+00       0          0     
     -2.180034           0          0          0        0.00000e+00       0          0     
     -2.178733           0          0          0        0.00000e+00       0          0     
     -2.177432           0          0          0        0.00000e+00       0          0     
     -2.176131           0          0          0        0.00000e+00       0          0     
     -2.174830           0          0          0        0.00000e+00       0          0     
     -2.173529           0          0          0        0.00000e+00       0          0     
     -2.172228           0          0          0        0.00000e+00       0          0     
     -2.170927           0          0          0        0.00000e+00       0          0     
     -2.169626           0          0          0        0.00000e+00       0          0     
     -2.168325           0          0          0        0.00000e+00       0          0     
     -2.167024           0          0          0        0.00000e+00       0          0     
     -2.165723           0          0          0        0.00000e+00       0          0     
     -2.164422           0          0          0        0.00000e+00       0          0     
     -2.163121           0          0          0        0.00000e+00       0          0     
     -2.161820           0          0          0        0.00000e+00       0          0     
     -2.160519           0          0          0        0.00000e+00       0          0     
     -2.159218           0          0          0        0.00000e+00       0          0     
     -2.157917           0          0          0        0.00000e+00       0          0     
     -2.156616           0          0          0        0.00000e+00       0          0     
     -2.155315           0          0          0        0.00000e+00       0          0     
     -2.154014           0          0          0        0.00000e+00       0          0     
     -2.152713           0          0          0        0.00000e+00       0          0     
     -2.151412           0          0          0        0.00000e+00       0          0     
     -2.150111           0          0          0        0.00000e+00       0          0     
     -2.148809           0          0          0        0.00000e+00       0          0     
     -2.147508           0          0          0        0.00000e+00       0          0     
     -2.146207           0          0          0        0.00000e+00       0          0     
     -2.144906           0          0          0        0.00000e+00       0          0     
     -2.143605           0          0          0        0.00000e+00       0          0     
     -2.142304           0          0          0        0.00000e+00       0          0     
     -2.141003           0          0          0        0.00000e+00       0          0     
     -2.139702           0          0          0        0.00000e+00       0          0     
     -2.138401           0          0          0        0.00000e+00       0          0     
     -2.137100           0          0          0        0.00000e+00       0          0     
     -2.135799           0          0          0        0.00000e+00       0          0     
     -2.134498           0          0          0        0.00000e+00       0          0     
     -2.133197           0          0          0        0.00000e+00       0          0     
     -2.131896           0          0          0        0.00000e+00       0          0     
     -2.130595           0          0          0        0.00000e+00       0          0     
     -2.129294           0          0          0        0.00000e+00       0          0     
     -2.127993           0          0          0        0.00000e+00       0          0     
     -2.126692           0          0          0        0.00000e+00       0          0     
     -2.125391           0          0          0        0.00000e+00       0          0     
     -2.124090           0          0          0        0.00000e+00       0          0     
     -2.122789           0          0          0        0.00000e+00       0          0     
     -2.121488           0          0          0        0.00000e+00       0          0     
     -2.120187           0          0          0        0.00000e+00       0          0     
     -2.118886           0          0          0        0.00000e+00       0          0     
     -2.117585           0          0          0        0.00000e+00       0          0     
     -2.116284           0          0          0        0.00000e+00       0          0     
     -2.114983           0          0          0        0.00000e+00       0          0     
     -2.113682           0          0          0        0.00000e+00       0          0     
     -2.112381           0          0          0        0.00000e+00       0          0     
     -2.111080           0          0          0        0.00000e+00       0          0     
     -2.109779           0          0          0        0.00000e+00       0          0     
     -2.108478           0          0          0        0.00000e+00       0          0     
     -2.107177           0          0          0        0.00000e+00       0          0     
     -2.105875           0          0          0        0.00000e+00       0          0     
     -2.104574           0          0          0        0.00000e+00       0          0     
     -2.103273           0          0          0        0.00000e+00       0          0     
     -2.101972           0          0          0        0.00000e+00       0          0     
     -2.100671           0          0          0        0.00000e+00       0          0     
     -2.099370           0          0          0        0.00000e+00       0          0     
     -2.098069           0          0          0        0.00000e+00       0          0     
     -2.096768           0          0          0        0.00000e+00       0          0     
     -2.095467           0          0          0        0.00000e+00       0          0     
     -2.094166           0          0          0        0.00000e+00       0          0     
     -2.092865           0          0          0        0.00000e+00       0          0     
     -2.091564           0          0          0        0.00000e+00       0          0     
     -2.090263           0          0          0        0.00000e+00       0          0     
     -2.088962           0          0          0        0.00000e+00       0          0     
     -2.087661           0          0          0        0.00000e+00       0          0     
     -2.086360           0          0          0        0.00000e+00       0          0     
     -2.085059           0          0          0        0.00000e+00       0          0     
     -2.083758           0          0          0        0.00000e+00       0          0     
     -2.082457           0          0          0        0.00000e+00       0          0     
     -2.081156           0          0          0        0.00000e+00       0          0     
     -2.079855           0          0          0        0.00000e+00       0          0     
     -2.078554           0          0          0        0.00000e+00       0          0     
     -2.077253           0          0          0        0.00000e+00       0          0     
     -2.075952           0          0          0        0.00000e+00       0          0     
     -2.074651           0          0          0        0.00000e+00       0          0     
     -2.073350           0          0          0        0.00000e+00       0          0     
     -2.072049           0          0          0        0.00000e+00       0          0     
     -2.070748           0          0          0        0.00000e+00       0          0     
     -2.069447           0          0          0        0.00000e+00       0          0     
     -2.068146           0          0          0        0.00000e+00       0          0     
     -2.066845           0          0          0        0.00000e+00       0          0     
     -2.065544           0          0          0        0.00000e+00       0          0     
     -2.064243           0          0          0        0.00000e+00       0          0     
     -2.062942           0          0          0        0.00000e+00       0          0     
     -2.061640           0          0          0        0.00000e+00       0          0     
     -2.060339           0          0          0        0.00000e+00       0          0     
     -2.059038           0          0          0        0.00000e+00       0          0     
     -2.057737           0          0          0        0.00000e+00       0          0     
     -2.056436           0          0          0        0.00000e+00       0          0     
     -2.055135           0          0          0        0.00000e+00       0          0     
     -2.053834           0          0          0        0.00000e+00       0          0     
     -2.052533           0          0          0        0.00000e+00       0          0     
     -2.051232           0          0          0        0.00000e+00       0          0     
     -2.049931           0          0          0        0.00000e+00       0          0     
     -2.048630           0          0          0        0.00000e+00       0          0     
     -2.047329           0          0          0        0.00000e+00       0          0     
     -2.046028           0          0          0        0.00000e+00       0          0     
     -2.044727           0          0          0        0.00000e+00       0          0     
     -2.043426           0          0          0        0.00000e+00       0          0     
     -2.042125           0          0          0        0.00000e+00       0          0     
     -2.040824           0          0          0        0.00000e+00       0          0     
     -2.039523           0          0          0        0.00000e+00       0          0     
     -2.038222           0          0          0        0.00000e+00       0          0     
     -2.036921           0          0          0        0.00000e+00       0          0     
     -2.035620           0          0          0        0.00000e+00       0          0     
     -2.034319           0          0          0        0.00000e+00       0          0     
     -2.033018           0          0          0        0.00000e+00       0          0     
     -2.031717           0          0          0        0.00000e+00       0          0     
     -2.030416           0          0          0        0.00000e+00       0          0     
     -2.029115           0          0          0        0.00000e+00       0          0     
     -2.027814           0          0          0        0.00000e+00       0          0     
     -2.026513           0          0          0        0.00000e+00       0          0     
     -2.025212           0          0          0        0.00000e+00       0          0     
     -2.023911           0          0          0        0.00000e+00       0          0     
     -2.022610           0          0          0        0.00000e+00       0          0     
     -2.021309           0          0          0        0.00000e+00       0          0     
     -2.020008           0          0          0        0.00000e+00       0          0     
     -2.018706           0          0          0        0.00000e+00       0          0     
     -2.017405           0          0          0        0.00000e+00       0          0     
     -2.016104           0          0          0        0.00000e+00       0          0     
     -2.014803           0          0          0        0.00000e+00       0          0     
     -2.013502           0          0          0        0.00000e+00       0          0     
     -2.012201           0          0          0        0.00000e+00       0          0     
     -2.010900           0          0          0        0.00000e+00       0          0     
     -2.009599           0          0          0        0.00000e+00       0          0     
     -2.008298           0          0          0        0.00000e+00       0          0     
     -2.006997           0          0          0        0.00000e+00       0          0     
     -2.005696           0          0          0        0.00000e+00       0          0     
     -2.004395           0          0          0        0.00000e+00       0          0     
     -2.003094           0          0          0        0.00000e+00       0          0     
     -2.001793           0          0          0        0.00000e+00       0          0     
     -2.000492           0          0          0        0.00000e+00       0          0     
     -1.999191           0          0          0        0.00000e+00       0          0     
     -1.997890           0          0          0        0.00000e+00       0          0     
     -1.996589           0          0          0        0.00000e+00       0          0     
     -1.995288           0          0          0        0.00000e+00       0          0     
     -1.993987           0          0          0        0.00000e+00       0          0     
     -1.992686           0          0          0        0.00000e+00       0          0     
     -1.991385           0          0          0        0.00000e+00       0          0     
     -1.990084           0          0          0        0.00000e+00       0          0     
     -1.988783           0          0          0        0.00000e+00       0          0     
     -1.987482           0          0          0        0.00000e+00       0          0     
     -1.986181           0          0          0        0.00000e+00       0          0     
     -1.984880           0          0          0        0.00000e+00       0          0     
     -1.983579           0          0          0        0.00000e+00       0          0     
     -1.982278           0          0          0        0.00000e+00       0          0     
     -1.980977           0          0          0        0.00000e+00       0          0     
     -1.979676           0          0          0        0.00000e+00       0          0     
     -1.978375           0          0          0        0.00000e+00       0          0     
     -1.977074           0          0          0        0.00000e+00       0          0     
     -1.975772           0          0          0        0.00000e+00       0          0     
     -1.974471           0          0          0        0.00000e+00       0          0     
     -1.973170           0          0          0        0.00000e+00       0          0     
     -1.971869           0          0          0        0.00000e+00       0          0     
     -1.970568           0          0          0        0.00000e+00       0          0     
     -1.969267           0          0          0        0.00000e+00       0          0     
     -1.967966           0          0          0        0.00000e+00       0          0     
     -1.966665           0          0          0        0.00000e+00       0          0     
     -1.965364           0          0          0        0.00000e+00       0          0     
     -1.964063           0          0          0        0.00000e+00       0          0     
     -1.962762           0          0          0        0.00000e+00       0          0     
     -1.961461           0          0          0        0.00000e+00       0          0     
     -1.960160           0          0          0        0.00000e+00       0          0     
     -1.958859           0          0          0        0.00000e+00       0          0     
     -1.957558           0          0          0        0.00000e+00       0          0     
     -1.956257           0          0          0        0.00000e+00       0          0     
     -1.954956           0          0          0        0.00000e+00       0          0     
     -1.953655           0          0          0        0.00000e+00       0          0     
     -1.952354           0          0          0        0.00000e+00       0          0     
     -1.951053           0          0          0        0.00000e+00       0          0     
     -1.949752           0          0          0        0.00000e+00       0          0     
     -1.948451           0          0          0        0.00000e+00       0          0     
     -1.947150           0          0          0        0.00000e+00       0          0     
     -1.945849           0          0          0        0.00000e+00       0          0     
     -1.944548           0          0          0        0.00000e+00       0          0     
     -1.943247           0          0          0        0.00000e+00       0          0     
     -1.941946           0          0          0        0.00000e+00       0          0     
     -1.940645           0          0          0        0.00000e+00       0          0     
     -1.939344           0          0          0        0.00000e+00       0          0     
     -1.938043           0          0          0        0.00000e+00       0          0     
     -1.936742           0          0          0        0.00000e+00       0          0     
     -1.935441           0          0          0        0.00000e+00       0          0     
     -1.934140           0          0          0        0.00000e+00       0          0     
     -1.932839           0          0          0        0.00000e+00       0          0     
     -1.931537           0          0          0        0.00000e+00       0          0     
     -1.930236           0          0          0        0.00000e+00       0          0     
     -1.928935           0          0          0        0.00000e+00       0          0     
     -1.927634           0          0          0        0.00000e+00       0          0     
     -1.926333           0          0          0        0.00000e+00       0          0     
     -1.925032           0          0          0        0.00000e+00       0          0     
     -1.923731           0          0          0        0.00000e+00       0          0     
     -1.922430           0          0          0        0.00000e+00       0          0     
     -1.921129           0          0          0        0.00000e+00       0          0     
     -1.919828           0          0          0        0.00000e+00       0          0     
     -1.918527           0          0          0        3.18166e-06       0          0     
     -1.917226           0          0          0        3.43396e-06       0          0     
     -1.915925           0          0          0        3.69941e-06       0          0     
     -1.914624           0          0          0        3.97839e-06       0          0     
     -1.913323           0          0          0        4.27127e-06       0          0     
     -1.912022           0          0          0        4.57843e-06       0          0     
     -1.910721           0          0          0        4.90028e-06       0          0     
     -1.909420           0          0          0        5.23720e-06       0          0     
     -1.908119           0          0          0        5.58959e-06       0          0     
     -1.906818           0          0          0        5.95786e-06       0          0     
     -1.905517           0          0          0        6.34242e-06       0          0     
     -1.904216           0          0          0        6.74367e-06       0          0     
     -1.902915           0          0          0        7.16204e-06       0          0     
     -1.901614           0          0          0        7.59794e-06       0          0     
     -1.900313           0          0          0        8.05181e-06       0          0     
     -1.899012           0          0          0        8.52407e-06       0          0     
     -1.897711           0          0          0        9.01516e-06       0          0     
     -1.896410           0          0          0        9.52553e-06       0          0     
     -1.895109           0          0          0        1.00556e-05       0          0     
     -1.893808           0          0          0        1.06058e-05       0          0     
     -1.892507           0          0          0        1.11767e-05       0          0     
     -1.891206           0          0          0        1.17687e-05       0          0     
     -1.889905           0          0          0        1.23821e-05       0          0     
     -1.888603           0          0          0        1.30176e-05       0          0     
     -1.887302           0          0          0        1.36756e-05       0          0     
     -1.886001           0          0          0        1.43565e-05       0          0     
     -1.884700           0          0          0        1.50609e-05       0          0     
     -1.883399           0          0          0        1.57892e-05       0          0     
     -1.882098           0          0          0        1.65419e-05       0          0     
     -1.880797           0          0          0        1.73195e-05       0          0     
     -1.879496           0          0          0        1.81225e-05       0          0     
     -1.878195           0          0          0        1.89515e-05       0          0     
     -1.876894           0          0          0        1.98068e-05       0          0     
     -1.875593           0          0          0        2.06892e-05       0          0     
     -1.874292           0          0          0        2.15989e-05       0          0     
     -1.872991           0          0          0        2.25367e-05       0          0     
     -1.871690           0          0          0        2.35029e-05       0          0     
     -1.870389           0          0          0        2.44982e-05       0          0     
     -1.869088           0          0          0        2.55231e-05       0          0     
     -1.867787           0          0          0        2.65781e-05       0          0     
     -1.866486           0          0          0        2.76637e-05       0          0     
     -1.865185           0          0          0        2.87806e-05       0          0     
     -1.863884           0          0          0        2.99293e-05       0          0     
     -1.862583           0          0          0        3.11103e-05       0          0     
     -1.861282           0          0          0        3.23242e-05       0          0     
     -1.859981           0          0          0        3.35715e-05       0          0     
     -1.858680           0          0          0        3.48529e-05       0          0     
     -1.857379           0          0          0        3.61690e-05       0          0     
     -1.856078           0          0          0        3.75202e-05       0          0     
     -1.854777           0          0          0        3.89072e-05       0          0     
     -1.853476           0          0          0        4.03307e-05       0          0     
     -1.852175           0          0          0        4.17911e-05       0          0     
     -1.850874           0          0          0        4.32891e-05       0          0     
     -1.849573           0          0          0        4.48254e-05       0          0     
     -1.848272           0          0          0        4.64004e-05       0          0     
     -1.846971           0          0          0        4.80149e-05       0          0     
     -1.845669           0          0          0        4.96694e-05       0          0     
     -1.844368           0          0          0        5.13646e-05       0          0     
     -1.843067           0          0          0        5.31012e-05       0          0     
     -1.841766           0          0          0        5.48797e-05       0          0     
     -1.840465           0          0          0        5.67008e-05       0          0     
     -1.839164           0          0          0        5.85651e-05       0          0     
     -1.837863           0          0          0        6.04734e-05       0          0     
     -1.836562           0          0          0        6.24261e-05       0          0     
     -1.835261           0          0          0        6.44242e-05       0          0     
     -1.833960           0          0          0        6.64680e-05       0          0     
     -1.832659           0          0          0        6.85585e-05       0          0     
     -1.831358           0          0          0        7.06962e-05       0          0     
     -1.830057           0          0          0        7.28817e-05       0          0     
     -1.828756           0          0          0        7.51159e-05       0          0     
     -1.827455           0          0          0        7.73994e-05       0          0     
     -1.826154           0          0          0        7.97328e-05       0          0     
     -1.824853           0          0          0        8.21170e-05       0          0     
     -1.823552           0          0          0        8.45525e-05       0          0     
     -1.822251           0          0          0        8.70401e-05       0          0     
     -1.820950           0          0          0        8.95806e-05       0          0     
     -1.819649           0          0          0        9.21746e-05       0          0     
     -1.818348           0          0          0        9.48228e-05       0          0     
     -1.817047           0          0          0        9.75261e-05       0          0     
     -1.815746           0          0          0        1.00285e-04       0          0     
     -1.814445           0          0          0        1.03101e-04       0          0     
     -1.813144           0          0          0        1.05973e-04       0          0     
     -1.811843           0          0          0        1.08904e-04       0          0     
     -1.810542           0          0          0        1.11893e-04       0          0     
     -1.809241           0          0          0        1.14942e-04       0          0     
     -1.807940           0          0          0        1.18051e-04       0          0     
     -1.806639           0          0          0        1.21221e-04       0          0     
     -1.805338           0          0          0        1.24453e-04       0          0     
     -1.804037           0          0          0        1.27748e-04       0          0     
     -1.802736           0          0          0        1.31106e-04       0          0     
     -1.801434           0          0          0        1.34528e-04       0          0     
     -1.800133           0          0          0        1.38015e-04       0          0     
     -1.798832           0          0          0        1.41567e-04       0          0     
     -1.797531           0          0          0        1.45187e-04       0          0     
     -1.796230           0          0          0        1.48873e-04       0          0     
     -1.794929           0          0          0        1.52628e-04       0          0     
     -1.793628           0          0          0        1.56452e-04       0          0     
     -1.792327           0          0          0        1.60346e-04       0          0     
     -1.791026           0          0          0        1.64310e-04       0          0     
     -1.789725           0          0          0        1.68346e-04       0          0     
     -1.788424           0          0          0        1.72454e-04       0          0     
     -1.787123           0          0          0        1.76636e-04       0          0     
     -1.785822           0          0          0        1.80891e-04       0          0     
     -1.784521           0          0          0        1.85222e-04       0          0     
     -1.783220           0          0          0        1.89628e-04       0          0     
     -1.781919           0          0          0        1.94111e-04       0          0     
     -1.780618           0          0          0        1.98671e-04       0          0     
     -1.779317           0          0          0        2.03310e-04       0          0     
     -1.778016           0          0          0        2.08028e-04       0          0     
     -1.776715           0          0          0        2.12826e-04       0          0     
     -1.775414           0          0          0        2.17705e-04       0          0     
     -1.774113           0          0          0        2.22666e-04       0          0     
     -1.772812           0          0          0        2.27710e-04       0          0     
     -1.771511           0          0          0        2.32838e-04       0          0     
     -1.770210           0          0          0        2.38051e-04       0          0     
     -1.768909           0          0          0        2.43349e-04       0          0     
     -1.767608           0          0          0        2.48734e-04       0          0     
     -1.766307           0          0          0        2.54206e-04       0          0     
     -1.765006           0          0          0        2.59766e-04       0          0     
     -1.763705           0          0          0        2.65416e-04       0          0     
     -1.762404           0          0          0        2.71157e-04       0          0     
     -1.761103           0          0          0        2.76988e-04       0          0     
     -1.759802           0          0          0        2.82912e-04       0          0     
     -1.758500           0          0          0        2.88929e-04       0          0     
     -1.757199           0          0          0        2.95040e-04       0          0     
     -1.755898           0          0          0        3.01246e-04       0          0     
     -1.754597           0          0          0        3.07548e-04       0          0     
     -1.753296           0          0          0        3.13947e-04       0          0     
     -1.751995           0          0          0        3.20445e-04       0          0     
     -1.750694           0          0          0        3.27041e-04       0          0     
     -1.749393           0          0          0        3.33738e-04       0          0     
     -1.748092           0          0          0        3.40535e-04       0          0     
     -1.746791           0          0          0        3.47435e-04       0          0     
     -1.745490           0          0          0        3.54438e-04       0          0     
     -1.744189           0          0          0        3.61544e-04       0          0     
     -1.742888           0          0          0        3.68756e-04       0          0     
     -1.741587           0          0          0        3.76075e-04       0          0     
     -1.740286           0          0          0        3.83500e-04       0          0     
     -1.738985           0          0          0        3.91034e-04       0          0     
     -1.737684           0          0          0        3.98677e-04       0          0     
     -1.736383           0          0          0        4.06430e-04       0          0     
     -1.735082           0          0          0        4.14295e-04       0          0     
     -1.733781           0          0          0        4.22273e-04       0          0     
     -1.732480           0          0          0        5.34522e-04       0          0     
     -1.731179           0          0          0        4.51685e-04       0          0     
     -1.729878           0          0          0        4.56668e-04       0          0     
     -1.728577           0          0          0        4.64620e-04       0          0     
     -1.727276           0          0          0        4.73436e-04       0          0     
     -1.725975           0          0          0        4.82706e-04       0          0     
     -1.724674           0          0          0        4.92296e-04       0          0     
     -1.723373           0          0          0        5.02153e-04       0          0     
     -1.722072           0          0          0        5.12251e-04       0          0     
     -1.720771           0          0          0        5.22577e-04       0          0     
     -1.719470           0          0          0        5.33127e-04       0          0     
     -1.718169           0          0          0        5.43897e-04       0          0     
     -1.716868           0          0          0        5.54887e-04       0          0     
     -1.715566           0          0          0        5.66096e-04       0          0     
     -1.714265           0          0          0        5.77527e-04       0          0     
     -1.712964           0          0          0        5.89182e-04       0          0     
     -1.711663           0          0          0        6.01062e-04       0          0     
     -1.710362           0          0          0        6.13171e-04       0          0     
     -1.709061           0          0          0        6.25511e-04       0          0     
     -1.707760           0          0          0        6.38084e-04       0          0     
     -1.706459           0          0          0        6.50895e-04       0          0     
     -1.705158           0          0          0        6.63946e-04       0          0     
     -1.703857           0          0          0        6.77240e-04       0          0     
     -1.702556           0          0          0        6.90780e-04       0          0     
     -1.701255           0          0          0        7.04570e-04       0          0     
     -1.699954           0          0          0        7.18614e-04       0          0     
     -1.698653           0          0          0        7.32914e-04       0          0     
     -1.697352           0          0          0        7.47474e-04       0          0     
     -1.696051           0          0          0        7.62298e-04       0          0     
     -1.694750           0          0          0        7.77389e-04       0          0     
     -1.693449           0          0          0        7.92750e-04       0          0     
     -1.692148           0          0          0        8.08386e-04       0          0     
     -1.690847           0          0          0        8.24300e-04       0          0     
     -1.689546           0          0          0        8.40495e-04       0          0     
     -1.688245           0          0          0        8.56975e-04       0          0     
     -1.686944           0          0          0        8.73744e-04       0          0     
     -1.685643           0          0          0        8.90806e-04       0          0     
     -1.684342           0          0          0        9.08164e-04       0          0     
     -1.683041           0          0          0        9.25823e-04       0          0     
     -1.681740           0          0          0        9.43785e-04       0          0     
     -1.680439           0          0          0        9.62055e-04       0          0     
     -1.679138           0          0          0        9.80636e-04       0          0     
     -1.677837           0          0          0        9.99533e-04       0          0     
     -1.676536           0          0          0        1.01875e-03       0          0     
     -1.675235           0          0          0        1.03829e-03       0          0     
     -1.673934           0          0          0        1.05816e-03       0          0     
     -1.672633           0          0          0        1.07835e-03       0          0     
     -1.671331           0          0          0        1.09889e-03       0          0     
     -1.670030           0          0          0        1.11976e-03       0          0     
     -1.668729           0          0          0        1.14098e-03       0          0     
     -1.667428           0          0          0        1.16254e-03       0          0     
     -1.666127           0          0          0        1.18472e-03       0          0     
     -1.664826           0          0          0        1.20720e-03       0          0     
     -1.663525           0          0          0        1.23011e-03       0          0     
     -1.662224           0          0          0        1.25344e-03       0          0     
     -1.660923           0          0          0        1.27721e-03       0          0     
     -1.659622           0          0          0        1.30142e-03       0          0     
     -1.658321           0          0          0        1.32608e-03       0          0     
     -1.657020           0          0          0        1.35119e-03       0          0     
     -1.655719           0          0          0        1.37675e-03       0          0     
     -1.654418           0          0          0        1.40279e-03       0          0     
     -1.653117           0          0          0        1.42930e-03       0          0     
     -1.651816           0          0          0        1.45630e-03       0          0     
     -1.650515           0          0          0        1.48378e-03       0          0     
     -1.649214           0          0          0        1.51176e-03       0          0     
     -1.647913           0          0          0        1.54025e-03       0          0     
     -1.646612           0          0          0        1.56925e-03       0          0     
     -1.645311           0          0          0        1.59876e-03       0          0     
     -1.644010           0          0          0        1.62881e-03       0          0     
     -1.642709           0          0          0        1.65939e-03       0          0     
     -1.641408           0          0          0        1.69052e-03       0          0     
     -1.640107           0          0          0        1.72219e-03       0          0     
     -1.638806           0          0          0        1.75442e-03       0          0     
     -1.637505           0          0          0        1.78722e-03       0          0     
     -1.636204           0          0          0        1.82059e-03       0          0     
     -1.634903           0          0          0        1.85455e-03       0          0     
     -1.633602           0          0          0        1.88909e-03       0          0     
     -1.632301           0          0          0        1.92423e-03       0          0     
     -1.631000           0          0          0        1.95998e-03       0          0     
     -1.629699           0          0          0        1.99634e-03       0          0     
     -1.628397           0          0          0        2.03332e-03       0          0     
     -1.627096           0          0          0        2.07093e-03       0          0     
     -1.625795           0          0          0        2.10917e-03       0          0     
     -1.624494           0          0          0        2.14806e-03       0          0     
     -1.623193           0          0          0        2.18761e-03       0          0     
     -1.621892           0          0          0        2.22781e-03       0          0     
     -1.620591           0          0          0        2.26869e-03       0          0     
     -1.619290           0          0          0        2.31024e-03       0          0     
     -1.617989           0          0          0        2.35248e-03       0          0     
     -1.616688           0          0          0        2.39541e-03       0          0     
     -1.615387           0          0          0        2.43905e-03       0          0     
     -1.614086           0          0          0        2.48340e-03       0          0     
     -1.612785           0          0          0        2.52846e-03       0          0     
     -1.611484           0          0          0        2.57425e-03       0          0     
     -1.610183           0          0          0        2.62078e-03       0          0     
     -1.608882           0          0          0        2.66805e-03       0          0     
     -1.607581           0          0          0        2.71608e-03       0          0     
     -1.606280           0          0          0        2.76486e-03       0          0     
     -1.604979           0          0          0        2.81442e-03       0          0     
     -1.603678           0          0          0        2.86475e-03       0          0     
     -1.602377           0          0          0        2.91587e-03       0          0     
     -1.601076           0          0          0        2.96779e-03       0          0     
     -1.599775           0          0          0        3.02051e-03       0          0     
     -1.598474           0          0          0        3.07404e-03       0          0     
     -1.597173           0          0          0        3.12840e-03       0          0     
     -1.595872           0          0          0        3.18358e-03       0          0     
     -1.594571           0          0          0        3.45061e-03       0          0     
     -1.593270           0          0          0        3.38619e-03       0          0     
     -1.591969           0          0          0        3.42563e-03       0          0     
     -1.590668           0          0          0        3.47954e-03       0          0     
     -1.589367           0          0          0        3.53874e-03       0          0     
     -1.588066           0          0          0        3.60089e-03       0          0     
     -1.586765           0          0          0        3.66512e-03       0          0     
     -1.585463           0          0          0        3.73106e-03       0          0     
     -1.584162           0          0          0        3.79851e-03       0          0     
     -1.582861           0          0          0        3.86737e-03       0          0     
     -1.581560           0          0          0        3.93758e-03       0          0     
     -1.580259           0          0          0        4.00911e-03       0          0     
     -1.578958           0          0          0        4.08194e-03       0          0     
     -1.577657           0          0          0        4.15606e-03       0          0     
     -1.576356           0          0          0        4.23147e-03       0          0     
     -1.575055           0          0          0        4.30817e-03       0          0     
     -1.573754           0          0          0        4.38617e-03       0          0     
     -1.572453           0          0          0        4.46547e-03       0          0     
     -1.571152           0          0          0        4.54609e-03       0          0     
     -1.569851           0          0          0        4.62802e-03       0          0     
     -1.568550           0          0          0        4.71128e-03       0          0     
     -1.567249           0          0          0        4.79589e-03       0          0     
     -1.565948           0          0          0        4.88184e-03       0          0     
     -1.564647           0          0          0        4.96917e-03       0          0     
     -1.563346           0          0          0        5.05787e-03       0          0     
     -1.562045           0          0          0        5.14796e-03       0          0     
     -1.560744           0          0          0        5.23945e-03       0          0     
     -1.559443           0          0          0        5.33235e-03       0          0     
     -1.558142           0          0          0        5.42669e-03       0          0     
     -1.556841           0          0          0        5.52246e-03       0          0     
     -1.555540           0          0          0        5.61969e-03       0          0     
     -1.554239           0          0          0        5.71839e-03       0          0     
     -1.552938           0          0          0        5.81857e-03       0          0     
     -1.551637           0          0          0        5.92024e-03       0          0     
     -1.550336           0          0          0        6.02342e-03       0          0     
     -1.549035           0          0          0        6.12813e-03       0          0     
     -1.547734           0          0          0        6.23437e-03       0          0     
     -1.546433           0          0          0        6.34216e-03       0          0     
     -1.545132           0          0          0        6.45151e-03       0          0     
     -1.543831           0          0          0        6.56245e-03       0          0     
     -1.542530           0          0          0        6.67497e-03       0          0     
     -1.541228           0          0          0        6.78910e-03       0          0     
     -1.539927           0          0          0        6.90486e-03       0          0     
     -1.538626           0          0          0        7.02225e-03       0          0     
     -1.537325           0          0          0        7.14128e-03       0          0     
     -1.536024           0          0          0        7.26198e-03       0          0     
     -1.534723           0          0          0        7.38436e-03       0          0     
     -1.533422           0          0          0        7.50843e-03       0          0     
     -1.532121           0          0          0        7.63421e-03       0          0     
     -1.530820           0          0          0        7.76171e-03       0          0     
     -1.529519           0          0          0        7.89094e-03       0          0     
     -1.528218           0          0          0        8.02192e-03       0          0     
     -1.526917           0          0          0        8.15467e-03       0          0     
     -1.525616           0          0          0        8.28920e-03       0          0     
     -1.524315           0          0          0        8.42553e-03       0          0     
     -1.523014           0          0          0        8.56366e-03       0          0     
     -1.521713           0          0          0        8.70362e-03       0          0     
     -1.520412           0          0          0        8.84541e-03       0          0     
     -1.519111           0          0          0        8.98906e-03       0          0     
     -1.517810           0          0          0        9.13458e-03       0          0     
     -1.516509           0          0          0        9.28198e-03       0          0     
     -1.515208           0          0          0        9.43128e-03       0          0     
     -1.513907           0          0          0        9.58250e-03       0          0     
     -1.512606           0          0          0        9.73564e-03       0          0     
     -1.511305           0          0          0        9.89072e-03       0          0     
     -1.510004           0          0          0        1.00478e-02       0          0     
     -1.508703           0          0          0        1.02068e-02       0          0     
     -1.507402           0          0          0        1.03678e-02       0          0     
     -1.506101           0          0          0        1.05308e-02       0          0     
     -1.504800           0          0          0        1.06958e-02       0          0     
     -1.503499           0          0          0        1.08629e-02       0          0     
     -1.502198           0          0          0        1.10320e-02       0          0     
     -1.500897           0          0          0        1.12032e-02       0          0     
     -1.499596           0          0          0        1.13765e-02       0          0     
     -1.498294           0          0          0        1.15518e-02       0          0     
     -1.496993           0          0          0        1.17293e-02       0          0     
     -1.495692           0          0          0        1.19089e-02       0          0     
     -1.494391           0          0          0        1.20907e-02       0          0     
     -1.493090           0          0          0        1.22746e-02       0          0     
     -1.491789           0          0          0        1.24606e-02       0          0     
     -1.490488           0          0          0        1.26489e-02       0          0     
     -1.489187           0          0          0        1.28394e-02       0          0     
     -1.487886           0          0          0        1.30321e-02       0          0     
     -1.486585           0          0          0        1.32270e-02       0          0     
     -1.485284           0          0          0        1.34242e-02       0          0     
     -1.483983           0          0          0        1.36236e-02       0          0     
     -1.482682           0          0          0        1.38254e-02       0          0     
     -1.481381           0          0          0        1.40294e-02       0          0     
     -1.480080           0          0          0        1.42358e-02       0          0     
     -1.478779           0          0          0        1.44445e-02       0          0     
     -1.477478           0          0          0        1.46555e-02       0          0     
     -1.476177           0          0          0        1.48689e-02       0          0     
     -1.474876           0          0          0        1.50847e-02       0          0     
     -1.473575           0          0          0        1.53029e-02       0          0     
     -1.472274           0          0          0        1.55235e-02       0          0     
     -1.470973           0          0          0        1.57465e-02       0          0     
     -1.469672           0          0          0        1.59719e-02       0          0     
     -1.468371           0          0          0        1.61999e-02       0          0     
     -1.467070           0          0          0        1.64303e-02       0          0     
     -1.465769           0          0          0        1.66632e-02       0          0     
     -1.464468           0          0          0        1.68986e-02       0          0     
     -1.463167           0          0          0        1.71365e-02       0          0     
     -1.461866           0          0          0        1.73770e-02       0          0     
     -1.460565           0          0          0        1.76200e-02       0          0     
     -1.459264           0          0          0        1.78657e-02       0          0     
     -1.457963           0          0          0        1.81139e-02       0          0     
     -1.456662           0          0          0        1.83647e-02       0          0     
     -1.455360           0          0          0        1.86181e-02       0          0     
     -1.454059           0          0          0        1.88742e-02       0          0     
     -1.452758           0          0          0        1.91329e-02       0          0     
     -1.451457           0          0          0        1.93944e-02       0          0     
     -1.450156           0          0          0        1.96585e-02       0          0     
     -1.448855           0          0          0        1.99253e-02       0          0     
     -1.447554           0          0          0        2.01948e-02       0          0     
     -1.446253           0          0          0        2.04671e-02       0          0     
     -1.444952           0          0          0        2.07422e-02       0          0     
     -1.443651           0          0          0        2.10200e-02       0          0     
     -1.442350           0          0          0        2.13006e-02       0          0     
     -1.441049           0          0          0        2.15840e-02       0          0     
     -1.439748           0          0          0        2.18703e-02       0          0     
     -1.438447           0          0          0        2.21594e-02       0          0     
     -1.437146           0          0          0        2.24513e-02       0          0     
     -1.435845           0          0          0        2.27461e-02       0          0     
     -1.434544           0          0          0        2.30439e-02       0          0     
     -1.433243           0          0          0        2.33445e-02       0          0     
     -1.431942           0          0          0        2.36481e-02       0          0     
     -1.430641           0          0          0        2.39546e-02       0          0     
     -1.429340           0          0          0        2.42641e-02       0          0     
     -1.428039           0          0          0        2.45765e-02       0          0     
     -1.426738           0          0          0        2.48920e-02       0          0     
     -1.425437           0          0          0        2.52105e-02       0          0     
     -1.424136           0          0          0        2.55320e-02       0          0     
     -1.422835           0          0          0        2.58565e-02       0          0     
     -1.421534           0          0          0        2.61841e-02       0          0     
     -1.420233           0          0          0        2.65148e-02       0          0     
     -1.418932           0          0          0        2.68486e-02       0          0     
     -1.417631           0          0          0        2.71856e-02       0          0     
     -1.416330           0          0          0        2.75256e-02       0          0     
     -1.415029           0          0          0        2.78688e-02       0          0     
     -1.413728           0          0          0        2.82152e-02       0          0     
     -1.412427           0          0          0        2.85648e-02       0          0     
     -1.411125           0          0          0        2.89176e-02       0          0     
     -1.409824           0          0          0        2.92736e-02       0          0     
     -1.408523           0          0          0        2.96329e-02       0          0     
     -1.407222           0          0          0        2.99954e-02       0          0     
     -1.405921           0          0          0        3.03612e-02       0          0     
     -1.404620           0          0          0        3.07303e-02       0          0     
     -1.403319           0          0          0        3.11027e-02       0          0     
     -1.402018           0          0          0        3.14784e-02       0          0     
     -1.400717           0          0          0        3.18575e-02       0          0     
     -1.399416           0          0          0        3.22400e-02       0          0     
     -1.398115           0          0          0        3.26258e-02       0          0     
     -1.396814           0          0          0        3.30150e-02       0          0     
     -1.395513           0          0          0        3.34077e-02       0          0     
     -1.394212           0          0          0        3.38038e-02       0          0     
     -1.392911           0          0          0        3.42034e-02       0          0     
     -1.391610           0          0          0        3.46064e-02       0          0     
     -1.390309           0          0          0        3.50129e-02       0          0     
     -1.389008           0          0          0        3.54230e-02       0          0     
     -1.387707           0          0          0        3.58365e-02       0          0     
     -1.386406           0          0          0        3.62537e-02       0          0     
     -1.385105           0          0          0        3.66744e-02       0          0     
     -1.383804           0          0          0        3.70986e-02       0          0     
     -1.382503           0          0          0        3.75265e-02       0          0     
     -1.381202           0          0          0        3.79580e-02       0          0     
     -1.379901           0          0          0        3.83931e-02       0          0     
     -1.378600           0          0          0        3.88319e-02       0          0     
     -1.377299           0          0          0        3.92744e-02       0          0     
     -1.375998           0          0          0        3.97206e-02       0          0     
     -1.374697           0          0          0        4.01705e-02       0          0     
     -1.373396           0          0          0        4.06241e-02       0          0     
     -1.372095           0          0          0        4.10814e-02       0          0     
     -1.370794           0          0          0        4.15426e-02       0          0     
     -1.369493           0          0          0        4.20075e-02       0          0     
     -1.368191           0          0          0        4.24762e-02       0          0     
     -1.366890           0          0          0        4.29488e-02       0          0     
     -1.365589           0          0          0        4.34252e-02       0          0     
     -1.364288           0          0          0        4.39054e-02       0          0     
     -1.362987           0          0          0        4.43896e-02       0          0     
     -1.361686           0          0          0        4.48776e-02       0          0     
     -1.360385           0          0          0        4.53696e-02       0          0     
     -1.359084           0          0          0        4.58655e-02       0          0     
     -1.357783           0          0          0        4.63653e-02       0          0     
     -1.356482           0          0          0        4.68692e-02       0          0     
     -1.355181           0          0          0        4.73770e-02       0          0     
     -1.353880           0          0          0        4.78889e-02       0          0     
     -1.352579           0          0          0        4.84047e-02       0          0     
     -1.351278           0          0          0        4.89247e-02       0          0     
     -1.349977           0          0          0        4.94487e-02       0          0     
     -1.348676           0          0          0        4.99767e-02       0          0     
     -1.347375           0          0          0        5.05089e-02       0          0     
     -1.346074           0          0          0        5.10453e-02       0          0     
     -1.344773           0          0          0        5.15858e-02       0          0     
     -1.343472           0          0          0        5.21304e-02       0          0     
     -1.342171           0          0          0        5.26792e-02       0          0     
     -1.340870           0          0          0        5.32323e-02       0          0     
     -1.339569           0          0          0        5.37895e-02       0          0     
     -1.338268           0          0          0        5.43510e-02       0          0     
     -1.336967           0          0          0        5.49168e-02       0          0     
     -1.335666           0          0          0        5.54868e-02       0          0     
     -1.334365           0          0          0        5.60612e-02       0          0     
     -1.333064           0          0          0        5.66399e-02       0          0     
     -1.331763           0          0          0        5.72229e-02       0          0     
     -1.330462           0          0          0        5.78103e-02       0          0     
     -1.329161           0          0          0        5.84020e-02       0          0     
     -1.327860           0          0          0        5.89982e-02       0          0     
     -1.326559           0          0          0        5.95988e-02       0          0     
     -1.325257           0          0          0        6.02038e-02       0          0     
     -1.323956           0          0          0        6.08132e-02       0          0     
     -1.322655           0          0          0        6.14272e-02       0          0     
     -1.321354           0          0          0        6.20457e-02       0          0     
     -1.320053           0          0          0        6.26686e-02       0          0     
     -1.318752           0          0          0        6.32961e-02       0          0     
     -1.317451           0          0          0        6.39282e-02       0          0     
     -1.316150           0          0          0        6.45649e-02       0          0     
     -1.314849           0          0          0        6.52061e-02       0          0     
     -1.313548           0          0          0        6.58520e-02       0          0     
     -1.312247           0          0          0        6.65025e-02       0          0     
     -1.310946           0          0          0        6.71576e-02       0          0     
     -1.309645           0          0          0        6.78175e-02       0          0     
     -1.308344           0          0          0        6.84820e-02       0          0     
     -1.307043           0          0          0        6.91512e-02       0          0     
     -1.305742           0          0          0        6.98252e-02       0          0     
     -1.304441           0          0          0        7.05040e-02       0          0     
     -1.303140           0          0          0        7.11875e-02       0          0     
     -1.301839           0          0          0        7.18758e-02       0          0     
     -1.300538           0          0          0        7.25690e-02       0          0     
     -1.299237           0          0          0        7.32670e-02       0          0     
     -1.297936           0          0          0        7.39698e-02       0          0     
     -1.296635           0          0          0        7.46775e-02       0          0     
     -1.295334           0          0          0        7.53901e-02       0          0     
     -1.294033           0          0          0        7.61077e-02       0          0     
     -1.292732           0          0          0        7.68302e-02       0          0     
     -1.291431           0          0          0        7.75576e-02       0          0     
     -1.290130           0          0          0        7.82900e-02       0          0     
     -1.288829           0          0          0        7.90275e-02       0          0     
     -1.287528           0          0          0        7.97699e-02       0          0     
     -1.286227           0          0          0        8.05174e-02       0          0     
     -1.284926           0          0          0        8.12700e-02       0          0     
     -1.283625           0          0          0        8.20276e-02       0          0     
     -1.282324           0          0          0        8.27903e-02       0          0     
     -1.281022           0          0          0        8.35582e-02       0          0     
     -1.279721           0          0          0        8.43312e-02       0          0     
     -1.278420           0          0          0        8.51094e-02       0          0     
     -1.277119           0          0          0        8.58928e-02       0          0     
     -1.275818           0          0          0        8.66814e-02       0          0     
     -1.274517           0          0          0        8.74752e-02       0          0     
     -1.273216           0          0          0        8.82743e-02       0          0     
     -1.271915           0          0          0        8.90786e-02       0          0     
     -1.270614           0          0          0        8.98882e-02       0          0     
     -1.269313           0          0          0        9.07032e-02       0          0     
     -1.268012           0          0          0        9.15234e-02       0          0     
     -1.266711           0          0          0        9.23491e-02       0          0     
     -1.265410           0          0          0        9.31801e-02       0          0     
     -1.264109           0          0          0        9.40165e-02       0          0     
     -1.262808           0          0          0        9.48583e-02       0          0     
     -1.261507           0          0          0        9.57056e-02       0          0     
     -1.260206           0          0          0        9.65583e-02       0          0     
     -1.258905           0          0          0        9.74165e-02       0          0     
     -1.257604           0          0          0        9.82803e-02       0          0     
     -1.256303           0          0          0        9.91495e-02       0          0     
     -1.255002           0          0          0        1.00024e-01       0          0     
     -1.253701           0          0          0        1.00905e-01       0          0     
     -1.252400           0          0          0        1.01791e-01       0          0     
     -1.251099           0          0          0        1.02682e-01       0          0     
     -1.249798           0          0          0        1.03579e-01       0          0     
     -1.248497           0          0          0        1.04482e-01       0          0     
     -1.247196           0          0          0        1.05391e-01       0          0     
     -1.245895           0          0          0        1.06305e-01       0          0     
     -1.244594           0          0          0        1.07225e-01       0          0     
     -1.243293           0          0          0        1.08150e-01       0          0     
     -1.241992           0          0          0        1.09082e-01       0          0     
     -1.240691           0          0          0        1.10019e-01       0          0     
     -1.239390           0          0          0        1.10962e-01       0          0     
     -1.238088           0          0          0        1.11911e-01       0          0     
     -1.236787           0          0          0        1.12866e-01       0          0     
     -1.235486           0          0          0        1.13826e-01       0          0     
     -1.234185           0          0          0        1.14793e-01       0          0     
     -1.232884           0          0          0        1.15765e-01       0          0     
     -1.231583           0          0          0        1.16743e-01       0          0     
     -1.230282           0          0          0        1.17728e-01       0          0     
     -1.228981           0          0          0        1.18718e-01       0          0     
     -1.227680           0          0          0        1.19714e-01       0          0     
     -1.226379           0          0          0        1.20716e-01       0          0     
     -1.225078           0          0          0        1.21725e-01       0          0     
     -1.223777           0          0          0        1.22739e-01       0          0     
     -1.222476           0          0          0        1.23759e-01       0          0     
     -1.221175           0          0          0        1.24786e-01       0          0     
     -1.219874           0          0          0        1.25819e-01       0          0     
     -1.218573           0          0          0        1.26858e-01       0          0     
     -1.217272           0          0          0        1.27903e-01       0          0     
     -1.215971           0          0          0        1.28954e-01       0          0     
     -1.214670           0          0          0        1.30011e-01       0          0     
     -1.213369           0          0          0        1.31075e-01       0          0     
     -1.212068           0          0          0        1.32145e-01       0          0     
     -1.210767           0          0          0        1.33221e-01       0          0     
     -1.209466           0          0          0        1.34304e-01       0          0     
     -1.208165           0          0          0        1.35393e-01       0          0     
     -1.206864           0          0          0        1.36488e-01       0          0     
     -1.205563           0          0          0        1.37590e-01       0          0     
     -1.204262           0          0          0        1.38698e-01       0          0     
     -1.202961           0          0          0        1.39812e-01       0          0     
     -1.201660           0          0          0        1.40933e-01       0          0     
     -1.200359           0          0          0        1.42061e-01       0          0     
     -1.199058           0          0          0        1.43195e-01       0          0     
     -1.197757           0          0          0        1.44335e-01       0          0     
     -1.196456           0          0          0        1.45482e-01       0          0     
     -1.195154           0          0          0        1.46635e-01       0          0     
     -1.193853           0          0          0        1.47795e-01       0          0     
     -1.192552           0          0          0        1.48962e-01       0          0     
     -1.191251           0          0          0        1.50135e-01       0          0     
     -1.189950           0          0          0        1.51315e-01       0          0     
     -1.188649           0          0          0        1.52502e-01       0          0     
     -1.187348           0          0          0        1.53695e-01       0          0     
     -1.186047           0          0          0        1.54896e-01       0          0     
     -1.184746           0          0          0        1.56102e-01       0          0     
     -1.183445           0          0          0        1.57316e-01       0          0     
     -1.182144           0          0          0        1.58536e-01       0          0     
     -1.180843           0          0          0        1.59763e-01       0          0     
     -1.179542           0          0          0        1.60997e-01       0          0     
     -1.178241           0          0          0        1.62238e-01       0          0     
     -1.176940           0          0          0        1.63486e-01       0          0     
     -1.175639           0          0          0        1.64741e-01       0          0     
     -1.174338           0          0          0        1.66002e-01       0          0     
     -1.173037           0          0          0        1.67271e-01       0          0     
     -1.171736           0          0          0        1.68546e-01       0          0     
     -1.170435           0          0          0        1.69829e-01       0          0     
     -1.169134           0          0          0        1.71119e-01       0          0     
     -1.167833           0          0          0        1.72415e-01       0          0     
     -1.166532           0          0          0        1.73719e-01       0          0     
     -1.165231           0          0          0        1.75030e-01       0          0     
     -1.163930           0          0          0        1.76347e-01       0          0     
     -1.162629           0          0          0        1.77672e-01       0          0     
     -1.161328           0          0          0        1.79005e-01       0          0     
     -1.160027           0          0          0        1.80344e-01       0          0     
     -1.158726           0          0          0        1.81691e-01       0          0     
     -1.157425           0          0          0        1.83044e-01       0          0     
     -1.156124           0          0          0        1.84406e-01       0          0     
     -1.154823           0          0          0        1.85774e-01       0          0     
     -1.153522           0          0          0        1.87150e-01       0          0     
     -1.152221           0          0          0        1.88533e-01       0          0     
     -1.150919           0          0          0        1.89923e-01       0          0     
     -1.149618           0          0          0        1.91321e-01       0          0     
     -1.148317           0          0          0        1.92726e-01       0          0     
     -1.147016           0          0          0        1.94138e-01       0          0     
     -1.145715           0          0          0        1.95558e-01       0          0     
     -1.144414           0          0          0        1.96986e-01       0          0     
     -1.143113           0          0          0        1.98421e-01       0          0     
     -1.141812           0          0          0        1.99863e-01       0          0     
     -1.140511           0          0          0        2.01313e-01       0          0     
     -1.139210           0          0          0        2.02771e-01       0          0     
     -1.137909           0          0          0        2.04236e-01       0          0     
     -1.136608           0          0          0        2.05709e-01       0          0     
     -1.135307           0          0          0        2.07190e-01       0          0     
     -1.134006           0          0          0        2.08678e-01       0          0     
     -1.132705           0          0          0        2.10174e-01       0          0     
     -1.131404           0          0          0        2.11677e-01       0          0     
     -1.130103           0          0          0        2.13188e-01       0          0     
     -1.128802           0          0          0        2.14708e-01       0          0     
     -1.127501           0          0          0        2.16234e-01       0          0     
     -1.126200           0          0          0        2.17769e-01       0          0     
     -1.124899           0          0          0        2.19312e-01       0          0     
     -1.123598           0          0          0        2.20862e-01       0          0     
     -1.122297           0          0          0        2.22420e-01       0          0     
     -1.120996           0          0          0        2.23987e-01       0          0     
     -1.119695           0          0          0        2.25561e-01       0          0     
     -1.118394           0          0          0        2.27143e-01       0          0     
     -1.117093           0          0          0        2.28733e-01       0          0     
     -1.115792           0          0          0        2.30331e-01       0          0     
     -1.114491           0          0          0        2.31937e-01       0          0     
     -1.113190           0          0          0        2.33551e-01       0          0     
     -1.111889           0          0          0        2.35174e-01       0          0     
     -1.110588           0          0          0        2.36804e-01       0          0     
     -1.109287           0          0          0        2.38442e-01       0          0     
     -1.107985           0          0          0        2.40089e-01       0          0     
     -1.106684           0          0          0        2.41744e-01       0          0     
     -1.105383           0          0          0        2.43407e-01       0          0     
     -1.104082           0          0          0        2.45078e-01       0          0     
     -1.102781           0          0          0        2.46758e-01       0          0     
     -1.101480           0          0          0        2.48446e-01       0          0     
     -1.100179           0          0          0        2.50142e-01       0          0     
     -1.098878           0          0          0        2.51847e-01       0          0     
     -1.097577           0          0          0        2.53560e-01       0          0     
     -1.096276           0          0          0        2.55281e-01       0          0     
     -1.094975           0          0          0        2.57011e-01       0          0     
     -1.093674           0          0          0        2.58749e-01       0          0     
     -1.092373           0          0          0        2.60495e-01       0          0     
     -1.091072           0          0          0        2.62250e-01       0          0     
     -1.089771           0          0          0        2.64014e-01       0          0     
     -1.088470           0          0          0        2.65786e-01       0          0     
     -1.087169           0          0          0        2.67567e-01       0          0     
     -1.085868           0          0          0        2.69356e-01       0          0     
     -1.084567           0          0          0        2.71154e-01       0          0     
     -1.083266           0          0          0        2.72961e-01       0          0     
     -1.081965           0          0          0        2.74776e-01       0          0     
     -1.080664           0          0          0        2.76600e-01       0          0     
     -1.079363           0          0          0        2.78433e-01       0          0     
     -1.078062           0          0          0        2.80274e-01       0          0     
     -1.076761           0          0          0        2.82125e-01       0          0     
     -1.075460           0          0          0        2.83984e-01       0          0     
     -1.074159           0          0          0        2.85851e-01       0          0     
     -1.072858           0          0          0        2.87728e-01       0          0     
     -1.071557           0          0          0        2.89614e-01       0          0     
     -1.070256           0          0          0        2.91508e-01       0          0     
     -1.068955           0          0          0        2.93412e-01       0          0     
     -1.067654           0          0          0        2.95324e-01       0          0     
     -1.066353           0          0          0        2.97245e-01       0          0     
     -1.065051           0          0          0        2.99176e-01       0          0     
     -1.063750           0          0          0        3.01115e-01       0          0     
     -1.062449           0          0          0        3.03063e-01       0          0     
     -1.061148           0          0          0        3.05021e-01       0          0     
     -1.059847           0          0          0        3.06988e-01       0          0     
     -1.058546           0          0          0        3.08964e-01       0          0     
     -1.057245           0          0          0        3.10949e-01       0          0     
     -1.055944           0          0          0        3.12943e-01       0          0     
     -1.054643           0          0          0        3.14946e-01       0          0     
     -1.053342           0          0          0        3.16959e-01       0          0     
     -1.052041           0          0          0        3.18981e-01       0          0     
     -1.050740           0          0          0        3.21012e-01       0          0     
     -1.049439           0          0          0        3.23052e-01       0          0     
     -1.048138           0          0          0        3.25102e-01       0          0     
     -1.046837           0          0          0        3.27162e-01       0          0     
     -1.045536           0          0          0        3.29230e-01       0          0     
     -1.044235           0          0          0        3.31308e-01       0          0     
     -1.042934           0          0          0        3.33396e-01       0          0     
     -1.041633           0          0          0        3.35493e-01       0          0     
     -1.040332           0          0          0        3.37600e-01       0          0     
     -1.039031           0          0          0        3.39716e-01       0          0     
     -1.037730           0          0          0        3.41842e-01       0          0     
     -1.036429           0          0          0        3.43977e-01       0          0     
     -1.035128           0          0          0        3.46122e-01       0          0     
     -1.033827           0          0          0        3.48276e-01       0          0     
     -1.032526           0          0          0        3.50441e-01       0          0     
     -1.031225           0          0          0        3.52615e-01       0          0     
     -1.029924           0          0          0        3.54798e-01       0          0     
     -1.028623           0          0          0        3.56992e-01       0          0     
     -1.027322           0          0          0        3.59195e-01       0          0     
     -1.026021           0          0          0        3.61408e-01       0          0     
     -1.024720           0          0          0        3.63631e-01       0          0     
     -1.023419           0          0          0        3.65864e-01       0          0     
     -1.022118           0          0          0        3.68107e-01       0          0     
     -1.020816           0          0          0        3.70359e-01       0          0     
     -1.019515           0          0          0        3.72622e-01       0          0     
     -1.018214           0          0          0        3.74894e-01       0          0     
     -1.016913           0          0          0        3.77177e-01       0          0     
     -1.015612           0          0          0        3.79469e-01       0          0     
     -1.014311           0          0          0        3.81772e-01       0          0     
     -1.013010           0          0          0        3.84085e-01       0          0     
     -1.011709           0          0          0        3.86408e-01       0          0     
     -1.010408           0          0          0        3.88741e-01       0          0     
     -1.009107           0          0          0        3.91084e-01       0          0     
     -1.007806           0          0          0        3.93437e-01       0          0     
     -1.006505           0          0          0        3.95801e-01       0          0     
     -1.005204           0          0          0        3.98175e-01       0          0     
     -1.003903           0          0          0        4.00559e-01       0          0     
     -1.002602           0          0          0        4.02954e-01       0          0     
     -1.001301           0          0          0        4.05358e-01       0          0     
     -1.000000           0          0          0        4.07774e-01       0          0     
