# Neutrino-oxygen16 neutral current cross section (10^-38 cm^2/GeV) # 
# log(energy in GeV)  nu_e      nu_mu      nu_tau      nu_e_bar      nu_mu_bar    nu_tau_bar # 

  -2.30103             0            0             0             0             0             0
  -2.29973             0            0             0             0             0             0
  -2.29843             0            0             0             0             0             0
  -2.29713             0            0             0             0             0             0
  -2.29583             0            0             0             0             0             0
  -2.29452             0            0             0             0             0             0
  -2.29322             0            0             0             0             0             0
  -2.29192             0            0             0             0             0             0
  -2.29062             0            0             0             0             0             0
  -2.28932             0            0             0             0             0             0
  -2.28802             0            0             0             0             0             0
  -2.28672             0            0             0             0             0             0
  -2.28542             0            0             0             0             0             0
  -2.28412             0            0             0             0             0             0
  -2.28282             0            0             0             0             0             0
  -2.28151             0            0             0             0             0             0
  -2.28021             0            0             0             0             0             0
  -2.27891             0            0             0             0             0             0
  -2.27761             0            0             0             0             0             0
  -2.27631             0            0             0             0             0             0
  -2.27501             0            0             0             0             0             0
  -2.27371             0            0             0             0             0             0
  -2.27241             0            0             0             0             0             0
  -2.27111             0            0             0             0             0             0
  -2.26981             0            0             0             0             0             0
   -2.2685             0            0             0             0             0             0
   -2.2672             0            0             0             0             0             0
   -2.2659             0            0             0             0             0             0
   -2.2646             0            0             0             0             0             0
   -2.2633             0            0             0             0             0             0
    -2.262             0            0             0             0             0             0
   -2.2607             0            0             0             0             0             0
   -2.2594             0            0             0             0             0             0
   -2.2581             0            0             0             0             0             0
  -2.25679             0            0             0             0             0             0
  -2.25549             0            0             0             0             0             0
  -2.25419             0            0             0             0             0             0
  -2.25289             0            0             0             0             0             0
  -2.25159             0            0             0             0             0             0
  -2.25029             0            0             0             0             0             0
  -2.24899             0            0             0             0             0             0
  -2.24769             0            0             0             0             0             0
  -2.24639             0            0             0             0             0             0
  -2.24509             0            0             0             0             0             0
  -2.24378             0            0             0             0             0             0
  -2.24248             0            0             0             0             0             0
  -2.24118             0            0             0             0             0             0
  -2.23988             0            0             0             0             0             0
  -2.23858             0            0             0             0             0             0
  -2.23728             0            0             0             0             0             0
  -2.23598             0            0             0             0             0             0
  -2.23468             0            0             0             0             0             0
  -2.23338             0            0             0             0             0             0
  -2.23208             0            0             0             0             0             0
  -2.23077             0            0             0             0             0             0
  -2.22947             0            0             0             0             0             0
  -2.22817             0            0             0             0             0             0
  -2.22687             0            0             0             0             0             0
  -2.22557             0            0             0             0             0             0
  -2.22427             0            0             0             0             0             0
  -2.22297             0            0             0             0             0             0
  -2.22167             0            0             0             0             0             0
  -2.22037             0            0             0             0             0             0
  -2.21907             0            0             0             0             0             0
  -2.21776             0            0             0             0             0             0
  -2.21646             0            0             0             0             0             0
  -2.21516             0            0             0             0             0             0
  -2.21386             0            0             0             0             0             0
  -2.21256             0            0             0             0             0             0
  -2.21126             0            0             0             0             0             0
  -2.20996             0            0             0             0             0             0
  -2.20866             0            0             0             0             0             0
  -2.20736             0            0             0             0             0             0
  -2.20605             0            0             0             0             0             0
  -2.20475             0            0             0             0             0             0
  -2.20345             0            0             0             0             0             0
  -2.20215             0            0             0             0             0             0
  -2.20085             0            0             0             0             0             0
  -2.19955             0            0             0             0             0             0
  -2.19825             0            0             0             0             0             0
  -2.19695             0            0             0             0             0             0
  -2.19565             0            0             0             0             0             0
  -2.19435             0            0             0             0             0             0
  -2.19304             0            0             0             0             0             0
  -2.19174             0            0             0             0             0             0
  -2.19044             0            0             0             0             0             0
  -2.18914             0            0             0             0             0             0
  -2.18784             0            0             0             0             0             0
  -2.18654             0            0             0             0             0             0
  -2.18524             0            0             0             0             0             0
  -2.18394             0            0             0             0             0             0
  -2.18264             0            0             0             0             0             0
  -2.18134             0            0             0             0             0             0
  -2.18003             0            0             0             0             0             0
  -2.17873             0            0             0             0             0             0
  -2.17743             0            0             0             0             0             0
  -2.17613             0            0             0             0             0             0
  -2.17483             0            0             0             0             0             0
  -2.17353             0            0             0             0             0             0
  -2.17223             0            0             0             0             0             0
  -2.17093             0            0             0             0             0             0
  -2.16963             0            0             0             0             0             0
  -2.16832             0            0             0             0             0             0
  -2.16702             0            0             0             0             0             0
  -2.16572             0            0             0             0             0             0
  -2.16442             0            0             0             0             0             0
  -2.16312             0            0             0             0             0             0
  -2.16182             0            0             0             0             0             0
  -2.16052             0            0             0             0             0             0
  -2.15922             0            0             0             0             0             0
  -2.15792             0            0             0             0             0             0
  -2.15662             0            0             0             0             0             0
  -2.15531             0            0             0             0             0             0
  -2.15401             0            0             0             0             0             0
  -2.15271             0            0             0             0             0             0
  -2.15141             0            0             0             0             0             0
  -2.15011             0            0             0             0             0             0
  -2.14881             0            0             0             0             0             0
  -2.14751             0            0             0             0             0             0
  -2.14621             0            0             0             0             0             0
  -2.14491             0            0             0             0             0             0
  -2.14361             0            0             0             0             0             0
   -2.1423             0            0             0             0             0             0
    -2.141             0            0             0             0             0             0
   -2.1397             0            0             0             0             0             0
   -2.1384             0            0             0             0             0             0
   -2.1371             0            0             0             0             0             0
   -2.1358             0            0             0             0             0             0
   -2.1345             0            0             0             0             0             0
   -2.1332             0            0             0             0             0             0
   -2.1319             0            0             0             0             0             0
   -2.1306             0            0             0             0             0             0
  -2.12929             0            0             0             0             0             0
  -2.12799             0            0             0             0             0             0
  -2.12669             0            0             0             0             0             0
  -2.12539             0            0             0             0             0             0
  -2.12409             0            0             0             0             0             0
  -2.12279             0            0             0             0             0             0
  -2.12149             0            0             0             0             0             0
  -2.12019             0            0             0             0             0             0
  -2.11889             0            0             0             0             0             0
  -2.11758             0            0             0             0             0             0
  -2.11628             0            0             0             0             0             0
  -2.11498             0            0             0             0             0             0
  -2.11368             0            0             0             0             0             0
  -2.11238             0            0             0             0             0             0
  -2.11108             0            0             0             0             0             0
  -2.10978             0            0             0             0             0             0
  -2.10848             0            0             0             0             0             0
  -2.10718             0            0             0             0             0             0
  -2.10588             0            0             0             0             0             0
  -2.10457             0            0             0             0             0             0
  -2.10327             0            0             0             0             0             0
  -2.10197             0            0             0             0             0             0
  -2.10067             0            0             0             0             0             0
  -2.09937             0            0             0             0             0             0
  -2.09807             0            0             0             0             0             0
  -2.09677             0            0             0             0             0             0
  -2.09547             0            0             0             0             0             0
  -2.09417             0            0             0             0             0             0
  -2.09287             0            0             0             0             0             0
  -2.09156             0            0             0             0             0             0
  -2.09026             0            0             0             0             0             0
  -2.08896             0            0             0             0             0             0
  -2.08766             0            0             0             0             0             0
  -2.08636             0            0             0             0             0             0
  -2.08506             0            0             0             0             0             0
  -2.08376             0            0             0             0             0             0
  -2.08246             0            0             0             0             0             0
  -2.08116             0            0             0             0             0             0
  -2.07985             0            0             0             0             0             0
  -2.07855             0            0             0             0             0             0
  -2.07725             0            0             0             0             0             0
  -2.07595             0            0             0             0             0             0
  -2.07465             0            0             0             0             0             0
  -2.07335             0            0             0             0             0             0
  -2.07205             0            0             0             0             0             0
  -2.07075             0            0             0             0             0             0
  -2.06945             0            0             0             0             0             0
  -2.06815             0            0             0             0             0             0
  -2.06684             0            0             0             0             0             0
  -2.06554             0            0             0             0             0             0
  -2.06424             0            0             0             0             0             0
  -2.06294             0            0             0             0             0             0
  -2.06164             0            0             0             0             0             0
  -2.06034             0            0             0             0             0             0
  -2.05904             0            0             0             0             0             0
  -2.05774             0            0             0             0             0             0
  -2.05644             0            0             0             0             0             0
  -2.05514             0            0             0             0             0             0
  -2.05383             0            0             0             0             0             0
  -2.05253             0            0             0             0             0             0
  -2.05123             0            0             0             0             0             0
  -2.04993             0            0             0             0             0             0
  -2.04863             0            0             0             0             0             0
  -2.04733             0            0             0             0             0             0
  -2.04603             0            0             0             0             0             0
  -2.04473             0            0             0             0             0             0
  -2.04343             0            0             0             0             0             0
  -2.04213             0            0             0             0             0             0
  -2.04082             0            0             0             0             0             0
  -2.03952             0            0             0             0             0             0
  -2.03822             0            0             0             0             0             0
  -2.03692             0            0             0             0             0             0
  -2.03562             0            0             0             0             0             0
  -2.03432             0            0             0             0             0             0
  -2.03302             0            0             0             0             0             0
  -2.03172             0            0             0             0             0             0
  -2.03042             0            0             0             0             0             0
  -2.02911             0            0             0             0             0             0
  -2.02781             0            0             0             0             0             0
  -2.02651             0            0             0             0             0             0
  -2.02521             0            0             0             0             0             0
  -2.02391             0            0             0             0             0             0
  -2.02261             0            0             0             0             0             0
  -2.02131             0            0             0             0             0             0
  -2.02001             0            0             0             0             0             0
  -2.01871             0            0             0             0             0             0
  -2.01741             0            0             0             0             0             0
   -2.0161             0            0             0             0             0             0
   -2.0148             0            0             0             0             0             0
   -2.0135             0            0             0             0             0             0
   -2.0122             0            0             0             0             0             0
   -2.0109             0            0             0             0             0             0
   -2.0096             0            0             0             0             0             0
   -2.0083             0            0             0             0             0             0
    -2.007             0            0             0             0             0             0
   -2.0057             0            0             0             0             0             0
   -2.0044             0            0             0             0             0             0
  -2.00309             0            0             0             0             0             0
  -2.00179             0            0             0             0             0             0
  -2.00049             0            0             0             0             0             0
  -1.99919             0            0             0             0             0             0
  -1.99789             0            0             0             0             0             0
  -1.99659             0            0             0             0             0             0
  -1.99529             0            0             0             0             0             0
  -1.99399             0            0             0             0             0             0
  -1.99269             0            0             0             0             0             0
  -1.99138             0            0             0             0             0             0
  -1.99008             0            0             0             0             0             0
  -1.98878             0            0             0             0             0             0
  -1.98748             0            0             0             0             0             0
  -1.98618             0            0             0             0             0             0
  -1.98488             0            0             0             0             0             0
  -1.98358             0            0             0             0             0             0
  -1.98228             0            0             0             0             0             0
  -1.98098             0            0             0             0             0             0
  -1.97968             0            0             0             0             0             0
  -1.97837             0            0             0             0             0             0
  -1.97707             0            0             0             0             0             0
  -1.97577             0            0             0             0             0             0
  -1.97447             0            0             0             0             0             0
  -1.97317             0            0             0             0             0             0
  -1.97187             0            0             0             0             0             0
  -1.97057             0            0             0             0             0             0
  -1.96927             0            0             0             0             0             0
  -1.96797             0            0             0             0             0             0
  -1.96667             0            0             0             0             0             0
  -1.96536             0            0             0             0             0             0
  -1.96406             0            0             0             0             0             0
  -1.96276             0            0             0             0             0             0
  -1.96146             0            0             0             0             0             0
  -1.96016             0            0             0             0             0             0
  -1.95886             0            0             0             0             0             0
  -1.95756             0            0             0             0             0             0
  -1.95626             0            0             0             0             0             0
  -1.95496             0            0             0             0             0             0
  -1.95365             0            0             0             0             0             0
  -1.95235             0            0             0             0             0             0
  -1.95105             0            0             0             0             0             0
  -1.94975             0            0             0             0             0             0
  -1.94845             0            0             0             0             0             0
  -1.94715             0            0             0             0             0             0
  -1.94585             0            0             0             0             0             0
  -1.94455             0            0             0             0             0             0
  -1.94325             0            0             0             0             0             0
  -1.94195             0            0             0             0             0             0
  -1.94064             0            0             0             0             0             0
  -1.93934             0            0             0             0             0             0
  -1.93804             0            0             0             0             0             0
  -1.93674             0            0             0             0             0             0
  -1.93544             0            0             0             0             0             0
  -1.93414             0            0             0             0             0             0
  -1.93284             0            0             0             0             0             0
  -1.93154             0            0             0             0             0             0
  -1.93024             0            0             0             0             0             0
  -1.92894             0            0             0             0             0             0
  -1.92763             0            0             0             0             0             0
  -1.92633             0            0             0             0             0             0
  -1.92503             0            0             0             0             0             0
  -1.92373             0            0             0             0             0             0
  -1.92243             0            0             0             0             0             0
  -1.92113             0            0             0             0             0             0
  -1.91983             0            0             0             0             0             0
  -1.91853             0            0             0             0             0             0
  -1.91723             0            0             0             0             0             0
  -1.91593             0            0             0             0             0             0
  -1.91462             0            0             0             0             0             0
  -1.91332             0            0             0             0             0             0
  -1.91202             0            0             0             0             0             0
  -1.91072             0            0             0             0             0             0
  -1.90942             0            0             0             0             0             0
  -1.90812             0            0             0             0             0             0
  -1.90682             0            0             0             0             0             0
  -1.90552             0            0             0             0             0             0
  -1.90422             0            0             0             0             0             0
  -1.90291             0            0             0             0             0             0
  -1.90161             0            0             0             0             0             0
  -1.90031             0            0             0             0             0             0
  -1.89901             0            0             0             0             0             0
  -1.89771             0            0             0             0             0             0
  -1.89641             0            0             0             0             0             0
  -1.89511             0            0             0             0             0             0
  -1.89381             0            0             0             0             0             0
  -1.89251             0            0             0             0             0             0
  -1.89121             0            0             0             0             0             0
   -1.8899             0            0             0             0             0             0
   -1.8886             0            0             0             0             0             0
   -1.8873             0            0             0             0             0             0
    -1.886             0            0             0             0             0             0
   -1.8847             0            0             0             0             0             0
   -1.8834             0            0             0             0             0             0
   -1.8821             0            0             0             0             0             0
   -1.8808             0            0             0             0             0             0
   -1.8795             0            0             0             0             0             0
   -1.8782             0            0             0             0             0             0
  -1.87689             0            0             0             0             0             0
  -1.87559             0            0             0             0             0             0
  -1.87429             0            0             0             0             0             0
  -1.87299             0            0             0             0             0             0
  -1.87169             0            0             0             0             0             0
  -1.87039             0            0             0             0             0             0
  -1.86909             0            0             0             0             0             0
  -1.86779             0            0             0             0             0             0
  -1.86649             0            0             0             0             0             0
  -1.86518             0            0             0             0             0             0
  -1.86388             0            0             0             0             0             0
  -1.86258             0            0             0             0             0             0
  -1.86128             0            0             0             0             0             0
  -1.85998             0            0             0             0             0             0
  -1.85868             0            0             0             0             0             0
  -1.85738             0            0             0             0             0             0
  -1.85608             0            0             0             0             0             0
  -1.85478             0            0             0             0             0             0
  -1.85348    3.82892e-08   3.82892e-08    3.82892e-08    3.82892e-08    3.82892e-08    3.82892e-08
  -1.85217    7.59942e-08   7.59942e-08    7.59942e-08    7.59942e-08    7.59942e-08    7.59942e-08
  -1.85087    1.26678e-07   1.26678e-07    1.26678e-07    1.26678e-07    1.26678e-07    1.26678e-07
  -1.84957    1.89902e-07   1.89902e-07    1.89902e-07    1.89902e-07    1.89902e-07    1.89902e-07
  -1.84827    2.65233e-07   2.65233e-07    2.65233e-07    2.65233e-07    2.65233e-07    2.65233e-07
  -1.84697    3.5225e-07   3.5225e-07    3.5225e-07    3.5225e-07    3.5225e-07    3.5225e-07
  -1.84567    4.50541e-07   4.50541e-07    4.50541e-07    4.50541e-07    4.50541e-07    4.50541e-07
  -1.84437     5.597e-07    5.597e-07     5.597e-07     5.597e-07     5.597e-07     5.597e-07
  -1.84307    6.79333e-07   6.79333e-07    6.79333e-07    6.79333e-07    6.79333e-07    6.79333e-07
  -1.84177    8.09057e-07   8.09057e-07    8.09057e-07    8.09057e-07    8.09057e-07    8.09057e-07
  -1.84047    9.48495e-07   9.48495e-07    9.48495e-07    9.48495e-07    9.48495e-07    9.48495e-07
  -1.83916    1.09728e-06   1.09728e-06    1.09728e-06    1.09728e-06    1.09728e-06    1.09728e-06
  -1.83786    1.25506e-06   1.25506e-06    1.25506e-06    1.25506e-06    1.25506e-06    1.25506e-06
  -1.83656    1.42149e-06   1.42149e-06    1.42149e-06    1.42149e-06    1.42149e-06    1.42149e-06
  -1.83526    1.59624e-06   1.59624e-06    1.59624e-06    1.59624e-06    1.59624e-06    1.59624e-06
  -1.83396    1.77898e-06   1.77898e-06    1.77898e-06    1.77898e-06    1.77898e-06    1.77898e-06
  -1.83266    1.96939e-06   1.96939e-06    1.96939e-06    1.96939e-06    1.96939e-06    1.96939e-06
  -1.83136    2.16718e-06   2.16718e-06    2.16718e-06    2.16718e-06    2.16718e-06    2.16718e-06
  -1.83006    2.37205e-06   2.37205e-06    2.37205e-06    2.37205e-06    2.37205e-06    2.37205e-06
  -1.82876    2.58373e-06   2.58373e-06    2.58373e-06    2.58373e-06    2.58373e-06    2.58373e-06
  -1.82746    2.80194e-06   2.80194e-06    2.80194e-06    2.80194e-06    2.80194e-06    2.80194e-06
  -1.82615    3.02643e-06   3.02643e-06    3.02643e-06    3.02643e-06    3.02643e-06    3.02643e-06
  -1.82485    3.25696e-06   3.25696e-06    3.25696e-06    3.25696e-06    3.25696e-06    3.25696e-06
  -1.82355    3.49328e-06   3.49328e-06    3.49328e-06    3.49328e-06    3.49328e-06    3.49328e-06
  -1.82225    3.73519e-06   3.73519e-06    3.73519e-06    3.73519e-06    3.73519e-06    3.73519e-06
  -1.82095    3.98246e-06   3.98246e-06    3.98246e-06    3.98246e-06    3.98246e-06    3.98246e-06
  -1.81965    4.23491e-06   4.23491e-06    4.23491e-06    4.23491e-06    4.23491e-06    4.23491e-06
  -1.81835    4.49236e-06   4.49236e-06    4.49236e-06    4.49236e-06    4.49236e-06    4.49236e-06
  -1.81705    4.75462e-06   4.75462e-06    4.75462e-06    4.75462e-06    4.75462e-06    4.75462e-06
  -1.81575    5.02155e-06   5.02155e-06    5.02155e-06    5.02155e-06    5.02155e-06    5.02155e-06
  -1.81444    5.29301e-06   5.29301e-06    5.29301e-06    5.29301e-06    5.29301e-06    5.29301e-06
  -1.81314    5.56885e-06   5.56885e-06    5.56885e-06    5.56885e-06    5.56885e-06    5.56885e-06
  -1.81184    5.84897e-06   5.84897e-06    5.84897e-06    5.84897e-06    5.84897e-06    5.84897e-06
  -1.81054    6.13326e-06   6.13326e-06    6.13326e-06    6.13326e-06    6.13326e-06    6.13326e-06
  -1.80924    6.42164e-06   6.42164e-06    6.42164e-06    6.42164e-06    6.42164e-06    6.42164e-06
  -1.80794    6.71403e-06   6.71403e-06    6.71403e-06    6.71403e-06    6.71403e-06    6.71403e-06
  -1.80664    7.01038e-06   7.01038e-06    7.01038e-06    7.01038e-06    7.01038e-06    7.01038e-06
  -1.80534    7.31063e-06   7.31063e-06    7.31063e-06    7.31063e-06    7.31063e-06    7.31063e-06
  -1.80404    7.61477e-06   7.61477e-06    7.61477e-06    7.61477e-06    7.61477e-06    7.61477e-06
  -1.80274    7.92278e-06   7.92278e-06    7.92278e-06    7.92278e-06    7.92278e-06    7.92278e-06
  -1.80143    8.23465e-06   8.23465e-06    8.23465e-06    8.23465e-06    8.23465e-06    8.23465e-06
  -1.80013    8.55042e-06   8.55042e-06    8.55042e-06    8.55042e-06    8.55042e-06    8.55042e-06
  -1.79883    8.87011e-06   8.87011e-06    8.87011e-06    8.87011e-06    8.87011e-06    8.87011e-06
  -1.79753    9.19377e-06   9.19377e-06    9.19377e-06    9.19377e-06    9.19377e-06    9.19377e-06
  -1.79623    9.52148e-06   9.52148e-06    9.52148e-06    9.52148e-06    9.52148e-06    9.52148e-06
  -1.79493    9.8533e-06   9.8533e-06    9.8533e-06    9.8533e-06    9.8533e-06    9.8533e-06
  -1.79363    1.01894e-05   1.01894e-05    1.01894e-05    1.01894e-05    1.01894e-05    1.01894e-05
  -1.79233    1.05298e-05   1.05298e-05    1.05298e-05    1.05298e-05    1.05298e-05    1.05298e-05
  -1.79103    1.08746e-05   1.08746e-05    1.08746e-05    1.08746e-05    1.08746e-05    1.08746e-05
  -1.78973    1.12241e-05   1.12241e-05    1.12241e-05    1.12241e-05    1.12241e-05    1.12241e-05
  -1.78842    1.15785e-05   1.15785e-05    1.15785e-05    1.15785e-05    1.15785e-05    1.15785e-05
  -1.78712    1.19378e-05   1.19378e-05    1.19378e-05    1.19378e-05    1.19378e-05    1.19378e-05
  -1.78582    1.23023e-05   1.23023e-05    1.23023e-05    1.23023e-05    1.23023e-05    1.23023e-05
  -1.78452    1.26722e-05   1.26722e-05    1.26722e-05    1.26722e-05    1.26722e-05    1.26722e-05
  -1.78322    1.30479e-05   1.30479e-05    1.30479e-05    1.30479e-05    1.30479e-05    1.30479e-05
  -1.78192    1.34294e-05   1.34294e-05    1.34294e-05    1.34294e-05    1.34294e-05    1.34294e-05
  -1.78062    1.38173e-05   1.38173e-05    1.38173e-05    1.38173e-05    1.38173e-05    1.38173e-05
  -1.77932    1.42116e-05   1.42116e-05    1.42116e-05    1.42116e-05    1.42116e-05    1.42116e-05
  -1.77802    1.46128e-05   1.46128e-05    1.46128e-05    1.46128e-05    1.46128e-05    1.46128e-05
  -1.77671    1.50212e-05   1.50212e-05    1.50212e-05    1.50212e-05    1.50212e-05    1.50212e-05
  -1.77541    1.54372e-05   1.54372e-05    1.54372e-05    1.54372e-05    1.54372e-05    1.54372e-05
  -1.77411    1.58612e-05   1.58612e-05    1.58612e-05    1.58612e-05    1.58612e-05    1.58612e-05
  -1.77281    1.62935e-05   1.62935e-05    1.62935e-05    1.62935e-05    1.62935e-05    1.62935e-05
  -1.77151    1.67346e-05   1.67346e-05    1.67346e-05    1.67346e-05    1.67346e-05    1.67346e-05
  -1.77021    1.7185e-05   1.7185e-05    1.7185e-05    1.7185e-05    1.7185e-05    1.7185e-05
  -1.76891    1.76452e-05   1.76452e-05    1.76452e-05    1.76452e-05    1.76452e-05    1.76452e-05
  -1.76761    1.81156e-05   1.81156e-05    1.81156e-05    1.81156e-05    1.81156e-05    1.81156e-05
  -1.76631    1.85967e-05   1.85967e-05    1.85967e-05    1.85967e-05    1.85967e-05    1.85967e-05
  -1.76501    1.90891e-05   1.90891e-05    1.90891e-05    1.90891e-05    1.90891e-05    1.90891e-05
   -1.7637    1.95935e-05   1.95935e-05    1.95935e-05    1.95935e-05    1.95935e-05    1.95935e-05
   -1.7624    2.01103e-05   2.01103e-05    2.01103e-05    2.01103e-05    2.01103e-05    2.01103e-05
   -1.7611    2.06401e-05   2.06401e-05    2.06401e-05    2.06401e-05    2.06401e-05    2.06401e-05
   -1.7598    2.11837e-05   2.11837e-05    2.11837e-05    2.11837e-05    2.11837e-05    2.11837e-05
   -1.7585    2.17417e-05   2.17417e-05    2.17417e-05    2.17417e-05    2.17417e-05    2.17417e-05
   -1.7572    2.23148e-05   2.23148e-05    2.23148e-05    2.23148e-05    2.23148e-05    2.23148e-05
   -1.7559    2.29037e-05   2.29037e-05    2.29037e-05    2.29037e-05    2.29037e-05    2.29037e-05
   -1.7546    2.35092e-05   2.35092e-05    2.35092e-05    2.35092e-05    2.35092e-05    2.35092e-05
   -1.7533    2.4132e-05   2.4132e-05    2.4132e-05    2.4132e-05    2.4132e-05    2.4132e-05
    -1.752    2.47728e-05   2.47728e-05    2.47728e-05    2.47728e-05    2.47728e-05    2.47728e-05
  -1.75069    2.54327e-05   2.54327e-05    2.54327e-05    2.54327e-05    2.54327e-05    2.54327e-05
  -1.74939    2.61123e-05   2.61123e-05    2.61123e-05    2.61123e-05    2.61123e-05    2.61123e-05
  -1.74809    2.68126e-05   2.68126e-05    2.68126e-05    2.68126e-05    2.68126e-05    2.68126e-05
  -1.74679    2.75345e-05   2.75345e-05    2.75345e-05    2.75345e-05    2.75345e-05    2.75345e-05
  -1.74549    2.82789e-05   2.82789e-05    2.82789e-05    2.82789e-05    2.82789e-05    2.82789e-05
  -1.74419    2.90469e-05   2.90469e-05    2.90469e-05    2.90469e-05    2.90469e-05    2.90469e-05
  -1.74289    2.98392e-05   2.98392e-05    2.98392e-05    2.98392e-05    2.98392e-05    2.98392e-05
  -1.74159    3.06572e-05   3.06572e-05    3.06572e-05    3.06572e-05    3.06572e-05    3.06572e-05
  -1.74029    3.15016e-05   3.15016e-05    3.15016e-05    3.15016e-05    3.15016e-05    3.15016e-05
  -1.73899    3.23738e-05   3.23738e-05    3.23738e-05    3.23738e-05    3.23738e-05    3.23738e-05
  -1.73768    3.32747e-05   3.32747e-05    3.32747e-05    3.32747e-05    3.32747e-05    3.32747e-05
  -1.73638    3.42055e-05   3.42055e-05    3.42055e-05    3.42055e-05    3.42055e-05    3.42055e-05
  -1.73508    3.51674e-05   3.51674e-05    3.51674e-05    3.51674e-05    3.51674e-05    3.51674e-05
  -1.73378    3.61616e-05   3.61616e-05    3.61616e-05    3.61616e-05    3.61616e-05    3.61616e-05
  -1.73248    3.71894e-05   3.71894e-05    3.71894e-05    3.71894e-05    3.71894e-05    3.71894e-05
  -1.73118    3.8252e-05   3.8252e-05    3.8252e-05    3.8252e-05    3.8252e-05    3.8252e-05
  -1.72988    3.93508e-05   3.93508e-05    3.93508e-05    3.93508e-05    3.93508e-05    3.93508e-05
  -1.72858    4.04871e-05   4.04871e-05    4.04871e-05    4.04871e-05    4.04871e-05    4.04871e-05
  -1.72728    4.16623e-05   4.16623e-05    4.16623e-05    4.16623e-05    4.16623e-05    4.16623e-05
  -1.72597    4.28777e-05   4.28777e-05    4.28777e-05    4.28777e-05    4.28777e-05    4.28777e-05
  -1.72467    4.41349e-05   4.41349e-05    4.41349e-05    4.41349e-05    4.41349e-05    4.41349e-05
  -1.72337    4.54354e-05   4.54354e-05    4.54354e-05    4.54354e-05    4.54354e-05    4.54354e-05
  -1.72207    4.67805e-05   4.67805e-05    4.67805e-05    4.67805e-05    4.67805e-05    4.67805e-05
  -1.72077    4.81721e-05   4.81721e-05    4.81721e-05    4.81721e-05    4.81721e-05    4.81721e-05
  -1.71947    4.96115e-05   4.96115e-05    4.96115e-05    4.96115e-05    4.96115e-05    4.96115e-05
  -1.71817    5.11005e-05   5.11005e-05    5.11005e-05    5.11005e-05    5.11005e-05    5.11005e-05
  -1.71687    5.26407e-05   5.26407e-05    5.26407e-05    5.26407e-05    5.26407e-05    5.26407e-05
  -1.71557    5.42339e-05   5.42339e-05    5.42339e-05    5.42339e-05    5.42339e-05    5.42339e-05
  -1.71427    5.58817e-05   5.58817e-05    5.58817e-05    5.58817e-05    5.58817e-05    5.58817e-05
  -1.71296    5.7586e-05   5.7586e-05    5.7586e-05    5.7586e-05    5.7586e-05    5.7586e-05
  -1.71166    5.93487e-05   5.93487e-05    5.93487e-05    5.93487e-05    5.93487e-05    5.93487e-05
  -1.71036    6.11715e-05   6.11715e-05    6.11715e-05    6.11715e-05    6.11715e-05    6.11715e-05
  -1.70906    6.30565e-05   6.30565e-05    6.30565e-05    6.30565e-05    6.30565e-05    6.30565e-05
  -1.70776    6.50055e-05   6.50055e-05    6.50055e-05    6.50055e-05    6.50055e-05    6.50055e-05
  -1.70646    6.70205e-05   6.70205e-05    6.70205e-05    6.70205e-05    6.70205e-05    6.70205e-05
  -1.70516    6.91037e-05   6.91037e-05    6.91037e-05    6.91037e-05    6.91037e-05    6.91037e-05
  -1.70386    7.12571e-05   7.12571e-05    7.12571e-05    7.12571e-05    7.12571e-05    7.12571e-05
  -1.70256    7.34827e-05   7.34827e-05    7.34827e-05    7.34827e-05    7.34827e-05    7.34827e-05
  -1.70126    7.57829e-05   7.57829e-05    7.57829e-05    7.57829e-05    7.57829e-05    7.57829e-05
  -1.69995    7.81597e-05   7.81597e-05    7.81597e-05    7.81597e-05    7.81597e-05    7.81597e-05
  -1.69865    8.06156e-05   8.06156e-05    8.06156e-05    8.06156e-05    8.06156e-05    8.06156e-05
  -1.69735    8.31527e-05   8.31527e-05    8.31527e-05    8.31527e-05    8.31527e-05    8.31527e-05
  -1.69605    8.57735e-05   8.57735e-05    8.57735e-05    8.57735e-05    8.57735e-05    8.57735e-05
  -1.69475    8.84803e-05   8.84803e-05    8.84803e-05    8.84803e-05    8.84803e-05    8.84803e-05
  -1.69345    9.12756e-05   9.12756e-05    9.12756e-05    9.12756e-05    9.12756e-05    9.12756e-05
  -1.69215    9.41619e-05   9.41619e-05    9.41619e-05    9.41619e-05    9.41619e-05    9.41619e-05
  -1.69085    9.71418e-05   9.71418e-05    9.71418e-05    9.71418e-05    9.71418e-05    9.71418e-05
  -1.68955    0.000100218   0.000100218    0.000100218    0.000100218    0.000100218    0.000100218
  -1.68824    0.000103393   0.000103393    0.000103393    0.000103393    0.000103393    0.000103393
  -1.68694    0.000106669   0.000106669    0.000106669    0.000106669    0.000106669    0.000106669
  -1.68564    0.00011005   0.00011005    0.00011005    0.00011005    0.00011005    0.00011005
  -1.68434    0.000113537   0.000113537    0.000113537    0.000113537    0.000113537    0.000113537
  -1.68304    0.000117135   0.000117135    0.000117135    0.000117135    0.000117135    0.000117135
  -1.68174    0.000120845   0.000120845    0.000120845    0.000120845    0.000120845    0.000120845
  -1.68044    0.000124672   0.000124672    0.000124672    0.000124672    0.000124672    0.000124672
  -1.67914    0.000128617   0.000128617    0.000128617    0.000128617    0.000128617    0.000128617
  -1.67784    0.000132684   0.000132684    0.000132684    0.000132684    0.000132684    0.000132684
  -1.67654    0.000136876   0.000136876    0.000136876    0.000136876    0.000136876    0.000136876
  -1.67523    0.000141196   0.000141196    0.000141196    0.000141196    0.000141196    0.000141196
  -1.67393    0.000145648   0.000145648    0.000145648    0.000145648    0.000145648    0.000145648
  -1.67263    0.000150235   0.000150235    0.000150235    0.000150235    0.000150235    0.000150235
  -1.67133    0.00015496   0.00015496    0.00015496    0.00015496    0.00015496    0.00015496
  -1.67003    0.000159826   0.000159826    0.000159826    0.000159826    0.000159826    0.000159826
  -1.66873    0.000164838   0.000164838    0.000164838    0.000164838    0.000164838    0.000164838
  -1.66743    0.000169998   0.000169998    0.000169998    0.000169998    0.000169998    0.000169998
  -1.66613    0.000175311   0.000175311    0.000175311    0.000175311    0.000175311    0.000175311
  -1.66483    0.000180779   0.000180779    0.000180779    0.000180779    0.000180779    0.000180779
  -1.66353    0.000186407   0.000186407    0.000186407    0.000186407    0.000186407    0.000186407
  -1.66222    0.000192199   0.000192199    0.000192199    0.000192199    0.000192199    0.000192199
  -1.66092    0.000198158   0.000198158    0.000198158    0.000198158    0.000198158    0.000198158
  -1.65962    0.000204288   0.000204288    0.000204288    0.000204288    0.000204288    0.000204288
  -1.65832    0.000210594   0.000210594    0.000210594    0.000210594    0.000210594    0.000210594
  -1.65702    0.000217079   0.000217079    0.000217079    0.000217079    0.000217079    0.000217079
  -1.65572    0.000223748   0.000223748    0.000223748    0.000223748    0.000223748    0.000223748
  -1.65442    0.000230604   0.000230604    0.000230604    0.000230604    0.000230604    0.000230604
  -1.65312    0.000237652   0.000237652    0.000237652    0.000237652    0.000237652    0.000237652
  -1.65182    0.000244897   0.000244897    0.000244897    0.000244897    0.000244897    0.000244897
  -1.65051    0.000252342   0.000252342    0.000252342    0.000252342    0.000252342    0.000252342
  -1.64921    0.000259993   0.000259993    0.000259993    0.000259993    0.000259993    0.000259993
  -1.64791    0.000267854   0.000267854    0.000267854    0.000267854    0.000267854    0.000267854
  -1.64661    0.000258703   0.000258703    0.000258703    0.000258703    0.000258703    0.000258703
  -1.64531    0.000266085   0.000266085    0.000266085    0.000266085    0.000266085    0.000266085
  -1.64401    0.000273678   0.000273678    0.000273678    0.000273678    0.000273678    0.000273678
  -1.64271    0.000281488   0.000281488    0.000281488    0.000281488    0.000281488    0.000281488
  -1.64141    0.00028952   0.00028952    0.00028952    0.00028952    0.00028952    0.00028952
  -1.64011    0.000297778   0.000297778    0.000297778    0.000297778    0.000297778    0.000297778
  -1.63881    0.000306268   0.000306268    0.000306268    0.000306268    0.000306268    0.000306268
   -1.6375    0.000314995   0.000314995    0.000314995    0.000314995    0.000314995    0.000314995
   -1.6362    0.000323964   0.000323964    0.000323964    0.000323964    0.000323964    0.000323964
   -1.6349    0.00033318   0.00033318    0.00033318    0.00033318    0.00033318    0.00033318
   -1.6336    0.000342648   0.000342648    0.000342648    0.000342648    0.000342648    0.000342648
   -1.6323    0.000352375   0.000352375    0.000352375    0.000352375    0.000352375    0.000352375
    -1.631    0.000362365   0.000362365    0.000362365    0.000362365    0.000362365    0.000362365
   -1.6297    0.000372623   0.000372623    0.000372623    0.000372623    0.000372623    0.000372623
   -1.6284    0.000383156   0.000383156    0.000383156    0.000383156    0.000383156    0.000383156
   -1.6271    0.000393968   0.000393968    0.000393968    0.000393968    0.000393968    0.000393968
   -1.6258    0.000405066   0.000405066    0.000405066    0.000405066    0.000405066    0.000405066
  -1.62449    0.000416454   0.000416454    0.000416454    0.000416454    0.000416454    0.000416454
  -1.62319    0.000428139   0.000428139    0.000428139    0.000428139    0.000428139    0.000428139
  -1.62189    0.000440127   0.000440127    0.000440127    0.000440127    0.000440127    0.000440127
  -1.62059    0.000452423   0.000452423    0.000452423    0.000452423    0.000452423    0.000452423
  -1.61929    0.000465032   0.000465032    0.000465032    0.000465032    0.000465032    0.000465032
  -1.61799    0.000477961   0.000477961    0.000477961    0.000477961    0.000477961    0.000477961
  -1.61669    0.000491216   0.000491216    0.000491216    0.000491216    0.000491216    0.000491216
  -1.61539    0.000504803   0.000504803    0.000504803    0.000504803    0.000504803    0.000504803
  -1.61409    0.000518727   0.000518727    0.000518727    0.000518727    0.000518727    0.000518727
  -1.61279    0.000532995   0.000532995    0.000532995    0.000532995    0.000532995    0.000532995
  -1.61148    0.000547613   0.000547613    0.000547613    0.000547613    0.000547613    0.000547613
  -1.61018    0.000562588   0.000562588    0.000562588    0.000562588    0.000562588    0.000562588
  -1.60888    0.000577924   0.000577924    0.000577924    0.000577924    0.000577924    0.000577924
  -1.60758    0.000593629   0.000593629    0.000593629    0.000593629    0.000593629    0.000593629
  -1.60628    0.000609709   0.000609709    0.000609709    0.000609709    0.000609709    0.000609709
  -1.60498    0.000626171   0.000626171    0.000626171    0.000626171    0.000626171    0.000626171
  -1.60368    0.000643021   0.000643021    0.000643021    0.000643021    0.000643021    0.000643021
  -1.60238    0.000660265   0.000660265    0.000660265    0.000660265    0.000660265    0.000660265
  -1.60108    0.000677909   0.000677909    0.000677909    0.000677909    0.000677909    0.000677909
  -1.59977    0.000695962   0.000695962    0.000695962    0.000695962    0.000695962    0.000695962
  -1.59847    0.000714429   0.000714429    0.000714429    0.000714429    0.000714429    0.000714429
  -1.59717    0.000733317   0.000733317    0.000733317    0.000733317    0.000733317    0.000733317
  -1.59587    0.000752632   0.000752632    0.000752632    0.000752632    0.000752632    0.000752632
  -1.59457    0.000772383   0.000772383    0.000772383    0.000772383    0.000772383    0.000772383
  -1.59327    0.000792575   0.000792575    0.000792575    0.000792575    0.000792575    0.000792575
  -1.59197    0.000813216   0.000813216    0.000813216    0.000813216    0.000813216    0.000813216
  -1.59067    0.000834313   0.000834313    0.000834313    0.000834313    0.000834313    0.000834313
  -1.58937    0.000855872   0.000855872    0.000855872    0.000855872    0.000855872    0.000855872
  -1.58807    0.000877902   0.000877902    0.000877902    0.000877902    0.000877902    0.000877902
  -1.58676    0.000900409   0.000900409    0.000900409    0.000900409    0.000900409    0.000900409
  -1.58546     0.0009234    0.0009234     0.0009234     0.0009234     0.0009234     0.0009234
  -1.58416    0.000946884   0.000946884    0.000946884    0.000946884    0.000946884    0.000946884
  -1.58286    0.000970867   0.000970867    0.000970867    0.000970867    0.000970867    0.000970867
  -1.58156    0.000995358   0.000995358    0.000995358    0.000995358    0.000995358    0.000995358
  -1.58026    0.00102036   0.00102036    0.00102036    0.00102036    0.00102036    0.00102036
  -1.57896    0.00104589   0.00104589    0.00104589    0.00104589    0.00104589    0.00104589
  -1.57766    0.00107195   0.00107195    0.00107195    0.00107195    0.00107195    0.00107195
  -1.57636    0.00109854   0.00109854    0.00109854    0.00109854    0.00109854    0.00109854
  -1.57506    0.00112569   0.00112569    0.00112569    0.00112569    0.00112569    0.00112569
  -1.57375    0.00115338   0.00115338    0.00115338    0.00115338    0.00115338    0.00115338
  -1.57245    0.00118164   0.00118164    0.00118164    0.00118164    0.00118164    0.00118164
  -1.57115    0.00121047   0.00121047    0.00121047    0.00121047    0.00121047    0.00121047
  -1.56985    0.00123987   0.00123987    0.00123987    0.00123987    0.00123987    0.00123987
  -1.56855    0.00126986   0.00126986    0.00126986    0.00126986    0.00126986    0.00126986
  -1.56725    0.00130045   0.00130045    0.00130045    0.00130045    0.00130045    0.00130045
  -1.56595    0.00133164   0.00133164    0.00133164    0.00133164    0.00133164    0.00133164
  -1.56465    0.00136344   0.00136344    0.00136344    0.00136344    0.00136344    0.00136344
  -1.56335    0.00139587   0.00139587    0.00139587    0.00139587    0.00139587    0.00139587
  -1.56204    0.00142892   0.00142892    0.00142892    0.00142892    0.00142892    0.00142892
  -1.56074    0.00146261   0.00146261    0.00146261    0.00146261    0.00146261    0.00146261
  -1.55944    0.00149695   0.00149695    0.00149695    0.00149695    0.00149695    0.00149695
  -1.55814    0.00153195   0.00153195    0.00153195    0.00153195    0.00153195    0.00153195
  -1.55684    0.00156761   0.00156761    0.00156761    0.00156761    0.00156761    0.00156761
  -1.55554    0.00160394   0.00160394    0.00160394    0.00160394    0.00160394    0.00160394
  -1.55424    0.00164096   0.00164096    0.00164096    0.00164096    0.00164096    0.00164096
  -1.55294    0.00167867   0.00167867    0.00167867    0.00167867    0.00167867    0.00167867
  -1.55164    0.00171709   0.00171709    0.00171709    0.00171709    0.00171709    0.00171709
  -1.55034    0.00175621   0.00175621    0.00175621    0.00175621    0.00175621    0.00175621
  -1.54903    0.00179606   0.00179606    0.00179606    0.00179606    0.00179606    0.00179606
  -1.54773    0.00183664   0.00183664    0.00183664    0.00183664    0.00183664    0.00183664
  -1.54643    0.00187796   0.00187796    0.00187796    0.00187796    0.00187796    0.00187796
  -1.54513    0.00192004   0.00192004    0.00192004    0.00192004    0.00192004    0.00192004
  -1.54383    0.00196287   0.00196287    0.00196287    0.00196287    0.00196287    0.00196287
  -1.54253    0.00200648   0.00200648    0.00200648    0.00200648    0.00200648    0.00200648
  -1.54123    0.00205087   0.00205087    0.00205087    0.00205087    0.00205087    0.00205087
  -1.53993    0.00209606   0.00209606    0.00209606    0.00209606    0.00209606    0.00209606
  -1.53863    0.00214204   0.00214204    0.00214204    0.00214204    0.00214204    0.00214204
  -1.53733    0.00218884   0.00218884    0.00218884    0.00218884    0.00218884    0.00218884
  -1.53602    0.00223647   0.00223647    0.00223647    0.00223647    0.00223647    0.00223647
  -1.53472    0.00228493   0.00228493    0.00228493    0.00228493    0.00228493    0.00228493
  -1.53342    0.00233424   0.00233424    0.00233424    0.00233424    0.00233424    0.00233424
  -1.53212    0.00238441   0.00238441    0.00238441    0.00238441    0.00238441    0.00238441
  -1.53082    0.00243545   0.00243545    0.00243545    0.00243545    0.00243545    0.00243545
  -1.52952    0.00248737   0.00248737    0.00248737    0.00248737    0.00248737    0.00248737
  -1.52822    0.00254018   0.00254018    0.00254018    0.00254018    0.00254018    0.00254018
  -1.52692    0.00259389   0.00259389    0.00259389    0.00259389    0.00259389    0.00259389
  -1.52562    0.00264852   0.00264852    0.00264852    0.00264852    0.00264852    0.00264852
  -1.52432    0.00270408   0.00270408    0.00270408    0.00270408    0.00270408    0.00270408
  -1.52301    0.00276058   0.00276058    0.00276058    0.00276058    0.00276058    0.00276058
  -1.52171    0.00281803   0.00281803    0.00281803    0.00281803    0.00281803    0.00281803
  -1.52041    0.00287645   0.00287645    0.00287645    0.00287645    0.00287645    0.00287645
  -1.51911    0.00293584   0.00293584    0.00293584    0.00293584    0.00293584    0.00293584
  -1.51781    0.00299622   0.00299622    0.00299622    0.00299622    0.00299622    0.00299622
  -1.51651     0.0030576    0.0030576     0.0030576     0.0030576     0.0030576     0.0030576
  -1.51521       0.00312      0.00312       0.00312       0.00312       0.00312       0.00312
  -1.51391    0.00318343   0.00318343    0.00318343    0.00318343    0.00318343    0.00318343
  -1.51261     0.0032479    0.0032479     0.0032479     0.0032479     0.0032479     0.0032479
   -1.5113    0.00331343   0.00331343    0.00331343    0.00331343    0.00331343    0.00331343
     -1.51    0.00338002   0.00338002    0.00338002    0.00338002    0.00338002    0.00338002
   -1.5087     0.0034477    0.0034477     0.0034477     0.0034477     0.0034477     0.0034477
   -1.5074    0.00351647   0.00351647    0.00351647    0.00351647    0.00351647    0.00351647
   -1.5061    0.00358635   0.00358635    0.00358635    0.00358635    0.00358635    0.00358635
   -1.5048    0.00365735   0.00365735    0.00365735    0.00365735    0.00365735    0.00365735
   -1.5035     0.0037295    0.0037295     0.0037295     0.0037295     0.0037295     0.0037295
   -1.5022    0.00380279   0.00380279    0.00380279    0.00380279    0.00380279    0.00380279
   -1.5009    0.00387726   0.00387726    0.00387726    0.00387726    0.00387726    0.00387726
   -1.4996     0.0039529    0.0039529     0.0039529     0.0039529     0.0039529     0.0039529
  -1.49829    0.00402974   0.00402974    0.00402974    0.00402974    0.00402974    0.00402974
  -1.49699     0.0041078    0.0041078     0.0041078     0.0041078     0.0041078     0.0041078
  -1.49569    0.00418708   0.00418708    0.00418708    0.00418708    0.00418708    0.00418708
  -1.49439     0.0042676    0.0042676     0.0042676     0.0042676     0.0042676     0.0042676
  -1.49309    0.00434938   0.00434938    0.00434938    0.00434938    0.00434938    0.00434938
  -1.49179    0.00443243   0.00443243    0.00443243    0.00443243    0.00443243    0.00443243
  -1.49049    0.00451678   0.00451678    0.00451678    0.00451678    0.00451678    0.00451678
  -1.48919    0.00460243   0.00460243    0.00460243    0.00460243    0.00460243    0.00460243
  -1.48789     0.0046894    0.0046894     0.0046894     0.0046894     0.0046894     0.0046894
  -1.48659    0.00477771   0.00477771    0.00477771    0.00477771    0.00477771    0.00477771
  -1.48528    0.00486737   0.00486737    0.00486737    0.00486737    0.00486737    0.00486737
  -1.48398     0.0049584    0.0049584     0.0049584     0.0049584     0.0049584     0.0049584
  -1.48268    0.00505083   0.00505083    0.00505083    0.00505083    0.00505083    0.00505083
  -1.48138    0.00514466   0.00514466    0.00514466    0.00514466    0.00514466    0.00514466
  -1.48008    0.00523991   0.00523991    0.00523991    0.00523991    0.00523991    0.00523991
  -1.47878     0.0053366    0.0053366     0.0053366     0.0053366     0.0053366     0.0053366
  -1.47748    0.00543475   0.00543475    0.00543475    0.00543475    0.00543475    0.00543475
  -1.47618    0.00553437   0.00553437    0.00553437    0.00553437    0.00553437    0.00553437
  -1.47488    0.00563548   0.00563548    0.00563548    0.00563548    0.00563548    0.00563548
  -1.47357    0.00573811   0.00573811    0.00573811    0.00573811    0.00573811    0.00573811
  -1.47227    0.00584227   0.00584227    0.00584227    0.00584227    0.00584227    0.00584227
  -1.47097    0.00594797   0.00594797    0.00594797    0.00594797    0.00594797    0.00594797
  -1.46967    0.00605525   0.00605525    0.00605525    0.00605525    0.00605525    0.00605525
  -1.46837     0.0061641    0.0061641     0.0061641     0.0061641     0.0061641     0.0061641
  -1.46707    0.00627457   0.00627457    0.00627457    0.00627457    0.00627457    0.00627457
  -1.46577    0.00638665   0.00638665    0.00638665    0.00638665    0.00638665    0.00638665
  -1.46447    0.00650038   0.00650038    0.00650038    0.00650038    0.00650038    0.00650038
  -1.46317    0.00661577   0.00661577    0.00661577    0.00661577    0.00661577    0.00661577
  -1.46187    0.00673284   0.00673284    0.00673284    0.00673284    0.00673284    0.00673284
  -1.46056    0.00685162   0.00685162    0.00685162    0.00685162    0.00685162    0.00685162
  -1.45926    0.00697212   0.00697212    0.00697212    0.00697212    0.00697212    0.00697212
  -1.45796    0.00709436   0.00709436    0.00709436    0.00709436    0.00709436    0.00709436
  -1.45666    0.00721836   0.00721836    0.00721836    0.00721836    0.00721836    0.00721836
  -1.45536    0.00734415   0.00734415    0.00734415    0.00734415    0.00734415    0.00734415
  -1.45406    0.00747174   0.00747174    0.00747174    0.00747174    0.00747174    0.00747174
  -1.45276    0.00760116   0.00760116    0.00760116    0.00760116    0.00760116    0.00760116
  -1.45146    0.00773242   0.00773242    0.00773242    0.00773242    0.00773242    0.00773242
  -1.45016    0.00786555   0.00786555    0.00786555    0.00786555    0.00786555    0.00786555
  -1.44886    0.00800057   0.00800057    0.00800057    0.00800057    0.00800057    0.00800057
  -1.44755     0.0081375    0.0081375     0.0081375     0.0081375     0.0081375     0.0081375
  -1.44625    0.00827637   0.00827637    0.00827637    0.00827637    0.00827637    0.00827637
  -1.44495    0.00841719   0.00841719    0.00841719    0.00841719    0.00841719    0.00841719
  -1.44365    0.00855999   0.00855999    0.00855999    0.00855999    0.00855999    0.00855999
  -1.44235    0.00870478   0.00870478    0.00870478    0.00870478    0.00870478    0.00870478
  -1.44105     0.0088516    0.0088516     0.0088516     0.0088516     0.0088516     0.0088516
  -1.43975    0.00900047   0.00900047    0.00900047    0.00900047    0.00900047    0.00900047
  -1.43845     0.0091514    0.0091514     0.0091514     0.0091514     0.0091514     0.0091514
  -1.43715    0.00930443   0.00930443    0.00930443    0.00930443    0.00930443    0.00930443
  -1.43585    0.00945957   0.00945957    0.00945957    0.00945957    0.00945957    0.00945957
  -1.43454    0.00961684   0.00961684    0.00961684    0.00961684    0.00961684    0.00961684
  -1.43324    0.00977628   0.00977628    0.00977628    0.00977628    0.00977628    0.00977628
  -1.43194    0.00993791   0.00993791    0.00993791    0.00993791    0.00993791    0.00993791
  -1.43064     0.0101017    0.0101017     0.0101017     0.0101017     0.0101017     0.0101017
  -1.42934     0.0102678    0.0102678     0.0102678     0.0102678     0.0102678     0.0102678
  -1.42804     0.0104361    0.0104361     0.0104361     0.0104361     0.0104361     0.0104361
  -1.42674     0.0106067    0.0106067     0.0106067     0.0106067     0.0106067     0.0106067
  -1.42544     0.0107797    0.0107797     0.0107797     0.0107797     0.0107797     0.0107797
  -1.42414     0.0109549    0.0109549     0.0109549     0.0109549     0.0109549     0.0109549
  -1.42283     0.0111325    0.0111325     0.0111325     0.0111325     0.0111325     0.0111325
  -1.42153     0.0113125    0.0113125     0.0113125     0.0113125     0.0113125     0.0113125
  -1.42023     0.0114949    0.0114949     0.0114949     0.0114949     0.0114949     0.0114949
  -1.41893     0.0116797    0.0116797     0.0116797     0.0116797     0.0116797     0.0116797
  -1.41763      0.011867     0.011867      0.011867      0.011867      0.011867      0.011867
  -1.41633     0.0120568    0.0120568     0.0120568     0.0120568     0.0120568     0.0120568
  -1.41503     0.0122491    0.0122491     0.0122491     0.0122491     0.0122491     0.0122491
  -1.41373     0.0124439    0.0124439     0.0124439     0.0124439     0.0124439     0.0124439
  -1.41243     0.0126413    0.0126413     0.0126413     0.0126413     0.0126413     0.0126413
  -1.41113     0.0128412    0.0128412     0.0128412     0.0128412     0.0128412     0.0128412
  -1.40982     0.0130438    0.0130438     0.0130438     0.0130438     0.0130438     0.0130438
  -1.40852      0.013249     0.013249      0.013249      0.013249      0.013249      0.013249
  -1.40722     0.0134569    0.0134569     0.0134569     0.0134569     0.0134569     0.0134569
  -1.40592     0.0136675    0.0136675     0.0136675     0.0136675     0.0136675     0.0136675
  -1.40462     0.0138808    0.0138808     0.0138808     0.0138808     0.0138808     0.0138808
  -1.40332     0.0140969    0.0140969     0.0140969     0.0140969     0.0140969     0.0140969
  -1.40202     0.0143158    0.0143158     0.0143158     0.0143158     0.0143158     0.0143158
  -1.40072     0.0145374    0.0145374     0.0145374     0.0145374     0.0145374     0.0145374
  -1.39942     0.0147619    0.0147619     0.0147619     0.0147619     0.0147619     0.0147619
  -1.39812     0.0149893    0.0149893     0.0149893     0.0149893     0.0149893     0.0149893
  -1.39681     0.0152195    0.0152195     0.0152195     0.0152195     0.0152195     0.0152195
  -1.39551     0.0154526    0.0154526     0.0154526     0.0154526     0.0154526     0.0154526
  -1.39421     0.0156887    0.0156887     0.0156887     0.0156887     0.0156887     0.0156887
  -1.39291     0.0159278    0.0159278     0.0159278     0.0159278     0.0159278     0.0159278
  -1.39161     0.0161699    0.0161699     0.0161699     0.0161699     0.0161699     0.0161699
  -1.39031      0.016415     0.016415      0.016415      0.016415      0.016415      0.016415
  -1.38901     0.0166632    0.0166632     0.0166632     0.0166632     0.0166632     0.0166632
  -1.38771     0.0169145    0.0169145     0.0169145     0.0169145     0.0169145     0.0169145
  -1.38641     0.0171688    0.0171688     0.0171688     0.0171688     0.0171688     0.0171688
   -1.3851     0.0174264    0.0174264     0.0174264     0.0174264     0.0174264     0.0174264
   -1.3838     0.0176871    0.0176871     0.0176871     0.0176871     0.0176871     0.0176871
   -1.3825      0.017951     0.017951      0.017951      0.017951      0.017951      0.017951
   -1.3812     0.0182181    0.0182181     0.0182181     0.0182181     0.0182181     0.0182181
   -1.3799     0.0184885    0.0184885     0.0184885     0.0184885     0.0184885     0.0184885
   -1.3786     0.0187622    0.0187622     0.0187622     0.0187622     0.0187622     0.0187622
   -1.3773     0.0190393    0.0190393     0.0190393     0.0190393     0.0190393     0.0190393
    -1.376     0.0193197    0.0193197     0.0193197     0.0193197     0.0193197     0.0193197
   -1.3747     0.0196034    0.0196034     0.0196034     0.0196034     0.0196034     0.0196034
   -1.3734     0.0198906    0.0198906     0.0198906     0.0198906     0.0198906     0.0198906
  -1.37209     0.0201813    0.0201813     0.0201813     0.0201813     0.0201813     0.0201813
-1.37079     0.0204453    0.0204453     0.0204453     0.0204453     0.0204453     0.0204453
  -1.36949     0.0206957    0.0206957     0.0206957     0.0206957     0.0206957     0.0206957
  -1.36819     0.0209515    0.0209515     0.0209515     0.0209515     0.0209515     0.0209515
  -1.36689     0.0212127    0.0212127     0.0212127     0.0212127     0.0212127     0.0212127
  -1.36559     0.0214793    0.0214793     0.0214793     0.0214793     0.0214793     0.0214793
  -1.36429     0.0217513    0.0217513     0.0217513     0.0217513     0.0217513     0.0217513
  -1.36299     0.0220287    0.0220287     0.0220287     0.0220287     0.0220287     0.0220287
  -1.36169     0.0223116    0.0223116     0.0223116     0.0223116     0.0223116     0.0223116
  -1.36039     0.0225999    0.0225999     0.0225999     0.0225999     0.0225999     0.0225999
  -1.35908     0.0228937    0.0228937     0.0228937     0.0228937     0.0228937     0.0228937
  -1.35778     0.0231929    0.0231929     0.0231929     0.0231929     0.0231929     0.0231929
  -1.35648     0.0234977    0.0234977     0.0234977     0.0234977     0.0234977     0.0234977
  -1.35518     0.0238079    0.0238079     0.0238079     0.0238079     0.0238079     0.0238079
  -1.35388     0.0241237    0.0241237     0.0241237     0.0241237     0.0241237     0.0241237
  -1.35258      0.024445     0.024445      0.024445      0.024445      0.024445      0.024445
  -1.35128     0.0247719    0.0247719     0.0247719     0.0247719     0.0247719     0.0247719
  -1.34998     0.0251043    0.0251043     0.0251043     0.0251043     0.0251043     0.0251043
  -1.34868     0.0254423    0.0254423     0.0254423     0.0254423     0.0254423     0.0254423
  -1.34738     0.0257859    0.0257859     0.0257859     0.0257859     0.0257859     0.0257859
  -1.34607     0.0261352    0.0261352     0.0261352     0.0261352     0.0261352     0.0261352
  -1.34477       0.02649      0.02649       0.02649       0.02649       0.02649       0.02649
  -1.34347     0.0268505    0.0268505     0.0268505     0.0268505     0.0268505     0.0268505
  -1.34217     0.0272166    0.0272166     0.0272166     0.0272166     0.0272166     0.0272166
  -1.34087     0.0275884    0.0275884     0.0275884     0.0275884     0.0275884     0.0275884
  -1.33957     0.0279659    0.0279659     0.0279659     0.0279659     0.0279659     0.0279659
  -1.33827     0.0283491    0.0283491     0.0283491     0.0283491     0.0283491     0.0283491
  -1.33697      0.028738     0.028738      0.028738      0.028738      0.028738      0.028738
  -1.33567     0.0291326    0.0291326     0.0291326     0.0291326     0.0291326     0.0291326
  -1.33436      0.029533     0.029533      0.029533      0.029533      0.029533      0.029533
  -1.33306     0.0299391    0.0299391     0.0299391     0.0299391     0.0299391     0.0299391
  -1.33176      0.030351     0.030351      0.030351      0.030351      0.030351      0.030351
  -1.33046     0.0307687    0.0307687     0.0307687     0.0307687     0.0307687     0.0307687
  -1.32916     0.0311922    0.0311922     0.0311922     0.0311922     0.0311922     0.0311922
  -1.32786     0.0316216    0.0316216     0.0316216     0.0316216     0.0316216     0.0316216
  -1.32656     0.0320568    0.0320568     0.0320568     0.0320568     0.0320568     0.0320568
  -1.32526     0.0324978    0.0324978     0.0324978     0.0324978     0.0324978     0.0324978
  -1.32396     0.0329448    0.0329448     0.0329448     0.0329448     0.0329448     0.0329448
  -1.32266     0.0333976    0.0333976     0.0333976     0.0333976     0.0333976     0.0333976
  -1.32135     0.0338564    0.0338564     0.0338564     0.0338564     0.0338564     0.0338564
  -1.32005      0.034321     0.034321      0.034321      0.034321      0.034321      0.034321
  -1.31875     0.0347916    0.0347916     0.0347916     0.0347916     0.0347916     0.0347916
  -1.31745     0.0352682    0.0352682     0.0352682     0.0352682     0.0352682     0.0352682
  -1.31615     0.0357508    0.0357508     0.0357508     0.0357508     0.0357508     0.0357508
  -1.31485     0.0362394    0.0362394     0.0362394     0.0362394     0.0362394     0.0362394
  -1.31355     0.0367339    0.0367339     0.0367339     0.0367339     0.0367339     0.0367339
  -1.31225     0.0372346    0.0372346     0.0372346     0.0372346     0.0372346     0.0372346
  -1.31095     0.0377412    0.0377412     0.0377412     0.0377412     0.0377412     0.0377412
  -1.30965      0.038254     0.038254      0.038254      0.038254      0.038254      0.038254
  -1.30834     0.0387728    0.0387728     0.0387728     0.0387728     0.0387728     0.0387728
  -1.30704     0.0392978    0.0392978     0.0392978     0.0392978     0.0392978     0.0392978
  -1.30574     0.0398289    0.0398289     0.0398289     0.0398289     0.0398289     0.0398289
  -1.30444     0.0403661    0.0403661     0.0403661     0.0403661     0.0403661     0.0403661
  -1.30314     0.0409095    0.0409095     0.0409095     0.0409095     0.0409095     0.0409095
  -1.30184     0.0414591    0.0414591     0.0414591     0.0414591     0.0414591     0.0414591
  -1.30054     0.0420148    0.0420148     0.0420148     0.0420148     0.0420148     0.0420148
  -1.29924     0.0425768    0.0425768     0.0425768     0.0425768     0.0425768     0.0425768
  -1.29794     0.0431451    0.0431451     0.0431451     0.0431451     0.0431451     0.0431451
  -1.29663     0.0437196    0.0437196     0.0437196     0.0437196     0.0437196     0.0437196
  -1.29533     0.0443004    0.0443004     0.0443004     0.0443004     0.0443004     0.0443004
  -1.29403     0.0448875    0.0448875     0.0448875     0.0448875     0.0448875     0.0448875
  -1.29273     0.0454809    0.0454809     0.0454809     0.0454809     0.0454809     0.0454809
  -1.29143     0.0460807    0.0460807     0.0460807     0.0460807     0.0460807     0.0460807
  -1.29013     0.0466868    0.0466868     0.0466868     0.0466868     0.0466868     0.0466868
  -1.28883     0.0472994    0.0472994     0.0472994     0.0472994     0.0472994     0.0472994
  -1.28753     0.0479183    0.0479183     0.0479183     0.0479183     0.0479183     0.0479183
  -1.28623     0.0485436    0.0485436     0.0485436     0.0485436     0.0485436     0.0485436
  -1.28493     0.0491754    0.0491754     0.0491754     0.0491754     0.0491754     0.0491754
  -1.28362     0.0498137    0.0498137     0.0498137     0.0498137     0.0498137     0.0498137
  -1.28232     0.0504585    0.0504585     0.0504585     0.0504585     0.0504585     0.0504585
  -1.28102     0.0511098    0.0511098     0.0511098     0.0511098     0.0511098     0.0511098
  -1.27972     0.0517676    0.0517676     0.0517676     0.0517676     0.0517676     0.0517676
  -1.27842     0.0524319    0.0524319     0.0524319     0.0524319     0.0524319     0.0524319
  -1.27712     0.0531029    0.0531029     0.0531029     0.0531029     0.0531029     0.0531029
  -1.27582     0.0537804    0.0537804     0.0537804     0.0537804     0.0537804     0.0537804
  -1.27452     0.0544646    0.0544646     0.0544646     0.0544646     0.0544646     0.0544646
  -1.27322     0.0551554    0.0551554     0.0551554     0.0551554     0.0551554     0.0551554
  -1.27192     0.0558529    0.0558529     0.0558529     0.0558529     0.0558529     0.0558529
  -1.27061      0.056557     0.056557      0.056557      0.056557      0.056557      0.056557
  -1.26931     0.0572679    0.0572679     0.0572679     0.0572679     0.0572679     0.0572679
  -1.26801     0.0579855    0.0579855     0.0579855     0.0579855     0.0579855     0.0579855
  -1.26671     0.0587099    0.0587099     0.0587099     0.0587099     0.0587099     0.0587099
  -1.26541     0.0594411    0.0594411     0.0594411     0.0594411     0.0594411     0.0594411
  -1.26411      0.060179     0.060179      0.060179      0.060179      0.060179      0.060179
  -1.26281     0.0609238    0.0609238     0.0609238     0.0609238     0.0609238     0.0609238
  -1.26151     0.0616755    0.0616755     0.0616755     0.0616755     0.0616755     0.0616755
  -1.26021      0.062434     0.062434      0.062434      0.062434      0.062434      0.062434
   -1.2589     0.0631994    0.0631994     0.0631994     0.0631994     0.0631994     0.0631994
   -1.2576     0.0639718    0.0639718     0.0639718     0.0639718     0.0639718     0.0639718
   -1.2563     0.0647511    0.0647511     0.0647511     0.0647511     0.0647511     0.0647511
    -1.255     0.0655374    0.0655374     0.0655374     0.0655374     0.0655374     0.0655374
   -1.2537     0.0663307    0.0663307     0.0663307     0.0663307     0.0663307     0.0663307
   -1.2524      0.067131     0.067131      0.067131      0.067131      0.067131      0.067131
   -1.2511     0.0679384    0.0679384     0.0679384     0.0679384     0.0679384     0.0679384
   -1.2498     0.0687528    0.0687528     0.0687528     0.0687528     0.0687528     0.0687528
   -1.2485     0.0695744    0.0695744     0.0695744     0.0695744     0.0695744     0.0695744
   -1.2472      0.070403     0.070403      0.070403      0.070403      0.070403      0.070403
  -1.24589     0.0712389    0.0712389     0.0712389     0.0712389     0.0712389     0.0712389
  -1.24459     0.0720819    0.0720819     0.0720819     0.0720819     0.0720819     0.0720819
  -1.24329     0.0729321    0.0729321     0.0729321     0.0729321     0.0729321     0.0729321
  -1.24199     0.0737895    0.0737895     0.0737895     0.0737895     0.0737895     0.0737895
  -1.24069     0.0746542    0.0746542     0.0746542     0.0746542     0.0746542     0.0746542
  -1.23939     0.0755262    0.0755262     0.0755262     0.0755262     0.0755262     0.0755262
  -1.23809     0.0764055    0.0764055     0.0764055     0.0764055     0.0764055     0.0764055
  -1.23679     0.0772922    0.0772922     0.0772922     0.0772922     0.0772922     0.0772922
  -1.23549     0.0781862    0.0781862     0.0781862     0.0781862     0.0781862     0.0781862
  -1.23419     0.0790876    0.0790876     0.0790876     0.0790876     0.0790876     0.0790876
  -1.23288     0.0799965    0.0799965     0.0799965     0.0799965     0.0799965     0.0799965
  -1.23158     0.0809127    0.0809127     0.0809127     0.0809127     0.0809127     0.0809127
  -1.23028     0.0818365    0.0818365     0.0818365     0.0818365     0.0818365     0.0818365
  -1.22898     0.0827678    0.0827678     0.0827678     0.0827678     0.0827678     0.0827678
  -1.22768     0.0837066    0.0837066     0.0837066     0.0837066     0.0837066     0.0837066
  -1.22638      0.084653     0.084653      0.084653      0.084653      0.084653      0.084653
  -1.22508     0.0856069    0.0856069     0.0856069     0.0856069     0.0856069     0.0856069
  -1.22378     0.0865685    0.0865685     0.0865685     0.0865685     0.0865685     0.0865685
  -1.22248     0.0875378    0.0875378     0.0875378     0.0875378     0.0875378     0.0875378
  -1.22118     0.0885147    0.0885147     0.0885147     0.0885147     0.0885147     0.0885147
  -1.21987     0.0894993    0.0894993     0.0894993     0.0894993     0.0894993     0.0894993
  -1.21857     0.0904917    0.0904917     0.0904917     0.0904917     0.0904917     0.0904917
  -1.21727     0.0914919    0.0914919     0.0914919     0.0914919     0.0914919     0.0914919
  -1.21597     0.0924998    0.0924998     0.0924998     0.0924998     0.0924998     0.0924998
  -1.21467     0.0935156    0.0935156     0.0935156     0.0935156     0.0935156     0.0935156
  -1.21337     0.0945393    0.0945393     0.0945393     0.0945393     0.0945393     0.0945393
  -1.21207     0.0955708    0.0955708     0.0955708     0.0955708     0.0955708     0.0955708
  -1.21077     0.0966103    0.0966103     0.0966103     0.0966103     0.0966103     0.0966103
  -1.20947     0.0976577    0.0976577     0.0976577     0.0976577     0.0976577     0.0976577
  -1.20816     0.0987131    0.0987131     0.0987131     0.0987131     0.0987131     0.0987131
  -1.20686     0.0997765    0.0997765     0.0997765     0.0997765     0.0997765     0.0997765
  -1.20556      0.100848     0.100848      0.100848      0.100848      0.100848      0.100848
  -1.20426      0.101928     0.101928      0.101928      0.101928      0.101928      0.101928
  -1.20296      0.103015     0.103015      0.103015      0.103015      0.103015      0.103015
  -1.20166      0.104111     0.104111      0.104111      0.104111      0.104111      0.104111
  -1.20036      0.105215     0.105215      0.105215      0.105215      0.105215      0.105215
  -1.19906      0.106327     0.106327      0.106327      0.106327      0.106327      0.106327
  -1.19776      0.107448     0.107448      0.107448      0.107448      0.107448      0.107448
  -1.19646      0.108576     0.108576      0.108576      0.108576      0.108576      0.108576
  -1.19515      0.109714     0.109714      0.109714      0.109714      0.109714      0.109714
  -1.19385      0.110859     0.110859      0.110859      0.110859      0.110859      0.110859
  -1.19255      0.112013     0.112013      0.112013      0.112013      0.112013      0.112013
  -1.19125      0.113175     0.113175      0.113175      0.113175      0.113175      0.113175
  -1.18995      0.114346     0.114346      0.114346      0.114346      0.114346      0.114346
  -1.18865      0.115525     0.115525      0.115525      0.115525      0.115525      0.115525
  -1.18735      0.116712     0.116712      0.116712      0.116712      0.116712      0.116712
  -1.18605      0.117908     0.117908      0.117908      0.117908      0.117908      0.117908
  -1.18475      0.119113     0.119113      0.119113      0.119113      0.119113      0.119113
  -1.18345      0.120327     0.120327      0.120327      0.120327      0.120327      0.120327
  -1.18214      0.121549     0.121549      0.121549      0.121549      0.121549      0.121549
  -1.18084      0.122779     0.122779      0.122779      0.122779      0.122779      0.122779
  -1.17954      0.124019     0.124019      0.124019      0.124019      0.124019      0.124019
  -1.17824      0.125267     0.125267      0.125267      0.125267      0.125267      0.125267
  -1.17694      0.126524     0.126524      0.126524      0.126524      0.126524      0.126524
  -1.17564       0.12779      0.12779       0.12779       0.12779       0.12779       0.12779
  -1.17434      0.129065     0.129065      0.129065      0.129065      0.129065      0.129065
  -1.17304      0.130349     0.130349      0.130349      0.130349      0.130349      0.130349
  -1.17174      0.131641     0.131641      0.131641      0.131641      0.131641      0.131641
  -1.17043      0.132943     0.132943      0.132943      0.132943      0.132943      0.132943
  -1.16913      0.134254     0.134254      0.134254      0.134254      0.134254      0.134254
  -1.16783      0.135573     0.135573      0.135573      0.135573      0.135573      0.135573
  -1.16653      0.136902     0.136902      0.136902      0.136902      0.136902      0.136902
  -1.16523       0.13824      0.13824       0.13824       0.13824       0.13824       0.13824
  -1.16393      0.139587     0.139587      0.139587      0.139587      0.139587      0.139587
  -1.16263      0.140944     0.140944      0.140944      0.140944      0.140944      0.140944
  -1.16133       0.14231      0.14231       0.14231       0.14231       0.14231       0.14231
  -1.16003      0.143685     0.143685      0.143685      0.143685      0.143685      0.143685
  -1.15873      0.145069     0.145069      0.145069      0.145069      0.145069      0.145069
  -1.15742      0.146463     0.146463      0.146463      0.146463      0.146463      0.146463
  -1.15612      0.147866     0.147866      0.147866      0.147866      0.147866      0.147866
  -1.15482      0.149278     0.149278      0.149278      0.149278      0.149278      0.149278
  -1.15352        0.1507       0.1507        0.1507        0.1507        0.1507        0.1507
  -1.15222      0.152132     0.152132      0.152132      0.152132      0.152132      0.152132
  -1.15092      0.153573     0.153573      0.153573      0.153573      0.153573      0.153573
  -1.14962      0.155024     0.155024      0.155024      0.155024      0.155024      0.155024
  -1.14832      0.156485     0.156485      0.156485      0.156485      0.156485      0.156485
  -1.14702      0.157955     0.157955      0.157955      0.157955      0.157955      0.157955
  -1.14572      0.159435     0.159435      0.159435      0.159435      0.159435      0.159435
  -1.14441      0.160925     0.160925      0.160925      0.160925      0.160925      0.160925
  -1.14311      0.162424     0.162424      0.162424      0.162424      0.162424      0.162424
  -1.14181      0.163934     0.163934      0.163934      0.163934      0.163934      0.163934
  -1.14051      0.165453     0.165453      0.165453      0.165453      0.165453      0.165453
  -1.13921      0.166983     0.166983      0.166983      0.166983      0.166983      0.166983
  -1.13791      0.168522     0.168522      0.168522      0.168522      0.168522      0.168522
  -1.13661      0.170072     0.170072      0.170072      0.170072      0.170072      0.170072
  -1.13531      0.171631     0.171631      0.171631      0.171631      0.171631      0.171631
  -1.13401      0.173201     0.173201      0.173201      0.173201      0.173201      0.173201
  -1.13271      0.174781     0.174781      0.174781      0.174781      0.174781      0.174781
   -1.1314      0.176371     0.176371      0.176371      0.176371      0.176371      0.176371
   -1.1301      0.177972     0.177972      0.177972      0.177972      0.177972      0.177972
   -1.1288      0.179583     0.179583      0.179583      0.179583      0.179583      0.179583
   -1.1275      0.181204     0.181204      0.181204      0.181204      0.181204      0.181204
   -1.1262      0.182835     0.182835      0.182835      0.182835      0.182835      0.182835
   -1.1249      0.184477     0.184477      0.184477      0.184477      0.184477      0.184477
   -1.1236       0.18613      0.18613       0.18613       0.18613       0.18613       0.18613
   -1.1223      0.187793     0.187793      0.187793      0.187793      0.187793      0.187793
    -1.121      0.189467     0.189467      0.189467      0.189467      0.189467      0.189467
  -1.11969      0.191152     0.191152      0.191152      0.191152      0.191152      0.191152
  -1.11839      0.192847     0.192847      0.192847      0.192847      0.192847      0.192847
  -1.11709      0.194553     0.194553      0.194553      0.194553      0.194553      0.194553
  -1.11579       0.19627      0.19627       0.19627       0.19627       0.19627       0.19627
  -1.11449      0.197997     0.197997      0.197997      0.197997      0.197997      0.197997
  -1.11319      0.199736     0.199736      0.199736      0.199736      0.199736      0.199736
  -1.11189      0.201485     0.201485      0.201485      0.201485      0.201485      0.201485
  -1.11059      0.203246     0.203246      0.203246      0.203246      0.203246      0.203246
  -1.10929      0.205017     0.205017      0.205017      0.205017      0.205017      0.205017
  -1.10799        0.2068       0.2068        0.2068        0.2068        0.2068        0.2068
  -1.10668      0.208594     0.208594      0.208594      0.208594      0.208594      0.208594
  -1.10538      0.210399     0.210399      0.210399      0.210399      0.210399      0.210399
  -1.10408      0.212215     0.212215      0.212215      0.212215      0.212215      0.212215
  -1.10278      0.214043     0.214043      0.214043      0.214043      0.214043      0.214043
  -1.10148      0.215882     0.215882      0.215882      0.215882      0.215882      0.215882
  -1.10018      0.217732     0.217732      0.217732      0.217732      0.217732      0.217732
  -1.09888      0.219594     0.219594      0.219594      0.219594      0.219594      0.219594
  -1.09758      0.221468     0.221468      0.221468      0.221468      0.221468      0.221468
  -1.09628      0.223353     0.223353      0.223353      0.223353      0.223353      0.223353
  -1.09498      0.225249     0.225249      0.225249      0.225249      0.225249      0.225249
  -1.09367      0.227158     0.227158      0.227158      0.227158      0.227158      0.227158
  -1.09237      0.229078     0.229078      0.229078      0.229078      0.229078      0.229078
  -1.09107       0.23101      0.23101       0.23101       0.23101       0.23101       0.23101
  -1.08977      0.232954     0.232954      0.232954      0.232954      0.232954      0.232954
  -1.08847      0.234909     0.234909      0.234909      0.234909      0.234909      0.234909
  -1.08717      0.236877     0.236877      0.236877      0.236877      0.236877      0.236877
  -1.08587      0.238857     0.238857      0.238857      0.238857      0.238857      0.238857
  -1.08457      0.240848     0.240848      0.240848      0.240848      0.240848      0.240848
  -1.08327      0.242852     0.242852      0.242852      0.242852      0.242852      0.242852
  -1.08196      0.244868     0.244868      0.244868      0.244868      0.244868      0.244868
  -1.08066      0.246897     0.246897      0.246897      0.246897      0.246897      0.246897
  -1.07936      0.248937     0.248937      0.248937      0.248937      0.248937      0.248937
  -1.07806       0.25099      0.25099       0.25099       0.25099       0.25099       0.25099
  -1.07676      0.253056     0.253056      0.253056      0.253056      0.253056      0.253056
  -1.07546      0.255134     0.255134      0.255134      0.255134      0.255134      0.255134
  -1.07416      0.257224     0.257224      0.257224      0.257224      0.257224      0.257224
  -1.07286      0.259327     0.259327      0.259327      0.259327      0.259327      0.259327
  -1.07156      0.261443     0.261443      0.261443      0.261443      0.261443      0.261443
  -1.07026      0.263572     0.263572      0.263572      0.263572      0.263572      0.263572
  -1.06895      0.265713     0.265713      0.265713      0.265713      0.265713      0.265713
  -1.06765      0.267867     0.267867      0.267867      0.267867      0.267867      0.267867
  -1.06635      0.270034     0.270034      0.270034      0.270034      0.270034      0.270034
  -1.06505      0.272214     0.272214      0.272214      0.272214      0.272214      0.272214
  -1.06375      0.274407     0.274407      0.274407      0.274407      0.274407      0.274407
  -1.06245      0.276613     0.276613      0.276613      0.276613      0.276613      0.276613
  -1.06115      0.278833     0.278833      0.278833      0.278833      0.278833      0.278833
  -1.05985      0.281065     0.281065      0.281065      0.281065      0.281065      0.281065
  -1.05855      0.283311     0.283311      0.283311      0.283311      0.283311      0.283311
  -1.05725       0.28557      0.28557       0.28557       0.28557       0.28557       0.28557
  -1.05594      0.287843     0.287843      0.287843      0.287843      0.287843      0.287843
  -1.05464      0.290129     0.290129      0.290129      0.290129      0.290129      0.290129
  -1.05334      0.292428     0.292428      0.292428      0.292428      0.292428      0.292428
  -1.05204      0.294742     0.294742      0.294742      0.294742      0.294742      0.294742
  -1.05074      0.297069     0.297069      0.297069      0.297069      0.297069      0.297069
  -1.04944      0.299409     0.299409      0.299409      0.299409      0.299409      0.299409
  -1.04814      0.301764     0.301764      0.301764      0.301764      0.301764      0.301764
  -1.04684      0.304132     0.304132      0.304132      0.304132      0.304132      0.304132
  -1.04554      0.306515     0.306515      0.306515      0.306515      0.306515      0.306515
  -1.04424      0.308911     0.308911      0.308911      0.308911      0.308911      0.308911
  -1.04293      0.311321     0.311321      0.311321      0.311321      0.311321      0.311321
  -1.04163      0.313746     0.313746      0.313746      0.313746      0.313746      0.313746
  -1.04033      0.316185     0.316185      0.316185      0.316185      0.316185      0.316185
  -1.03903      0.318638     0.318638      0.318638      0.318638      0.318638      0.318638
  -1.03773      0.321105     0.321105      0.321105      0.321105      0.321105      0.321105
  -1.03643      0.323587     0.323587      0.323587      0.323587      0.323587      0.323587
  -1.03513      0.326084     0.326084      0.326084      0.326084      0.326084      0.326084
  -1.03383      0.328595     0.328595      0.328595      0.328595      0.328595      0.328595
  -1.03253       0.33112      0.33112       0.33112       0.33112       0.33112       0.33112
  -1.03122      0.333661     0.333661      0.333661      0.333661      0.333661      0.333661
  -1.02992      0.336216     0.336216      0.336216      0.336216      0.336216      0.336216
  -1.02862      0.338786     0.338786      0.338786      0.338786      0.338786      0.338786
  -1.02732      0.341371     0.341371      0.341371      0.341371      0.341371      0.341371
  -1.02602      0.343971     0.343971      0.343971      0.343971      0.343971      0.343971
  -1.02472      0.346586     0.346586      0.346586      0.346586      0.346586      0.346586
  -1.02342      0.349216     0.349216      0.349216      0.349216      0.349216      0.349216
  -1.02212      0.351862     0.351862      0.351862      0.351862      0.351862      0.351862
  -1.02082      0.354523     0.354523      0.354523      0.354523      0.354523      0.354523
  -1.01952      0.357199     0.357199      0.357199      0.357199      0.357199      0.357199
  -1.01821       0.35989      0.35989       0.35989       0.35989       0.35989       0.35989
  -1.01691      0.362598     0.362598      0.362598      0.362598      0.362598      0.362598
  -1.01561      0.365321     0.365321      0.365321      0.365321      0.365321      0.365321
  -1.01431      0.368059     0.368059      0.368059      0.368059      0.368059      0.368059
  -1.01301      0.370813     0.370813      0.370813      0.370813      0.370813      0.370813
  -1.01171      0.373584     0.373584      0.373584      0.373584      0.373584      0.373584
  -1.01041       0.37637      0.37637       0.37637       0.37637       0.37637       0.37637
  -1.00911      0.379172     0.379172      0.379172      0.379172      0.379172      0.379172
  -1.00781       0.38199      0.38199       0.38199       0.38199       0.38199       0.38199
  -1.00651      0.384825     0.384825      0.384825      0.384825      0.384825      0.384825
   -1.0052      0.387675     0.387675      0.387675      0.387675      0.387675      0.387675
   -1.0039      0.390543     0.390543      0.390543      0.390543      0.390543      0.390543
   -1.0026      0.393426     0.393426      0.393426      0.393426      0.393426      0.393426
   -1.0013      0.396326     0.396326      0.396326      0.396326      0.396326      0.396326
        -1      0.399243     0.399243      0.399243      0.399243      0.399243      0.399243
