# Electron neutrino-oxygen scattering cross section (10^-38 cm^2/GeV) #
# log(energy in GeV)       nu_e       nu_mu       nu_tau       nu_e_bar       nu_mu_bar       nu_tau_bar #

       -2.30103             0          0           0                  0          0               0
       -2.29973             0          0           0                  0          0               0
       -2.29843             0          0           0                  0          0               0
       -2.29713             0          0           0                  0          0               0
       -2.29583             0          0           0                  0          0               0
       -2.29452             0          0           0                  0          0               0
       -2.29322             0          0           0                  0          0               0
       -2.29192             0          0           0                  0          0               0
       -2.29062             0          0           0                  0          0               0
       -2.28932             0          0           0                  0          0               0
       -2.28802             0          0           0                  0          0               0
       -2.28672             0          0           0                  0          0               0
       -2.28542             0          0           0                  0          0               0
       -2.28412             0          0           0                  0          0               0
       -2.28282             0          0           0                  0          0               0
       -2.28151             0          0           0                  0          0               0
       -2.28021             0          0           0                  0          0               0
       -2.27891             0          0           0                  0          0               0
       -2.27761             0          0           0                  0          0               0
       -2.27631             0          0           0                  0          0               0
       -2.27501             0          0           0                  0          0               0
       -2.27371             0          0           0                  0          0               0
       -2.27241             0          0           0                  0          0               0
       -2.27111             0          0           0                  0          0               0
       -2.26981             0          0           0                  0          0               0
        -2.2685             0          0           0                  0          0               0
        -2.2672             0          0           0                  0          0               0
        -2.2659             0          0           0                  0          0               0
        -2.2646             0          0           0                  0          0               0
        -2.2633             0          0           0                  0          0               0
         -2.262             0          0           0                  0          0               0
        -2.2607             0          0           0                  0          0               0
        -2.2594             0          0           0                  0          0               0
        -2.2581             0          0           0                  0          0               0
       -2.25679             0          0           0                  0          0               0
       -2.25549             0          0           0                  0          0               0
       -2.25419             0          0           0                  0          0               0
       -2.25289             0          0           0                  0          0               0
       -2.25159             0          0           0                  0          0               0
       -2.25029             0          0           0                  0          0               0
       -2.24899             0          0           0                  0          0               0
       -2.24769             0          0           0                  0          0               0
       -2.24639             0          0           0                  0          0               0
       -2.24509             0          0           0                  0          0               0
       -2.24378             0          0           0                  0          0               0
       -2.24248             0          0           0                  0          0               0
       -2.24118             0          0           0                  0          0               0
       -2.23988             0          0           0                  0          0               0
       -2.23858             0          0           0                  0          0               0
       -2.23728             0          0           0                  0          0               0
       -2.23598             0          0           0                  0          0               0
       -2.23468             0          0           0                  0          0               0
       -2.23338             0          0           0                  0          0               0
       -2.23208             0          0           0                  0          0               0
       -2.23077             0          0           0                  0          0               0
       -2.22947             0          0           0                  0          0               0
       -2.22817             0          0           0                  0          0               0
       -2.22687             0          0           0                  0          0               0
       -2.22557             0          0           0                  0          0               0
       -2.22427             0          0           0                  0          0               0
       -2.22297             0          0           0                  0          0               0
       -2.22167             0          0           0                  0          0               0
       -2.22037             0          0           0                  0          0               0
       -2.21907             0          0           0                  0          0               0
       -2.21776             0          0           0                  0          0               0
       -2.21646             0          0           0                  0          0               0
       -2.21516             0          0           0                  0          0               0
       -2.21386             0          0           0                  0          0               0
       -2.21256             0          0           0                  0          0               0
       -2.21126             0          0           0                  0          0               0
       -2.20996             0          0           0                  0          0               0
       -2.20866             0          0           0                  0          0               0
       -2.20736             0          0           0                  0          0               0
       -2.20605             0          0           0                  0          0               0
       -2.20475             0          0           0                  0          0               0
       -2.20345             0          0           0                  0          0               0
       -2.20215             0          0           0                  0          0               0
       -2.20085             0          0           0                  0          0               0
       -2.19955             0          0           0                  0          0               0
       -2.19825             0          0           0                  0          0               0
       -2.19695             0          0           0                  0          0               0
       -2.19565             0          0           0                  0          0               0
       -2.19435             0          0           0                  0          0               0
       -2.19304             0          0           0                  0          0               0
       -2.19174             0          0           0                  0          0               0
       -2.19044             0          0           0                  0          0               0
       -2.18914             0          0           0                  0          0               0
       -2.18784             0          0           0                  0          0               0
       -2.18654             0          0           0                  0          0               0
       -2.18524             0          0           0                  0          0               0
       -2.18394             0          0           0                  0          0               0
       -2.18264             0          0           0                  0          0               0
       -2.18134             0          0           0                  0          0               0
       -2.18003             0          0           0                  0          0               0
       -2.17873             0          0           0                  0          0               0
       -2.17743             0          0           0                  0          0               0
       -2.17613             0          0           0                  0          0               0
       -2.17483             0          0           0                  0          0               0
       -2.17353             0          0           0                  0          0               0
       -2.17223             0          0           0                  0          0               0
       -2.17093             0          0           0                  0          0               0
       -2.16963             0          0           0                  0          0               0
       -2.16832             0          0           0                  0          0               0
       -2.16702             0          0           0                  0          0               0
       -2.16572             0          0           0                  0          0               0
       -2.16442             0          0           0                  0          0               0
       -2.16312             0          0           0                  0          0               0
       -2.16182             0          0           0                  0          0               0
       -2.16052             0          0           0                  0          0               0
       -2.15922             0          0           0                  0          0               0
       -2.15792             0          0           0                  0          0               0
       -2.15662             0          0           0                  0          0               0
       -2.15531             0          0           0                  0          0               0
       -2.15401             0          0           0                  0          0               0
       -2.15271             0          0           0                  0          0               0
       -2.15141             0          0           0                  0          0               0
       -2.15011             0          0           0                  0          0               0
       -2.14881             0          0           0                  0          0               0
       -2.14751             0          0           0                  0          0               0
       -2.14621             0          0           0                  0          0               0
       -2.14491             0          0           0                  0          0               0
       -2.14361             0          0           0                  0          0               0
        -2.1423             0          0           0                  0          0               0
         -2.141             0          0           0                  0          0               0
        -2.1397             0          0           0                  0          0               0
        -2.1384             0          0           0                  0          0               0
        -2.1371             0          0           0                  0          0               0
        -2.1358             0          0           0                  0          0               0
        -2.1345             0          0           0                  0          0               0
        -2.1332             0          0           0                  0          0               0
        -2.1319             0          0           0                  0          0               0
        -2.1306             0          0           0                  0          0               0
       -2.12929             0          0           0                  0          0               0
       -2.12799             0          0           0                  0          0               0
       -2.12669             0          0           0                  0          0               0
       -2.12539             0          0           0                  0          0               0
       -2.12409             0          0           0                  0          0               0
       -2.12279             0          0           0                  0          0               0
       -2.12149             0          0           0                  0          0               0
       -2.12019             0          0           0                  0          0               0
       -2.11889             0          0           0                  0          0               0
       -2.11758             0          0           0                  0          0               0
       -2.11628             0          0           0                  0          0               0
       -2.11498             0          0           0                  0          0               0
       -2.11368             0          0           0                  0          0               0
       -2.11238             0          0           0                  0          0               0
       -2.11108             0          0           0                  0          0               0
       -2.10978             0          0           0                  0          0               0
       -2.10848             0          0           0                  0          0               0
       -2.10718             0          0           0                  0          0               0
       -2.10588             0          0           0                  0          0               0
       -2.10457             0          0           0                  0          0               0
       -2.10327             0          0           0                  0          0               0
       -2.10197             0          0           0                  0          0               0
       -2.10067             0          0           0                  0          0               0
       -2.09937             0          0           0                  0          0               0
       -2.09807             0          0           0                  0          0               0
       -2.09677             0          0           0                  0          0               0
       -2.09547             0          0           0                  0          0               0
       -2.09417             0          0           0                  0          0               0
       -2.09287             0          0           0                  0          0               0
       -2.09156             0          0           0                  0          0               0
       -2.09026             0          0           0                  0          0               0
       -2.08896             0          0           0                  0          0               0
       -2.08766             0          0           0                  0          0               0
       -2.08636             0          0           0                  0          0               0
       -2.08506             0          0           0                  0          0               0
       -2.08376             0          0           0                  0          0               0
       -2.08246             0          0           0                  0          0               0
       -2.08116             0          0           0                  0          0               0
       -2.07985             0          0           0                  0          0               0
       -2.07855             0          0           0                  0          0               0
       -2.07725             0          0           0                  0          0               0
       -2.07595             0          0           0                  0          0               0
       -2.07465             0          0           0                  0          0               0
       -2.07335             0          0           0                  0          0               0
       -2.07205             0          0           0                  0          0               0
       -2.07075             0          0           0                  0          0               0
       -2.06945             0          0           0                  0          0               0
       -2.06815             0          0           0                  0          0               0
       -2.06684             0          0           0                  0          0               0
       -2.06554             0          0           0                  0          0               0
       -2.06424             0          0           0                  0          0               0
       -2.06294             0          0           0                  0          0               0
       -2.06164             0          0           0                  0          0               0
       -2.06034             0          0           0                  0          0               0
       -2.05904             0          0           0                  0          0               0
       -2.05774             0          0           0                  0          0               0
       -2.05644             0          0           0                  0          0               0
       -2.05514             0          0           0                  0          0               0
       -2.05383             0          0           0                  0          0               0
       -2.05253             0          0           0                  0          0               0
       -2.05123             0          0           0                  0          0               0
       -2.04993             0          0           0                  0          0               0
       -2.04863             0          0           0                  0          0               0
       -2.04733             0          0           0                  0          0               0
       -2.04603             0          0           0                  0          0               0
       -2.04473             0          0           0                  0          0               0
       -2.04343             0          0           0                  0          0               0
       -2.04213             0          0           0                  0          0               0
       -2.04082             0          0           0                  0          0               0
       -2.03952             0          0           0                  0          0               0
       -2.03822             0          0           0                  0          0               0
       -2.03692             0          0           0                  0          0               0
       -2.03562             0          0           0                  0          0               0
       -2.03432             0          0           0                  0          0               0
       -2.03302             0          0           0                  0          0               0
       -2.03172             0          0           0                  0          0               0
       -2.03042             0          0           0                  0          0               0
       -2.02911             0          0           0                  0          0               0
       -2.02781             0          0           0                  0          0               0
       -2.02651             0          0           0                  0          0               0
       -2.02521             0          0           0                  0          0               0
       -2.02391             0          0           0                  0          0               0
       -2.02261             0          0           0                  0          0               0
       -2.02131             0          0           0                  0          0               0
       -2.02001             0          0           0                  0          0               0
       -2.01871             0          0           0                  0          0               0
       -2.01741             0          0           0                  0          0               0
        -2.0161             0          0           0                  0          0               0
        -2.0148             0          0           0                  0          0               0
        -2.0135             0          0           0                  0          0               0
        -2.0122             0          0           0                  0          0               0
        -2.0109             0          0           0                  0          0               0
        -2.0096             0          0           0                  0          0               0
        -2.0083             0          0           0                  0          0               0
         -2.007             0          0           0                  0          0               0
        -2.0057             0          0           0                  0          0               0
        -2.0044             0          0           0                  0          0               0
       -2.00309             0          0           0                  0          0               0
       -2.00179             0          0           0                  0          0               0
       -2.00049             0          0           0                  0          0               0
       -1.99919             0          0           0                  0          0               0
       -1.99789             0          0           0                  0          0               0
       -1.99659             0          0           0                  0          0               0
       -1.99529             0          0           0                  0          0               0
       -1.99399             0          0           0                  0          0               0
       -1.99269             0          0           0                  0          0               0
       -1.99138             0          0           0                  0          0               0
       -1.99008             0          0           0                  0          0               0
       -1.98878             0          0           0                  0          0               0
       -1.98748             0          0           0                  0          0               0
       -1.98618             0          0           0                  0          0               0
       -1.98488             0          0           0                  0          0               0
       -1.98358             0          0           0                  0          0               0
       -1.98228             0          0           0                  0          0               0
       -1.98098             0          0           0                  0          0               0
       -1.97968             0          0           0                  0          0               0
       -1.97837             0          0           0                  0          0               0
       -1.97707             0          0           0                  0          0               0
       -1.97577             0          0           0                  0          0               0
       -1.97447             0          0           0                  0          0               0
       -1.97317             0          0           0                  0          0               0
       -1.97187             0          0           0                  0          0               0
       -1.97057             0          0           0                  0          0               0
       -1.96927             0          0           0                  0          0               0
       -1.96797             0          0           0                  0          0               0
       -1.96667             0          0           0                  0          0               0
       -1.96536             0          0           0                  0          0               0
       -1.96406             0          0           0                  0          0               0
       -1.96276             0          0           0                  0          0               0
       -1.96146             0          0           0                  0          0               0
       -1.96016             0          0           0                  0          0               0
       -1.95886             0          0           0                  0          0               0
       -1.95756             0          0           0                  0          0               0
       -1.95626             0          0           0                  0          0               0
       -1.95496             0          0           0                  0          0               0
       -1.95365             0          0           0                  0          0               0
       -1.95235             0          0           0                  0          0               0
       -1.95105             0          0           0                  0          0               0
       -1.94975             0          0           0                  0          0               0
       -1.94845             0          0           0                  0          0               0
       -1.94715             0          0           0                  0          0               0
       -1.94585             0          0           0                  0          0               0
       -1.94455             0          0           0                  0          0               0
       -1.94325             0          0           0                  0          0               0
       -1.94195             0          0           0                  0          0               0
       -1.94064             0          0           0                  0          0               0
       -1.93934             0          0           0                  0          0               0
       -1.93804             0          0           0                  0          0               0
       -1.93674             0          0           0                  0          0               0
       -1.93544             0          0           0                  0          0               0
       -1.93414             0          0           0                  0          0               0
       -1.93284             0          0           0                  0          0               0
       -1.93154             0          0           0                  0          0               0
       -1.93024             0          0           0                  0          0               0
       -1.92894             0          0           0                  0          0               0
       -1.92763             0          0           0                  0          0               0
       -1.92633             0          0           0                  0          0               0
       -1.92503             0          0           0                  0          0               0
       -1.92373             0          0           0                  0          0               0
       -1.92243             0          0           0                  0          0               0
       -1.92113             0          0           0                  0          0               0
       -1.91983             0          0           0                  0          0               0
       -1.91853             0          0           0                  0          0               0
       -1.91723             0          0           0                  0          0               0
       -1.91593             0          0           0                  0          0               0
       -1.91462             0          0           0                  0          0               0
       -1.91332             0          0           0                  0          0               0
       -1.91202             0          0           0                  0          0               0
       -1.91072             0          0           0                  0          0               0
       -1.90942             0          0           0                  0          0               0
       -1.90812             0          0           0                  0          0               0
       -1.90682             0          0           0                  0          0               0
       -1.90552             0          0           0                  0          0               0
       -1.90422             0          0           0                  0          0               0
       -1.90291             0          0           0                  0          0               0
       -1.90161             0          0           0                  0          0               0
       -1.90031             0          0           0                  0          0               0
       -1.89901             0          0           0                  0          0               0
       -1.89771             0          0           0                  0          0               0
       -1.89641             0          0           0                  0          0               0
       -1.89511             0          0           0                  0          0               0
       -1.89381             0          0           0                  0          0               0
       -1.89251             0          0           0                  0          0               0
       -1.89121             0          0           0                  0          0               0
        -1.8899             0          0           0                  0          0               0
        -1.8886             0          0           0                  0          0               0
        -1.8873             0          0           0                  0          0               0
         -1.886             0          0           0                  0          0               0
        -1.8847             0          0           0                  0          0               0
        -1.8834             0          0           0                  0          0               0
        -1.8821             0          0           0                  0          0               0
        -1.8808             0          0           0                  0          0               0
        -1.8795             0          0           0                  0          0               0
        -1.8782             0          0           0                  0          0               0
       -1.87689             0          0           0                  0          0               0
       -1.87559             0          0           0                  0          0               0
       -1.87429             0          0           0                  0          0               0
       -1.87299             0          0           0                  0          0               0
       -1.87169             0          0           0                  0          0               0
       -1.87039             0          0           0                  0          0               0
       -1.86909             0          0           0                  0          0               0
       -1.86779             0          0           0                  0          0               0
       -1.86649             0          0           0                  0          0               0
       -1.86518             0          0           0                  0          0               0
       -1.86388             0          0           0                  0          0               0
       -1.86258             0          0           0                  0          0               0
       -1.86128             0          0           0                  0          0               0
       -1.85998             0          0           0                  0          0               0
       -1.85868             0          0           0                  0          0               0
       -1.85738             0          0           0                  0          0               0
       -1.85608             0          0           0                  0          0               0
       -1.85478             0          0           0                  0          0               0
       -1.85348             0          0           0                  0          0               0
       -1.85217             0          0           0                  0          0               0
       -1.85087             0          0           0                  0          0               0
       -1.84957             0          0           0                  0          0               0
       -1.84827             0          0           0                  0          0               0
       -1.84697             0          0           0                  0          0               0
       -1.84567             0          0           0                  0          0               0
       -1.84437             0          0           0                  0          0               0
       -1.84307             0          0           0                  0          0               0
       -1.84177             0          0           0                  0          0               0
       -1.84047             0          0           0                  0          0               0
       -1.83916             0          0           0                  0          0               0
       -1.83786             0          0           0                  0          0               0
       -1.83656             0          0           0                  0          0               0
       -1.83526             0          0           0                  0          0               0
       -1.83396             0          0           0                  0          0               0
       -1.83266             0          0           0                  0          0               0
       -1.83136             0          0           0                  0          0               0
       -1.83006             0          0           0                  0          0               0
       -1.82876             0          0           0                  0          0               0
       -1.82746             0          0           0                  0          0               0
       -1.82615             0          0           0                  0          0               0
       -1.82485             0          0           0                  0          0               0
       -1.82355             0          0           0                  0          0               0
       -1.82225             0          0           0                  0          0               0
       -1.82095             0          0           0                  0          0               0
       -1.81965             0          0           0                  0          0               0
       -1.81835             0          0           0                  0          0               0
       -1.81705             0          0           0                  0          0               0
       -1.81575             0          0           0                  0          0               0
       -1.81444             0          0           0                  0          0               0
       -1.81314             0          0           0                  0          0               0
       -1.81184             0          0           0                  0          0               0
       -1.81054             0          0           0                  0          0               0
       -1.80924             0          0           0                  0          0               0
       -1.80794             0          0           0                  0          0               0
       -1.80664             0          0           0                  0          0               0
       -1.80534             0          0           0                  0          0               0
       -1.80404             0          0           0                  0          0               0
       -1.80274             0          0           0                  0          0               0
       -1.80143             0          0           0                  0          0               0
       -1.80013             0          0           0                  0          0               0
       -1.79883             0          0           0                  0          0               0
       -1.79753             0          0           0                  0          0               0
       -1.79623             0          0           0                  0          0               0
       -1.79493             0          0           0                  0          0               0
       -1.79363             0          0           0                  0          0               0
       -1.79233             0          0           0                  0          0               0
       -1.79103             0          0           0                  0          0               0
       -1.78973             0          0           0                  0          0               0
       -1.78842             0          0           0                  0          0               0
       -1.78712             0          0           0                  0          0               0
       -1.78582             0          0           0                  0          0               0
       -1.78452             0          0           0                  0          0               0
       -1.78322             0          0           0                  0          0               0
       -1.78192             0          0           0                  0          0               0
       -1.78062             0          0           0                  0          0               0
       -1.77932             0          0           0                  0          0               0
       -1.77802             0          0           0                  0          0               0
       -1.77671             0          0           0                  0          0               0
       -1.77541             0          0           0                  0          0               0
       -1.77411             0          0           0                  0          0               0
       -1.77281             0          0           0                  0          0               0
       -1.77151             0          0           0                  0          0               0
       -1.77021             0          0           0                  0          0               0
       -1.76891             0          0           0                  0          0               0
       -1.76761             0          0           0                  0          0               0
       -1.76631             0          0           0                  0          0               0
       -1.76501             0          0           0                  0          0               0
        -1.7637             0          0           0                  0          0               0
        -1.7624             0          0           0                  0          0               0
        -1.7611             0          0           0                  0          0               0
        -1.7598             0          0           0                  0          0               0
        -1.7585             0          0           0                  0          0               0
        -1.7572             0          0           0                  0          0               0
        -1.7559             0          0           0                  0          0               0
        -1.7546             0          0           0                  0          0               0
        -1.7533             0          0           0                  0          0               0
         -1.752             0          0           0                  0          0               0
       -1.75069             0          0           0                  0          0               0
       -1.74939             0          0           0                  0          0               0
       -1.74809             0          0           0                  0          0               0
       -1.74679             0          0           0                  0          0               0
       -1.74549             0          0           0                  0          0               0
       -1.74419             0          0           0                  0          0               0
       -1.74289             0          0           0                  0          0               0
       -1.74159             0          0           0                  0          0               0
       -1.74029             0          0           0                  0          0               0
       -1.73899             0          0           0                  0          0               0
       -1.73768             0          0           0                  0          0               0
       -1.73638             0          0           0                  0          0               0
       -1.73508             0          0           0                  0          0               0
       -1.73378             0          0           0                  0          0               0
       -1.73248             0          0           0                  0          0               0
       -1.73118             0          0           0                  0          0               0
       -1.72988             0          0           0                  0          0               0
       -1.72858             0          0           0                  0          0               0
       -1.72728             0          0           0                  0          0               0
       -1.72597             0          0           0                  0          0               0
       -1.72467             0          0           0                  0          0               0
       -1.72337             0          0           0                  0          0               0
       -1.72207             0          0           0                  0          0               0
       -1.72077             0          0           0                  0          0               0
       -1.71947   9.07402e-05          0           0                  0          0               0
       -1.71817   0.000182203          0           0                  0          0               0
       -1.71687    0.00027254          0           0                  0          0               0
       -1.71557   0.000361798          0           0                  0          0               0
       -1.71427   0.000450022          0           0                  0          0               0
       -1.71296   0.000537258          0           0                  0          0               0
       -1.71166   0.000623553          0           0                  0          0               0
       -1.71036   0.000708949          0           0                  0          0               0
       -1.70906   0.000793492          0           0                  0          0               0
       -1.70776   0.000877226          0           0                  0          0               0
       -1.70646   0.000960192          0           0                  0          0               0
       -1.70516    0.00104244          0           0                  0          0               0
       -1.70386      0.001124          0           0                  0          0               0
       -1.70256    0.00120492          0           0                  0          0               0
       -1.70126    0.00128524          0           0                  0          0               0
       -1.69995    0.00136501          0           0                  0          0               0
       -1.69865    0.00144426          0           0                  0          0               0
       -1.69735    0.00152303          0           0                  0          0               0
       -1.69605    0.00160136          0           0                  0          0               0
       -1.69475     0.0016793          0           0                  0          0               0
       -1.69345    0.00175687          0           0                  0          0               0
       -1.69215    0.00183413          0           0                  0          0               0
       -1.69085     0.0019111          0           0                  0          0               0
       -1.68955    0.00198782          0           0                  0          0               0
       -1.68824    0.00206433          0           0                  0          0               0
       -1.68694    0.00214067          0           0                  0          0               0
       -1.68564    0.00221686          0           0                  0          0               0
       -1.68434    0.00229296          0           0                  0          0               0
       -1.68304    0.00236899          0           0                  0          0               0
       -1.68174    0.00244499          0           0                  0          0               0
       -1.68044    0.00252098          0           0                  0          0               0
       -1.67914    0.00259702          0           0                  0          0               0
       -1.67784    0.00267312          0           0                  0          0               0
       -1.67654    0.00274932          0           0                  0          0               0
       -1.67523    0.00282566          0           0                  0          0               0
       -1.67393    0.00290216          0           0                  0          0               0
       -1.67263    0.00297886          0           0                  0          0               0
       -1.67133    0.00305579          0           0                  0          0               0
       -1.67003    0.00313298          0           0                  0          0               0
       -1.66873    0.00321046          0           0                  0          0               0
       -1.66743    0.00328827          0           0                  0          0               0
       -1.66613    0.00336642          0           0                  0          0               0
       -1.66483    0.00344496          0           0                  0          0               0
       -1.66353     0.0035239          0           0                  0          0               0
       -1.66222    0.00360328          0           0                  0          0               0
       -1.66092    0.00368313          0           0                  0          0               0
       -1.65962    0.00376347          0           0                  0          0               0
       -1.65832    0.00384434          0           0                  0          0               0
       -1.65702    0.00392575          0           0                  0          0               0
       -1.65572    0.00400774          0           0                  0          0               0
       -1.65442    0.00409034          0           0                  0          0               0
       -1.65312    0.00417356          0           0                  0          0               0
       -1.65182    0.00425743          0           0                  0          0               0
       -1.65051    0.00434199          0           0                  0          0               0
       -1.64921    0.00442725          0           0                  0          0               0
       -1.64791    0.00451324          0           0                  0          0               0
       -1.64661    0.00459998          0           0                  0          0               0
       -1.64531    0.00468751          0           0                  0          0               0
       -1.64401    0.00477583          0           0                  0          0               0
       -1.64271    0.00486498          0           0                  0          0               0
       -1.64141    0.00495498          0           0                  0          0               0
       -1.64011    0.00504584          0           0                  0          0               0
       -1.63881     0.0051376          0           0                  0          0               0
        -1.6375    0.00523028          0           0                  0          0               0
        -1.6362    0.00532389          0           0                  0          0               0
        -1.6349    0.00541847          0           0                  0          0               0
        -1.6336    0.00551402          0           0                  0          0               0
        -1.6323    0.00561057          0           0                  0          0               0
         -1.631    0.00570814          0           0                  0          0               0
        -1.6297    0.00580675          0           0                  0          0               0
        -1.6284    0.00590643          0           0                  0          0               0
        -1.6271    0.00600718          0           0                  0          0               0
        -1.6258    0.00610903          0           0                  0          0               0
       -1.62449    0.00621201          0           0                  0          0               0
       -1.62319    0.00631611          0           0                  0          0               0
       -1.62189    0.00642138          0           0                  0          0               0
       -1.62059    0.00652782          0           0                  0          0               0
       -1.61929    0.00663545          0           0                  0          0               0
       -1.61799    0.00674429          0           0                  0          0               0
       -1.61669    0.00685435          0           0                  0          0               0
       -1.61539    0.00696566          0           0                  0          0               0
       -1.61409    0.00707822          0           0                  0          0               0
       -1.61279    0.00719207          0           0                  0          0               0
       -1.61148     0.0073072          0           0                  0          0               0
       -1.61018    0.00742364          0           0                  0          0               0
       -1.60888    0.00754141          0           0                  0          0               0
       -1.60758    0.00766051          0           0                  0          0               0
       -1.60628    0.00778097          0           0                  0          0               0
       -1.60498     0.0079028          0           0                  0          0               0
       -1.60368    0.00802601          0           0                  0          0               0
       -1.60238    0.00815061          0           0                  0          0               0
       -1.60108    0.00827663          0           0                  0          0               0
       -1.59977    0.00840407          0           0                  0          0               0
       -1.59847    0.00853295          0           0                  0          0               0
       -1.59717    0.00866329          0           0                  0          0               0
       -1.59587    0.00879508          0           0                  0          0               0
       -1.59457    0.00892835          0           0                  0          0               0
       -1.59327    0.00906312          0           0                  0          0               0
       -1.59197    0.00919938          0           0                  0          0               0
       -1.59067    0.00933716          0           0                  0          0               0
       -1.58937    0.00947646          0           0                  0          0               0
       -1.58807     0.0096173          0           0                  0          0               0
       -1.58676    0.00975969          0           0                  0          0               0
       -1.58546    0.00990364          0           0                  0          0               0
       -1.58416     0.0100492          0           0                  0          0               0
       -1.58286     0.0101963          0           0                  0          0               0
       -1.58156     0.0103449          0           0                  0          0               0
       -1.58026     0.0104952          0           0                  0          0               0
       -1.57896     0.0106471          0           0                  0          0               0
       -1.57766     0.0108007          0           0                  0          0               0
       -1.57636     0.0109558          0           0                  0          0               0
       -1.57506     0.0111126          0           0                  0          0               0
       -1.57375      0.011271          0           0                  0          0               0
       -1.57245     0.0114311          0           0                  0          0               0
       -1.57115     0.0115929          0           0                  0          0               0
       -1.56985     0.0117563          0           0                  0          0               0
       -1.56855     0.0119214          0           0                  0          0               0
       -1.56725     0.0120882          0           0                  0          0               0
       -1.56595     0.0122568          0           0                  0          0               0
       -1.56465      0.012427          0           0                  0          0               0
       -1.56335     0.0125989          0           0                  0          0               0
       -1.56204     0.0127725          0           0                  0          0               0
       -1.56074     0.0129479          0           0                  0          0               0
       -1.55944      0.013125          0           0                  0          0               0
       -1.55814     0.0133038          0           0                  0          0               0
       -1.55684     0.0134844          0           0                  0          0               0
       -1.55554     0.0136668          0           0                  0          0               0
       -1.55424     0.0138509          0           0                  0          0               0
       -1.55294     0.0140368          0           0                  0          0               0
       -1.55164     0.0142244          0           0                  0          0               0
       -1.55034     0.0144138          0           0                  0          0               0
       -1.54903      0.014605          0           0                  0          0               0
       -1.54773      0.014798          0           0                  0          0               0
       -1.54643     0.0149928          0           0                  0          0               0
       -1.54513     0.0151893          0           0                  0          0               0
       -1.54383     0.0153877          0           0                  0          0               0
       -1.54253     0.0155879          0           0                  0          0               0
       -1.54123     0.0157899          0           0                  0          0               0
       -1.53993     0.0159937          0           0                  0          0               0
       -1.53863     0.0161993          0           0                  0          0               0
       -1.53733     0.0164067          0           0                  0          0               0
       -1.53602      0.016616          0           0                  0          0               0
       -1.53472      0.016827          0           0                  0          0               0
       -1.53342       0.01704          0           0                  0          0               0
       -1.53212     0.0172547          0           0                  0          0               0
       -1.53082     0.0174713          0           0                  0          0               0
       -1.52952     0.0176897          0           0                  0          0               0
       -1.52822       0.01791          0           0                  0          0               0
       -1.52692     0.0181321          0           0                  0          0               0
       -1.52562     0.0183561          0           0                  0          0               0
       -1.52432     0.0185819          0           0                  0          0               0
       -1.52301     0.0188095          0           0                  0          0               0
       -1.52171     0.0190391          0           0                  0          0               0
       -1.52041     0.0192705          0           0                  0          0               0
       -1.51911     0.0195039          0           0                  0          0               0
       -1.51781     0.0197393          0           0                  0          0               0
       -1.51651     0.0199768          0           0                  0          0               0
       -1.51521     0.0202165          0           0                  0          0               0
       -1.51391     0.0204583          0           0                  0          0               0
       -1.51261     0.0207024          0           0                  0          0               0
        -1.5113     0.0209488          0           0                  0          0               0
          -1.51     0.0211976          0           0                  0          0               0
        -1.5087     0.0214488          0           0                  0          0               0
        -1.5074     0.0217025          0           0                  0          0               0
        -1.5061     0.0219587          0           0                  0          0               0
        -1.5048     0.0222174          0           0                  0          0               0
        -1.5035     0.0224788          0           0                  0          0               0
        -1.5022     0.0227429          0           0                  0          0               0
        -1.5009     0.0230096          0           0                  0          0               0
        -1.4996     0.0232792          0           0                  0          0               0
       -1.49829     0.0235515          0           0                  0          0               0
       -1.49699     0.0238268          0           0                  0          0               0
       -1.49569     0.0241049          0           0                  0          0               0
       -1.49439      0.024386          0           0                  0          0               0
       -1.49309     0.0246701          0           0                  0          0               0
       -1.49179     0.0249572          0           0                  0          0               0
       -1.49049     0.0252474          0           0                  0          0               0
       -1.48919     0.0255407          0           0                  0          0               0
       -1.48789     0.0258372          0           0                  0          0               0
       -1.48659     0.0261369          0           0                  0          0               0
       -1.48528     0.0264399          0           0                  0          0               0
       -1.48398     0.0267461          0           0                  0          0               0
       -1.48268     0.0270557          0           0                  0          0               0
       -1.48138     0.0273686          0           0                  0          0               0
       -1.48008      0.027685          0           0                  0          0               0
       -1.47878     0.0280048          0           0                  0          0               0
       -1.47748      0.028328          0           0                  0          0               0
       -1.47618     0.0286548          0           0                  0          0               0
       -1.47488     0.0289851          0           0                  0          0               0
       -1.47357      0.029319          0           0                  0          0               0
       -1.47227     0.0296565          0           0                  0          0               0
       -1.47097     0.0299976          0           0                  0          0               0
       -1.46967     0.0303424          0           0                  0          0               0
       -1.46837     0.0306909          0           0                  0          0               0
       -1.46707     0.0310432          0           0                  0          0               0
       -1.46577     0.0313992          0           0                  0          0               0
       -1.46447     0.0317591          0           0                  0          0               0
       -1.46317     0.0321227          0           0                  0          0               0
       -1.46187     0.0324902          0           0                  0          0               0
       -1.46056     0.0328617          0           0                  0          0               0
       -1.45926      0.033237          0           0                  0          0               0
       -1.45796     0.0336162          0           0                  0          0               0
       -1.45666     0.0339994          0           0                  0          0               0
       -1.45536     0.0343867          0           0                  0          0               0
       -1.45406     0.0347779          0           0                  0          0               0
       -1.45276     0.0351732          0           0                  0          0               0
       -1.45146     0.0355725          0           0                  0          0               0
       -1.45016     0.0359759          0           0                  0          0               0
       -1.44886     0.0363835          0           0                  0          0               0
       -1.44755     0.0367951          0           0                  0          0               0
       -1.44625     0.0372109          0           0                  0          0               0
       -1.44495     0.0376309          0           0                  0          0               0
       -1.44365     0.0380551          0           0                  0          0               0
       -1.44235     0.0384836          0           0                  0          0               0
       -1.44105     0.0389162          0           0                  0          0               0
       -1.43975     0.0393531          0           0                  0          0               0
       -1.43845     0.0397943          0           0                  0          0               0
       -1.43715     0.0402398          0           0                  0          0               0
       -1.43585     0.0406896          0           0                  0          0               0
       -1.43454     0.0411437          0           0                  0          0               0
       -1.43324     0.0416021          0           0                  0          0               0
       -1.43194      0.042065          0           0                  0          0               0
       -1.43064     0.0425322          0           0                  0          0               0
       -1.42934     0.0430038          0           0                  0          0               0
       -1.42804     0.0434798          0           0                  0          0               0
       -1.42674     0.0439602          0           0                  0          0               0
       -1.42544      0.044445          0           0                  0          0               0
       -1.42414     0.0449343          0           0                  0          0               0
       -1.42283     0.0454281          0           0                  0          0               0
       -1.42153     0.0459263          0           0                  0          0               0
       -1.42023     0.0464291          0           0                  0          0               0
       -1.41893     0.0469363          0           0                  0          0               0
       -1.41763      0.047448          0           0                  0          0               0
       -1.41633     0.0479643          0           0                  0          0               0
       -1.41503     0.0484851          0           0                  0          0               0
       -1.41373     0.0490104          0           0                  0          0               0
       -1.41243     0.0495403          0           0                  0          0               0
       -1.41113     0.0500747          0           0                  0          0               0
       -1.40982     0.0506137          0           0                  0          0               0
       -1.40852     0.0511573          0           0                  0          0               0
       -1.40722     0.0517055          0           0                  0          0               0
       -1.40592     0.0522582          0           0                  0          0               0
       -1.40462     0.0528156          0           0                  0          0               0
       -1.40332     0.0533775          0           0                  0          0               0
       -1.40202     0.0539441          0           0                  0          0               0
       -1.40072     0.0545153          0           0                  0          0               0
       -1.39942     0.0550911          0           0                  0          0               0
       -1.39812     0.0556715          0           0                  0          0               0
       -1.39681     0.0562566          0           0                  0          0               0
       -1.39551     0.0568464          0           0                  0          0               0
       -1.39421     0.0574412          0           0                  0          0               0
       -1.39291      0.058041          0           0                  0          0               0
       -1.39161     0.0586459          0           0                  0          0               0
       -1.39031     0.0592562          0           0                  0          0               0
       -1.38901      0.059872          0           0                  0          0               0
       -1.38771     0.0604933          0           0                  0          0               0
       -1.38641     0.0611204          0           0                  0          0               0
        -1.3851     0.0617533          0           0                  0          0               0
        -1.3838     0.0623922          0           0                  0          0               0
        -1.3825     0.0630373          0           0                  0          0               0
        -1.3812     0.0636885          0           0                  0          0               0
        -1.3799     0.0643461          0           0                  0          0               0
        -1.3786     0.0650102          0           0                  0          0               0
        -1.3773     0.0656809          0           0                  0          0               0
         -1.376     0.0663583          0           0                  0          0               0
        -1.3747     0.0670425          0           0                  0          0               0
        -1.3734     0.0677337          0           0                  0          0               0
       -1.37209     0.0684319          0           0                  0          0               0
       -1.37079     0.0691373          0           0                  0          0               0
       -1.36949     0.0698499          0           0                  0          0               0
       -1.36819     0.0705699          0           0                  0          0               0
       -1.36689     0.0712974          0           0                  0          0               0
       -1.36559     0.0720325          0           0                  0          0               0
       -1.36429     0.0727753          0           0                  0          0               0
       -1.36299     0.0735258          0           0                  0          0               0
       -1.36169     0.0742843          0           0                  0          0               0
       -1.36039     0.0750507          0           0                  0          0               0
       -1.35908     0.0758251          0           0                  0          0               0
       -1.35778     0.0766078          0           0                  0          0               0
       -1.35648     0.0773987          0           0                  0          0               0
       -1.35518     0.0781979          0           0                  0          0               0
       -1.35388     0.0790056          0           0                  0          0               0
       -1.35258     0.0798217          0           0                  0          0               0
       -1.35128     0.0806465          0           0                  0          0               0
       -1.34998       0.08148          0           0                  0          0               0
       -1.34868     0.0823222          0           0                  0          0               0
       -1.34738     0.0831733          0           0                  0          0               0
       -1.34607     0.0840333          0           0                  0          0               0
       -1.34477     0.0849023          0           0                  0          0               0
       -1.34347     0.0857804          0           0                  0          0               0
       -1.34217     0.0866676          0           0                  0          0               0
       -1.34087     0.0875641          0           0                  0          0               0
       -1.33957     0.0884698          0           0                  0          0               0
       -1.33827     0.0893849          0           0                  0          0               0
       -1.33697     0.0903094          0           0                  0          0               0
       -1.33567     0.0912435          0           0                  0          0               0
       -1.33436     0.0921871          0           0                  0          0               0
       -1.33306     0.0931403          0           0                  0          0               0
       -1.33176     0.0941032          0           0                  0          0               0
       -1.33046     0.0950759          0           0                  0          0               0
       -1.32916     0.0960584          0           0                  0          0               0
       -1.32786     0.0970507          0           0                  0          0               0
       -1.32656      0.098053          0           0                  0          0               0
       -1.32526     0.0990652          0           0                  0          0               0
       -1.32396      0.100088          0           0                  0          0               0
       -1.32266       0.10112          0           0                  0          0               0
       -1.32135      0.102162          0           0                  0          0               0
       -1.32005      0.103215          0           0                  0          0               0
       -1.31875      0.104278          0           0                  0          0               0
       -1.31745      0.105351          0           0                  0          0               0
       -1.31615      0.106435          0           0                  0          0               0
       -1.31485      0.107529          0           0                  0          0               0
       -1.31355      0.108633          0           0                  0          0               0
       -1.31225      0.109748          0           0                  0          0               0
       -1.31095      0.110873          0           0                  0          0               0
       -1.30965      0.112009          0           0                  0          0               0
       -1.30834      0.113156          0           0                  0          0               0
       -1.30704      0.114313          0           0                  0          0               0
       -1.30574      0.115481          0           0                  0          0               0
       -1.30444      0.116659          0           0                  0          0               0
       -1.30314      0.117848          0           0                  0          0               0
       -1.30184      0.119048          0           0                  0          0               0
       -1.30054      0.120259          0           0                  0          0               0
       -1.29924      0.121481          0           0                  0          0               0
       -1.29794      0.122714          0           0                  0          0               0
       -1.29663      0.123958          0           0                  0          0               0
       -1.29533      0.125213          0           0                  0          0               0
       -1.29403       0.12648          0           0                  0          0               0
       -1.29273      0.127758          0           0                  0          0               0
       -1.29143      0.129048          0           0                  0          0               0
       -1.29013      0.130351          0           0                  0          0               0
       -1.28883      0.131665          0           0                  0          0               0
       -1.28753      0.132991          0           0                  0          0               0
       -1.28623       0.13433          0           0                  0          0               0
       -1.28493      0.135682          0           0                  0          0               0
       -1.28362      0.137046          0           0                  0          0               0
       -1.28232      0.138423          0           0                  0          0               0
       -1.28102      0.139812          0           0                  0          0               0
       -1.27972      0.141215          0           0                  0          0               0
       -1.27842      0.142631          0           0                  0          0               0
       -1.27712       0.14406          0           0                  0          0               0
       -1.27582      0.145503          0           0                  0          0               0
       -1.27452      0.146959          0           0                  0          0               0
       -1.27322      0.148428          0           0                  0          0               0
       -1.27192      0.149912          0           0                  0          0               0
       -1.27061      0.151409          0           0                  0          0               0
       -1.26931       0.15292          0           0                  0          0               0
       -1.26801      0.154445          0           0                  0          0               0
       -1.26671      0.155984          0           0                  0          0               0
       -1.26541      0.157538          0           0                  0          0               0
       -1.26411      0.159106          0           0                  0          0               0
       -1.26281      0.160688          0           0                  0          0               0
       -1.26151      0.162285          0           0                  0          0               0
       -1.26021      0.163896          0           0                  0          0               0
        -1.2589      0.165522          0           0                  0          0               0
        -1.2576      0.167163          0           0                  0          0               0
        -1.2563      0.168819          0           0                  0          0               0
         -1.255       0.17049          0           0                  0          0               0
        -1.2537      0.172176          0           0                  0          0               0
        -1.2524      0.173877          0           0                  0          0               0
        -1.2511      0.175593          0           0                  0          0               0
        -1.2498      0.177324          0           0                  0          0               0
        -1.2485      0.179071          0           0                  0          0               0
        -1.2472      0.180833          0           0                  0          0               0
       -1.24589      0.182611          0           0                  0          0               0
       -1.24459      0.184405          0           0                  0          0               0
       -1.24329      0.186214          0           0                  0          0               0
       -1.24199      0.188038          0           0                  0          0               0
       -1.24069      0.189879          0           0                  0          0               0
       -1.23939      0.191735          0           0                  0          0               0
       -1.23809      0.193607          0           0                  0          0               0
       -1.23679      0.195495          0           0                  0          0               0
       -1.23549      0.197399          0           0                  0          0               0
       -1.23419      0.199319          0           0                  0          0               0
       -1.23288      0.201256          0           0                  0          0               0
       -1.23158      0.203208          0           0                  0          0               0
       -1.23028      0.205177          0           0                  0          0               0
       -1.22898      0.207161          0           0                  0          0               0
       -1.22768      0.209163          0           0                  0          0               0
       -1.22638       0.21118          0           0                  0          0               0
       -1.22508      0.213214          0           0                  0          0               0
       -1.22378      0.215264          0           0                  0          0               0
       -1.22248      0.217331          0           0                  0          0               0
       -1.22118      0.219414          0           0                  0          0               0
       -1.21987      0.221514          0           0                  0          0               0
       -1.21857      0.223631          0           0                  0          0               0
       -1.21727      0.225765          0           0                  0          0               0
       -1.21597      0.227917          0           0                  0          0               0
       -1.21467      0.230086          0           0                  0          0               0
       -1.21337      0.232274          0           0                  0          0               0
       -1.21207      0.234479          0           0                  0          0               0
       -1.21077      0.236704          0           0                  0          0               0
       -1.20947      0.238947          0           0                  0          0               0
       -1.20816       0.24121          0           0                  0          0               0
       -1.20686      0.243492          0           0                  0          0               0
       -1.20556      0.245793          0           0                  0          0               0
       -1.20426      0.248115          0           0                  0          0               0
       -1.20296      0.250456          0           0                  0          0               0
       -1.20166      0.252818          0           0                  0          0               0
       -1.20036        0.2552          0           0                  0          0               0
       -1.19906      0.257604          0           0                  0          0               0
       -1.19776      0.260028          0           0                  0          0               0
       -1.19646      0.262473          0           0                  0          0               0
       -1.19515       0.26494          0           0                  0          0               0
       -1.19385      0.267429          0           0                  0          0               0
       -1.19255       0.26994          0           0                  0          0               0
       -1.19125      0.272472          0           0                  0          0               0
       -1.18995      0.275027          0           0                  0          0               0
       -1.18865      0.277604          0           0                  0          0               0
       -1.18735      0.280204          0           0                  0          0               0
       -1.18605      0.282827          0           0                  0          0               0
       -1.18475      0.285473          0           0                  0          0               0
       -1.18345      0.288142          0           0                  0          0               0
       -1.18214      0.290835          0           0                  0          0               0
       -1.18084      0.293551          0           0                  0          0               0
       -1.17954      0.296291          0           0                  0          0               0
       -1.17824      0.299054          0           0                  0          0               0
       -1.17694      0.301842          0           0                  0          0               0
       -1.17564      0.304654          0           0                  0          0               0
       -1.17434       0.30749          0           0                  0          0               0
       -1.17304      0.310351          0           0                  0          0               0
       -1.17174      0.313237          0           0                  0          0               0
       -1.17043      0.316147          0           0                  0          0               0
       -1.16913      0.319082          0           0                  0          0               0
       -1.16783      0.322043          0           0                  0          0               0
       -1.16653      0.325028          0           0                  0          0               0
       -1.16523      0.328039          0           0                  0          0               0
       -1.16393      0.331076          0           0                  0          0               0
       -1.16263      0.334138          0           0                  0          0               0
       -1.16133      0.337225          0           0                  0          0               0
       -1.16003      0.340339          0           0                  0          0               0
       -1.15873      0.343479          0           0                  0          0               0
       -1.15742      0.346644          0           0                  0          0               0
       -1.15612      0.349836          0           0                  0          0               0
       -1.15482      0.353054          0           0                  0          0               0
       -1.15352      0.356299          0           0                  0          0               0
       -1.15222       0.35957          0           0                  0          0               0
       -1.15092      0.362868          0           0                  0          0               0
       -1.14962      0.366193          0           0                  0          0               0
       -1.14832      0.369546          0           0                  0          0               0
       -1.14702      0.372927          0           0                  0          0               0
       -1.14572      0.376335          0           0                  0          0               0
       -1.14441      0.379772          0           0                  0          0               0
       -1.14311      0.383237          0           0                  0          0               0
       -1.14181       0.38673          0           0                  0          0               0
       -1.14051      0.390253          0           0                  0          0               0
       -1.13921      0.393804          0           0                  0          0               0
       -1.13791      0.397385          0           0                  0          0               0
       -1.13661      0.400995          0           0                  0          0               0
       -1.13531      0.404635          0           0                  0          0               0
       -1.13401      0.408305          0           0                  0          0               0
       -1.13271      0.412005          0           0                  0          0               0
        -1.1314      0.415736          0           0                  0          0               0
        -1.1301      0.419496          0           0                  0          0               0
        -1.1288      0.423288          0           0                  0          0               0
        -1.1275       0.42711          0           0                  0          0               0
        -1.1262      0.430964          0           0                  0          0               0
        -1.1249      0.434848          0           0                  0          0               0
        -1.1236      0.438764          0           0                  0          0               0
        -1.1223      0.442712          0           0                  0          0               0
         -1.121      0.446691          0           0                  0          0               0
       -1.11969      0.450702          0           0                  0          0               0
       -1.11839      0.454745          0           0                  0          0               0
       -1.11709       0.45882          0           0                  0          0               0
       -1.11579      0.462927          0           0                  0          0               0
       -1.11449      0.467067          0           0                  0          0               0
       -1.11319      0.471239          0           0                  0          0               0
       -1.11189      0.475445          0           0                  0          0               0
       -1.11059      0.479682          0           0                  0          0               0
       -1.10929      0.483953          0           0                  0          0               0
       -1.10799      0.488257          0           0                  0          0               0
       -1.10668      0.492594          0           0                  0          0               0
       -1.10538      0.496965          0           0                  0          0               0
       -1.10408      0.501368          0           0                  0          0               0
       -1.10278      0.505806          0           0                  0          0               0
       -1.10148      0.510277          0           0                  0          0               0
       -1.10018      0.514781          0           0                  0          0               0
       -1.09888       0.51932          0           0                  0          0               0
       -1.09758      0.523892          0           0                  0          0               0
       -1.09628      0.528498          0           0                  0          0               0
       -1.09498      0.533139          0           0                  0          0               0
       -1.09367      0.537814          0           0                  0          0               0
       -1.09237      0.542524          0           0                  0          0               0
       -1.09107      0.547269          0           0                  0          0               0
       -1.08977      0.552049          0           0                  0          0               0
       -1.08847      0.556866          0           0                  0          0               0
       -1.08717      0.561719          0           0                  0          0               0
       -1.08587      0.566608          0           0                  0          0               0
       -1.08457      0.571534          0           0                  0          0               0
       -1.08327      0.576498          0           0                  0          0               0
       -1.08196      0.581498          0           0                  0          0               0
       -1.08066      0.586537          0           0                  0          0               0
       -1.07936      0.591613          0           0                  0          0               0
       -1.07806      0.596727          0           0                  0          0               0
       -1.07676      0.601881          0           0                  0          0               0
       -1.07546      0.607073          0           0                  0          0               0
       -1.07416      0.612304          0           0                  0          0               0
       -1.07286      0.617574          0           0                  0          0               0
       -1.07156      0.622884          0           0                  0          0               0
       -1.07026      0.628233          0           0                  0          0               0
       -1.06895      0.633623          0           0                  0          0               0
       -1.06765      0.639053          0           0                  0          0               0
       -1.06635      0.644523          0           0                  0          0               0
       -1.06505      0.650034          0           0                  0          0               0
       -1.06375      0.655586          0           0                  0          0               0
       -1.06245      0.661179          0           0                  0          0               0
       -1.06115      0.666814          0           0                  0          0               0
       -1.05985      0.672489          0           0                  0          0               0
       -1.05855      0.678207          0           0                  0          0               0
       -1.05725      0.683967          0           0                  0          0               0
       -1.05594      0.689768          0           0                  0          0               0
       -1.05464      0.695612          0           0                  0          0               0
       -1.05334      0.701498          0           0                  0          0               0
       -1.05204      0.707427          0           0                  0          0               0
       -1.05074      0.713399          0           0                  0          0               0
       -1.04944      0.719413          0           0                  0          0               0
       -1.04814      0.725471          0           0                  0          0               0
       -1.04684      0.731571          0           0                  0          0               0
       -1.04554      0.737715          0           0                  0          0               0
       -1.04424      0.743903          0           0                  0          0               0
       -1.04293      0.750134          0           0                  0          0               0
       -1.04163      0.756408          0           0                  0          0               0
       -1.04033      0.762725          0           0                  0          0               0
       -1.03903      0.769084          0           0                  0          0               0
       -1.03773      0.775487          0           0                  0          0               0
       -1.03643      0.781932          0           0                  0          0               0
       -1.03513      0.788419          0           0                  0          0               0
       -1.03383      0.794949          0           0                  0          0               0
       -1.03253       0.80152          0           0                  0          0               0
       -1.03122      0.808134          0           0                  0          0               0
       -1.02992      0.814789          0           0                  0          0               0
       -1.02862      0.821486          0           0                  0          0               0
       -1.02732      0.828224          0           0                  0          0               0
       -1.02602      0.835004          0           0                  0          0               0
       -1.02472      0.841825          0           0                  0          0               0
       -1.02342      0.848686          0           0                  0          0               0
       -1.02212      0.855589          0           0                  0          0               0
       -1.02082      0.862532          0           0                  0          0               0
       -1.01952      0.869515          0           0                  0          0               0
       -1.01821      0.876539          0           0                  0          0               0
       -1.01691      0.883602          0           0                  0          0               0
       -1.01561      0.890706          0           0                  0          0               0
       -1.01431      0.897849          0           0                  0          0               0
       -1.01301      0.905032          0           0                  0          0               0
       -1.01171      0.912255          0           0                  0          0               0
       -1.01041      0.919516          0           0                  0          0               0
       -1.00911      0.926817          0           0                  0          0               0
       -1.00781      0.934156          0           0                  0          0               0
       -1.00651      0.941535          0           0                  0          0               0
        -1.0052      0.948951          0           0                  0          0               0
        -1.0039      0.956407          0           0                  0          0               0
        -1.0026        0.9639          0           0                  0          0               0
        -1.0013      0.971431          0           0                  0          0               0
             -1         0.979          0           0                  0          0               0
