# Neutrino-40Ar cc cross section (10^-38 cm^2/GeV) #
# log(energy in GeV)  nu_e      nu_mu      nu_tau      nu_e_bar      nu_mu_bar    nu_tau_bar #

-3.301030  0.000000e+00  0.000000e+00  0.000000e+00  0.000000e+00  0.000000e+00  0.000000e+00
-3.298428  0.000000e+00  0.000000e+00  0.000000e+00  0.000000e+00  0.000000e+00  0.000000e+00
-3.295826  0.000000e+00  0.000000e+00  0.000000e+00  0.000000e+00  0.000000e+00  0.000000e+00
-3.293224  0.000000e+00  0.000000e+00  0.000000e+00  0.000000e+00  0.000000e+00  0.000000e+00
-3.290622  0.000000e+00  0.000000e+00  0.000000e+00  0.000000e+00  0.000000e+00  0.000000e+00
-3.288020  0.000000e+00  0.000000e+00  0.000000e+00  0.000000e+00  0.000000e+00  0.000000e+00
-3.285418  0.000000e+00  0.000000e+00  0.000000e+00  0.000000e+00  0.000000e+00  0.000000e+00
-3.282816  0.000000e+00  0.000000e+00  0.000000e+00  0.000000e+00  0.000000e+00  0.000000e+00
-3.280214  0.000000e+00  0.000000e+00  0.000000e+00  0.000000e+00  0.000000e+00  0.000000e+00
-3.277611  0.000000e+00  0.000000e+00  0.000000e+00  0.000000e+00  0.000000e+00  0.000000e+00
-3.275009  0.000000e+00  0.000000e+00  0.000000e+00  0.000000e+00  0.000000e+00  0.000000e+00
-3.272407  0.000000e+00  0.000000e+00  0.000000e+00  0.000000e+00  0.000000e+00  0.000000e+00
-3.269805  0.000000e+00  0.000000e+00  0.000000e+00  0.000000e+00  0.000000e+00  0.000000e+00
-3.267203  0.000000e+00  0.000000e+00  0.000000e+00  0.000000e+00  0.000000e+00  0.000000e+00
-3.264601  0.000000e+00  0.000000e+00  0.000000e+00  0.000000e+00  0.000000e+00  0.000000e+00
-3.261999  0.000000e+00  0.000000e+00  0.000000e+00  0.000000e+00  0.000000e+00  0.000000e+00
-3.259397  0.000000e+00  0.000000e+00  0.000000e+00  0.000000e+00  0.000000e+00  0.000000e+00
-3.256795  0.000000e+00  0.000000e+00  0.000000e+00  0.000000e+00  0.000000e+00  0.000000e+00
-3.254193  0.000000e+00  0.000000e+00  0.000000e+00  0.000000e+00  0.000000e+00  0.000000e+00
-3.251591  0.000000e+00  0.000000e+00  0.000000e+00  0.000000e+00  0.000000e+00  0.000000e+00
-3.248989  0.000000e+00  0.000000e+00  0.000000e+00  0.000000e+00  0.000000e+00  0.000000e+00
-3.246387  0.000000e+00  0.000000e+00  0.000000e+00  0.000000e+00  0.000000e+00  0.000000e+00
-3.243785  0.000000e+00  0.000000e+00  0.000000e+00  0.000000e+00  0.000000e+00  0.000000e+00
-3.241183  0.000000e+00  0.000000e+00  0.000000e+00  0.000000e+00  0.000000e+00  0.000000e+00
-3.238581  0.000000e+00  0.000000e+00  0.000000e+00  0.000000e+00  0.000000e+00  0.000000e+00
-3.235978  0.000000e+00  0.000000e+00  0.000000e+00  0.000000e+00  0.000000e+00  0.000000e+00
-3.233376  0.000000e+00  0.000000e+00  0.000000e+00  0.000000e+00  0.000000e+00  0.000000e+00
-3.230774  0.000000e+00  0.000000e+00  0.000000e+00  0.000000e+00  0.000000e+00  0.000000e+00
-3.228172  0.000000e+00  0.000000e+00  0.000000e+00  0.000000e+00  0.000000e+00  0.000000e+00
-3.225570  0.000000e+00  0.000000e+00  0.000000e+00  0.000000e+00  0.000000e+00  0.000000e+00
-3.222968  0.000000e+00  0.000000e+00  0.000000e+00  0.000000e+00  0.000000e+00  0.000000e+00
-3.220366  0.000000e+00  0.000000e+00  0.000000e+00  0.000000e+00  0.000000e+00  0.000000e+00
-3.217764  0.000000e+00  0.000000e+00  0.000000e+00  0.000000e+00  0.000000e+00  0.000000e+00
-3.215162  0.000000e+00  0.000000e+00  0.000000e+00  0.000000e+00  0.000000e+00  0.000000e+00
-3.212560  0.000000e+00  0.000000e+00  0.000000e+00  0.000000e+00  0.000000e+00  0.000000e+00
-3.209958  0.000000e+00  0.000000e+00  0.000000e+00  0.000000e+00  0.000000e+00  0.000000e+00
-3.207356  0.000000e+00  0.000000e+00  0.000000e+00  0.000000e+00  0.000000e+00  0.000000e+00
-3.204754  0.000000e+00  0.000000e+00  0.000000e+00  0.000000e+00  0.000000e+00  0.000000e+00
-3.202152  0.000000e+00  0.000000e+00  0.000000e+00  0.000000e+00  0.000000e+00  0.000000e+00
-3.199550  0.000000e+00  0.000000e+00  0.000000e+00  0.000000e+00  0.000000e+00  0.000000e+00
-3.196948  0.000000e+00  0.000000e+00  0.000000e+00  0.000000e+00  0.000000e+00  0.000000e+00
-3.194346  0.000000e+00  0.000000e+00  0.000000e+00  0.000000e+00  0.000000e+00  0.000000e+00
-3.191743  0.000000e+00  0.000000e+00  0.000000e+00  0.000000e+00  0.000000e+00  0.000000e+00
-3.189141  0.000000e+00  0.000000e+00  0.000000e+00  0.000000e+00  0.000000e+00  0.000000e+00
-3.186539  0.000000e+00  0.000000e+00  0.000000e+00  0.000000e+00  0.000000e+00  0.000000e+00
-3.183937  0.000000e+00  0.000000e+00  0.000000e+00  0.000000e+00  0.000000e+00  0.000000e+00
-3.181335  0.000000e+00  0.000000e+00  0.000000e+00  0.000000e+00  0.000000e+00  0.000000e+00
-3.178733  0.000000e+00  0.000000e+00  0.000000e+00  0.000000e+00  0.000000e+00  0.000000e+00
-3.176131  0.000000e+00  0.000000e+00  0.000000e+00  0.000000e+00  0.000000e+00  0.000000e+00
-3.173529  0.000000e+00  0.000000e+00  0.000000e+00  0.000000e+00  0.000000e+00  0.000000e+00
-3.170927  0.000000e+00  0.000000e+00  0.000000e+00  0.000000e+00  0.000000e+00  0.000000e+00
-3.168325  0.000000e+00  0.000000e+00  0.000000e+00  0.000000e+00  0.000000e+00  0.000000e+00
-3.165723  0.000000e+00  0.000000e+00  0.000000e+00  0.000000e+00  0.000000e+00  0.000000e+00
-3.163121  0.000000e+00  0.000000e+00  0.000000e+00  0.000000e+00  0.000000e+00  0.000000e+00
-3.160519  0.000000e+00  0.000000e+00  0.000000e+00  0.000000e+00  0.000000e+00  0.000000e+00
-3.157917  0.000000e+00  0.000000e+00  0.000000e+00  0.000000e+00  0.000000e+00  0.000000e+00
-3.155315  0.000000e+00  0.000000e+00  0.000000e+00  0.000000e+00  0.000000e+00  0.000000e+00
-3.152713  0.000000e+00  0.000000e+00  0.000000e+00  0.000000e+00  0.000000e+00  0.000000e+00
-3.150111  0.000000e+00  0.000000e+00  0.000000e+00  0.000000e+00  0.000000e+00  0.000000e+00
-3.147508  0.000000e+00  0.000000e+00  0.000000e+00  0.000000e+00  0.000000e+00  0.000000e+00
-3.144906  0.000000e+00  0.000000e+00  0.000000e+00  0.000000e+00  0.000000e+00  0.000000e+00
-3.142304  0.000000e+00  0.000000e+00  0.000000e+00  0.000000e+00  0.000000e+00  0.000000e+00
-3.139702  0.000000e+00  0.000000e+00  0.000000e+00  0.000000e+00  0.000000e+00  0.000000e+00
-3.137100  0.000000e+00  0.000000e+00  0.000000e+00  0.000000e+00  0.000000e+00  0.000000e+00
-3.134498  0.000000e+00  0.000000e+00  0.000000e+00  0.000000e+00  0.000000e+00  0.000000e+00
-3.131896  0.000000e+00  0.000000e+00  0.000000e+00  0.000000e+00  0.000000e+00  0.000000e+00
-3.129294  0.000000e+00  0.000000e+00  0.000000e+00  0.000000e+00  0.000000e+00  0.000000e+00
-3.126692  0.000000e+00  0.000000e+00  0.000000e+00  0.000000e+00  0.000000e+00  0.000000e+00
-3.124090  0.000000e+00  0.000000e+00  0.000000e+00  0.000000e+00  0.000000e+00  0.000000e+00
-3.121488  0.000000e+00  0.000000e+00  0.000000e+00  0.000000e+00  0.000000e+00  0.000000e+00
-3.118886  0.000000e+00  0.000000e+00  0.000000e+00  0.000000e+00  0.000000e+00  0.000000e+00
-3.116284  0.000000e+00  0.000000e+00  0.000000e+00  0.000000e+00  0.000000e+00  0.000000e+00
-3.113682  0.000000e+00  0.000000e+00  0.000000e+00  0.000000e+00  0.000000e+00  0.000000e+00
-3.111080  0.000000e+00  0.000000e+00  0.000000e+00  0.000000e+00  0.000000e+00  0.000000e+00
-3.108478  0.000000e+00  0.000000e+00  0.000000e+00  0.000000e+00  0.000000e+00  0.000000e+00
-3.105875  0.000000e+00  0.000000e+00  0.000000e+00  0.000000e+00  0.000000e+00  0.000000e+00
-3.103273  0.000000e+00  0.000000e+00  0.000000e+00  0.000000e+00  0.000000e+00  0.000000e+00
-3.100671  0.000000e+00  0.000000e+00  0.000000e+00  0.000000e+00  0.000000e+00  0.000000e+00
-3.098069  0.000000e+00  0.000000e+00  0.000000e+00  0.000000e+00  0.000000e+00  0.000000e+00
-3.095467  0.000000e+00  0.000000e+00  0.000000e+00  0.000000e+00  0.000000e+00  0.000000e+00
-3.092865  0.000000e+00  0.000000e+00  0.000000e+00  0.000000e+00  0.000000e+00  0.000000e+00
-3.090263  0.000000e+00  0.000000e+00  0.000000e+00  0.000000e+00  0.000000e+00  0.000000e+00
-3.087661  0.000000e+00  0.000000e+00  0.000000e+00  0.000000e+00  0.000000e+00  0.000000e+00
-3.085059  0.000000e+00  0.000000e+00  0.000000e+00  0.000000e+00  0.000000e+00  0.000000e+00
-3.082457  0.000000e+00  0.000000e+00  0.000000e+00  0.000000e+00  0.000000e+00  0.000000e+00
-3.079855  0.000000e+00  0.000000e+00  0.000000e+00  0.000000e+00  0.000000e+00  0.000000e+00
-3.077253  0.000000e+00  0.000000e+00  0.000000e+00  0.000000e+00  0.000000e+00  0.000000e+00
-3.074651  0.000000e+00  0.000000e+00  0.000000e+00  0.000000e+00  0.000000e+00  0.000000e+00
-3.072049  0.000000e+00  0.000000e+00  0.000000e+00  0.000000e+00  0.000000e+00  0.000000e+00
-3.069447  0.000000e+00  0.000000e+00  0.000000e+00  0.000000e+00  0.000000e+00  0.000000e+00
-3.066845  0.000000e+00  0.000000e+00  0.000000e+00  0.000000e+00  0.000000e+00  0.000000e+00
-3.064243  0.000000e+00  0.000000e+00  0.000000e+00  0.000000e+00  0.000000e+00  0.000000e+00
-3.061640  0.000000e+00  0.000000e+00  0.000000e+00  0.000000e+00  0.000000e+00  0.000000e+00
-3.059038  0.000000e+00  0.000000e+00  0.000000e+00  0.000000e+00  0.000000e+00  0.000000e+00
-3.056436  0.000000e+00  0.000000e+00  0.000000e+00  0.000000e+00  0.000000e+00  0.000000e+00
-3.053834  0.000000e+00  0.000000e+00  0.000000e+00  0.000000e+00  0.000000e+00  0.000000e+00
-3.051232  0.000000e+00  0.000000e+00  0.000000e+00  0.000000e+00  0.000000e+00  0.000000e+00
-3.048630  0.000000e+00  0.000000e+00  0.000000e+00  0.000000e+00  0.000000e+00  0.000000e+00
-3.046028  0.000000e+00  0.000000e+00  0.000000e+00  0.000000e+00  0.000000e+00  0.000000e+00
-3.043426  0.000000e+00  0.000000e+00  0.000000e+00  0.000000e+00  0.000000e+00  0.000000e+00
-3.040824  0.000000e+00  0.000000e+00  0.000000e+00  0.000000e+00  0.000000e+00  0.000000e+00
-3.038222  0.000000e+00  0.000000e+00  0.000000e+00  0.000000e+00  0.000000e+00  0.000000e+00
-3.035620  0.000000e+00  0.000000e+00  0.000000e+00  0.000000e+00  0.000000e+00  0.000000e+00
-3.033018  0.000000e+00  0.000000e+00  0.000000e+00  0.000000e+00  0.000000e+00  0.000000e+00
-3.030416  0.000000e+00  0.000000e+00  0.000000e+00  0.000000e+00  0.000000e+00  0.000000e+00
-3.027814  0.000000e+00  0.000000e+00  0.000000e+00  0.000000e+00  0.000000e+00  0.000000e+00
-3.025212  0.000000e+00  0.000000e+00  0.000000e+00  0.000000e+00  0.000000e+00  0.000000e+00
-3.022610  0.000000e+00  0.000000e+00  0.000000e+00  0.000000e+00  0.000000e+00  0.000000e+00
-3.020008  0.000000e+00  0.000000e+00  0.000000e+00  0.000000e+00  0.000000e+00  0.000000e+00
-3.017405  0.000000e+00  0.000000e+00  0.000000e+00  0.000000e+00  0.000000e+00  0.000000e+00
-3.014803  0.000000e+00  0.000000e+00  0.000000e+00  0.000000e+00  0.000000e+00  0.000000e+00
-3.012201  0.000000e+00  0.000000e+00  0.000000e+00  0.000000e+00  0.000000e+00  0.000000e+00
-3.009599  0.000000e+00  0.000000e+00  0.000000e+00  0.000000e+00  0.000000e+00  0.000000e+00
-3.006997  0.000000e+00  0.000000e+00  0.000000e+00  0.000000e+00  0.000000e+00  0.000000e+00
-3.004395  0.000000e+00  0.000000e+00  0.000000e+00  0.000000e+00  0.000000e+00  0.000000e+00
-3.001793  0.000000e+00  0.000000e+00  0.000000e+00  0.000000e+00  0.000000e+00  0.000000e+00
-2.999191  0.000000e+00  0.000000e+00  0.000000e+00  0.000000e+00  0.000000e+00  0.000000e+00
-2.996589  0.000000e+00  0.000000e+00  0.000000e+00  0.000000e+00  0.000000e+00  0.000000e+00
-2.993987  0.000000e+00  0.000000e+00  0.000000e+00  0.000000e+00  0.000000e+00  0.000000e+00
-2.991385  0.000000e+00  0.000000e+00  0.000000e+00  0.000000e+00  0.000000e+00  0.000000e+00
-2.988783  0.000000e+00  0.000000e+00  0.000000e+00  0.000000e+00  0.000000e+00  0.000000e+00
-2.986181  0.000000e+00  0.000000e+00  0.000000e+00  0.000000e+00  0.000000e+00  0.000000e+00
-2.983579  0.000000e+00  0.000000e+00  0.000000e+00  0.000000e+00  0.000000e+00  0.000000e+00
-2.980977  0.000000e+00  0.000000e+00  0.000000e+00  0.000000e+00  0.000000e+00  0.000000e+00
-2.978375  0.000000e+00  0.000000e+00  0.000000e+00  0.000000e+00  0.000000e+00  0.000000e+00
-2.975772  0.000000e+00  0.000000e+00  0.000000e+00  0.000000e+00  0.000000e+00  0.000000e+00
-2.973170  0.000000e+00  0.000000e+00  0.000000e+00  0.000000e+00  0.000000e+00  0.000000e+00
-2.970568  0.000000e+00  0.000000e+00  0.000000e+00  0.000000e+00  0.000000e+00  0.000000e+00
-2.967966  0.000000e+00  0.000000e+00  0.000000e+00  0.000000e+00  0.000000e+00  0.000000e+00
-2.965364  0.000000e+00  0.000000e+00  0.000000e+00  0.000000e+00  0.000000e+00  0.000000e+00
-2.962762  0.000000e+00  0.000000e+00  0.000000e+00  0.000000e+00  0.000000e+00  0.000000e+00
-2.960160  0.000000e+00  0.000000e+00  0.000000e+00  0.000000e+00  0.000000e+00  0.000000e+00
-2.957558  0.000000e+00  0.000000e+00  0.000000e+00  0.000000e+00  0.000000e+00  0.000000e+00
-2.954956  0.000000e+00  0.000000e+00  0.000000e+00  0.000000e+00  0.000000e+00  0.000000e+00
-2.952354  0.000000e+00  0.000000e+00  0.000000e+00  0.000000e+00  0.000000e+00  0.000000e+00
-2.949752  0.000000e+00  0.000000e+00  0.000000e+00  0.000000e+00  0.000000e+00  0.000000e+00
-2.947150  0.000000e+00  0.000000e+00  0.000000e+00  0.000000e+00  0.000000e+00  0.000000e+00
-2.944548  0.000000e+00  0.000000e+00  0.000000e+00  0.000000e+00  0.000000e+00  0.000000e+00
-2.941946  0.000000e+00  0.000000e+00  0.000000e+00  0.000000e+00  0.000000e+00  0.000000e+00
-2.939344  0.000000e+00  0.000000e+00  0.000000e+00  0.000000e+00  0.000000e+00  0.000000e+00
-2.936742  0.000000e+00  0.000000e+00  0.000000e+00  0.000000e+00  0.000000e+00  0.000000e+00
-2.934140  0.000000e+00  0.000000e+00  0.000000e+00  0.000000e+00  0.000000e+00  0.000000e+00
-2.931537  0.000000e+00  0.000000e+00  0.000000e+00  0.000000e+00  0.000000e+00  0.000000e+00
-2.928935  0.000000e+00  0.000000e+00  0.000000e+00  0.000000e+00  0.000000e+00  0.000000e+00
-2.926333  0.000000e+00  0.000000e+00  0.000000e+00  0.000000e+00  0.000000e+00  0.000000e+00
-2.923731  0.000000e+00  0.000000e+00  0.000000e+00  0.000000e+00  0.000000e+00  0.000000e+00
-2.921129  0.000000e+00  0.000000e+00  0.000000e+00  0.000000e+00  0.000000e+00  0.000000e+00
-2.918527  0.000000e+00  0.000000e+00  0.000000e+00  0.000000e+00  0.000000e+00  0.000000e+00
-2.915925  0.000000e+00  0.000000e+00  0.000000e+00  0.000000e+00  0.000000e+00  0.000000e+00
-2.913323  0.000000e+00  0.000000e+00  0.000000e+00  0.000000e+00  0.000000e+00  0.000000e+00
-2.910721  0.000000e+00  0.000000e+00  0.000000e+00  0.000000e+00  0.000000e+00  0.000000e+00
-2.908119  0.000000e+00  0.000000e+00  0.000000e+00  0.000000e+00  0.000000e+00  0.000000e+00
-2.905517  0.000000e+00  0.000000e+00  0.000000e+00  0.000000e+00  0.000000e+00  0.000000e+00
-2.902915  0.000000e+00  0.000000e+00  0.000000e+00  0.000000e+00  0.000000e+00  0.000000e+00
-2.900313  0.000000e+00  0.000000e+00  0.000000e+00  0.000000e+00  0.000000e+00  0.000000e+00
-2.897711  0.000000e+00  0.000000e+00  0.000000e+00  0.000000e+00  0.000000e+00  0.000000e+00
-2.895109  0.000000e+00  0.000000e+00  0.000000e+00  0.000000e+00  0.000000e+00  0.000000e+00
-2.892507  0.000000e+00  0.000000e+00  0.000000e+00  0.000000e+00  0.000000e+00  0.000000e+00
-2.889905  0.000000e+00  0.000000e+00  0.000000e+00  0.000000e+00  0.000000e+00  0.000000e+00
-2.887302  0.000000e+00  0.000000e+00  0.000000e+00  0.000000e+00  0.000000e+00  0.000000e+00
-2.884700  0.000000e+00  0.000000e+00  0.000000e+00  0.000000e+00  0.000000e+00  0.000000e+00
-2.882098  0.000000e+00  0.000000e+00  0.000000e+00  0.000000e+00  0.000000e+00  0.000000e+00
-2.879496  0.000000e+00  0.000000e+00  0.000000e+00  0.000000e+00  0.000000e+00  0.000000e+00
-2.876894  0.000000e+00  0.000000e+00  0.000000e+00  0.000000e+00  0.000000e+00  0.000000e+00
-2.874292  0.000000e+00  0.000000e+00  0.000000e+00  0.000000e+00  0.000000e+00  0.000000e+00
-2.871690  0.000000e+00  0.000000e+00  0.000000e+00  0.000000e+00  0.000000e+00  0.000000e+00
-2.869088  0.000000e+00  0.000000e+00  0.000000e+00  0.000000e+00  0.000000e+00  0.000000e+00
-2.866486  0.000000e+00  0.000000e+00  0.000000e+00  0.000000e+00  0.000000e+00  0.000000e+00
-2.863884  0.000000e+00  0.000000e+00  0.000000e+00  0.000000e+00  0.000000e+00  0.000000e+00
-2.861282  0.000000e+00  0.000000e+00  0.000000e+00  0.000000e+00  0.000000e+00  0.000000e+00
-2.858680  0.000000e+00  0.000000e+00  0.000000e+00  0.000000e+00  0.000000e+00  0.000000e+00
-2.856078  0.000000e+00  0.000000e+00  0.000000e+00  0.000000e+00  0.000000e+00  0.000000e+00
-2.853476  0.000000e+00  0.000000e+00  0.000000e+00  0.000000e+00  0.000000e+00  0.000000e+00
-2.850874  0.000000e+00  0.000000e+00  0.000000e+00  0.000000e+00  0.000000e+00  0.000000e+00
-2.848272  0.000000e+00  0.000000e+00  0.000000e+00  0.000000e+00  0.000000e+00  0.000000e+00
-2.845669  0.000000e+00  0.000000e+00  0.000000e+00  0.000000e+00  0.000000e+00  0.000000e+00
-2.843067  0.000000e+00  0.000000e+00  0.000000e+00  0.000000e+00  0.000000e+00  0.000000e+00
-2.840465  0.000000e+00  0.000000e+00  0.000000e+00  0.000000e+00  0.000000e+00  0.000000e+00
-2.837863  0.000000e+00  0.000000e+00  0.000000e+00  0.000000e+00  0.000000e+00  0.000000e+00
-2.835261  0.000000e+00  0.000000e+00  0.000000e+00  0.000000e+00  0.000000e+00  0.000000e+00
-2.832659  0.000000e+00  0.000000e+00  0.000000e+00  0.000000e+00  0.000000e+00  0.000000e+00
-2.830057  0.000000e+00  0.000000e+00  0.000000e+00  0.000000e+00  0.000000e+00  0.000000e+00
-2.827455  0.000000e+00  0.000000e+00  0.000000e+00  0.000000e+00  0.000000e+00  0.000000e+00
-2.824853  0.000000e+00  0.000000e+00  0.000000e+00  0.000000e+00  0.000000e+00  0.000000e+00
-2.822251  2.778671e-04  0.000000e+00  0.000000e+00  0.000000e+00  0.000000e+00  0.000000e+00
-2.819649  2.824744e-04  0.000000e+00  0.000000e+00  0.000000e+00  0.000000e+00  0.000000e+00
-2.817047  2.879061e-04  0.000000e+00  0.000000e+00  0.000000e+00  0.000000e+00  0.000000e+00
-2.814445  2.941459e-04  0.000000e+00  0.000000e+00  0.000000e+00  0.000000e+00  0.000000e+00
-2.811843  3.011776e-04  0.000000e+00  0.000000e+00  0.000000e+00  0.000000e+00  0.000000e+00
-2.809241  3.089846e-04  0.000000e+00  0.000000e+00  0.000000e+00  0.000000e+00  0.000000e+00
-2.806639  3.175501e-04  0.000000e+00  0.000000e+00  0.000000e+00  0.000000e+00  0.000000e+00
-2.804037  3.268574e-04  0.000000e+00  0.000000e+00  0.000000e+00  0.000000e+00  0.000000e+00
-2.801434  3.368893e-04  0.000000e+00  0.000000e+00  0.000000e+00  0.000000e+00  0.000000e+00
-2.798832  3.476286e-04  0.000000e+00  0.000000e+00  0.000000e+00  0.000000e+00  0.000000e+00
-2.796230  3.590578e-04  0.000000e+00  0.000000e+00  0.000000e+00  0.000000e+00  0.000000e+00
-2.793628  3.711594e-04  0.000000e+00  0.000000e+00  0.000000e+00  0.000000e+00  0.000000e+00
-2.791026  3.839155e-04  0.000000e+00  0.000000e+00  0.000000e+00  0.000000e+00  0.000000e+00
-2.788424  3.973081e-04  0.000000e+00  0.000000e+00  0.000000e+00  0.000000e+00  0.000000e+00
-2.785822  4.113190e-04  0.000000e+00  0.000000e+00  0.000000e+00  0.000000e+00  0.000000e+00
-2.783220  4.259298e-04  0.000000e+00  0.000000e+00  0.000000e+00  0.000000e+00  0.000000e+00
-2.780618  4.411218e-04  0.000000e+00  0.000000e+00  0.000000e+00  0.000000e+00  0.000000e+00
-2.778016  4.568763e-04  0.000000e+00  0.000000e+00  0.000000e+00  0.000000e+00  0.000000e+00
-2.775414  4.731741e-04  0.000000e+00  0.000000e+00  0.000000e+00  0.000000e+00  0.000000e+00
-2.772812  4.899960e-04  0.000000e+00  0.000000e+00  0.000000e+00  0.000000e+00  0.000000e+00
-2.770210  5.073226e-04  0.000000e+00  0.000000e+00  0.000000e+00  0.000000e+00  0.000000e+00
-2.767608  5.251341e-04  0.000000e+00  0.000000e+00  0.000000e+00  0.000000e+00  0.000000e+00
-2.765006  5.434105e-04  0.000000e+00  0.000000e+00  0.000000e+00  0.000000e+00  0.000000e+00
-2.762404  5.621318e-04  0.000000e+00  0.000000e+00  0.000000e+00  0.000000e+00  0.000000e+00
-2.759802  5.812775e-04  0.000000e+00  0.000000e+00  0.000000e+00  0.000000e+00  0.000000e+00
-2.757199  6.008270e-04  0.000000e+00  0.000000e+00  0.000000e+00  0.000000e+00  0.000000e+00
-2.754597  6.207593e-04  0.000000e+00  0.000000e+00  0.000000e+00  0.000000e+00  0.000000e+00
-2.751995  6.410534e-04  0.000000e+00  0.000000e+00  0.000000e+00  0.000000e+00  0.000000e+00
-2.749393  6.616879e-04  0.000000e+00  0.000000e+00  0.000000e+00  0.000000e+00  0.000000e+00
-2.746791  6.826412e-04  0.000000e+00  0.000000e+00  0.000000e+00  0.000000e+00  0.000000e+00
-2.744189  7.038913e-04  0.000000e+00  0.000000e+00  0.000000e+00  0.000000e+00  0.000000e+00
-2.741587  7.254160e-04  0.000000e+00  0.000000e+00  0.000000e+00  0.000000e+00  0.000000e+00
-2.738985  7.471931e-04  0.000000e+00  0.000000e+00  0.000000e+00  0.000000e+00  0.000000e+00
-2.736383  7.691997e-04  0.000000e+00  0.000000e+00  0.000000e+00  0.000000e+00  0.000000e+00
-2.733781  7.914130e-04  0.000000e+00  0.000000e+00  0.000000e+00  0.000000e+00  0.000000e+00
-2.731179  8.138096e-04  0.000000e+00  0.000000e+00  0.000000e+00  0.000000e+00  0.000000e+00
-2.728577  8.363661e-04  0.000000e+00  0.000000e+00  0.000000e+00  0.000000e+00  0.000000e+00
-2.725975  8.590586e-04  0.000000e+00  0.000000e+00  0.000000e+00  0.000000e+00  0.000000e+00
-2.723373  8.818630e-04  0.000000e+00  0.000000e+00  0.000000e+00  0.000000e+00  0.000000e+00
-2.720771  9.047549e-04  0.000000e+00  0.000000e+00  0.000000e+00  0.000000e+00  0.000000e+00
-2.718169  9.277096e-04  0.000000e+00  0.000000e+00  0.000000e+00  0.000000e+00  0.000000e+00
-2.715566  9.507021e-04  0.000000e+00  0.000000e+00  0.000000e+00  0.000000e+00  0.000000e+00
-2.712964  9.737071e-04  0.000000e+00  0.000000e+00  0.000000e+00  0.000000e+00  0.000000e+00
-2.710362  9.966989e-04  0.000000e+00  0.000000e+00  0.000000e+00  0.000000e+00  0.000000e+00
-2.707760  1.019659e-03  0.000000e+00  0.000000e+00  0.000000e+00  0.000000e+00  0.000000e+00
-2.705158  1.042599e-03  0.000000e+00  0.000000e+00  0.000000e+00  0.000000e+00  0.000000e+00
-2.702556  1.065542e-03  0.000000e+00  0.000000e+00  0.000000e+00  0.000000e+00  0.000000e+00
-2.699954  1.088509e-03  0.000000e+00  0.000000e+00  0.000000e+00  0.000000e+00  0.000000e+00
-2.697352  1.111522e-03  0.000000e+00  0.000000e+00  0.000000e+00  0.000000e+00  0.000000e+00
-2.694750  1.134606e-03  0.000000e+00  0.000000e+00  0.000000e+00  0.000000e+00  0.000000e+00
-2.692148  1.157781e-03  0.000000e+00  0.000000e+00  0.000000e+00  0.000000e+00  0.000000e+00
-2.689546  1.181071e-03  0.000000e+00  0.000000e+00  0.000000e+00  0.000000e+00  0.000000e+00
-2.686944  1.204501e-03  0.000000e+00  0.000000e+00  0.000000e+00  0.000000e+00  0.000000e+00
-2.684342  1.228092e-03  0.000000e+00  0.000000e+00  0.000000e+00  0.000000e+00  0.000000e+00
-2.681740  1.251870e-03  0.000000e+00  0.000000e+00  0.000000e+00  0.000000e+00  0.000000e+00
-2.679138  1.275859e-03  0.000000e+00  0.000000e+00  0.000000e+00  0.000000e+00  0.000000e+00
-2.676536  1.300082e-03  0.000000e+00  0.000000e+00  0.000000e+00  0.000000e+00  0.000000e+00
-2.673934  1.324565e-03  0.000000e+00  0.000000e+00  0.000000e+00  0.000000e+00  0.000000e+00
-2.671331  1.349334e-03  0.000000e+00  0.000000e+00  0.000000e+00  0.000000e+00  0.000000e+00
-2.668729  1.374412e-03  0.000000e+00  0.000000e+00  0.000000e+00  0.000000e+00  0.000000e+00
-2.666127  1.399827e-03  0.000000e+00  0.000000e+00  0.000000e+00  0.000000e+00  0.000000e+00
-2.663525  1.425604e-03  0.000000e+00  0.000000e+00  0.000000e+00  0.000000e+00  0.000000e+00
-2.660923  1.451769e-03  0.000000e+00  0.000000e+00  0.000000e+00  0.000000e+00  0.000000e+00
-2.658321  1.478349e-03  0.000000e+00  0.000000e+00  0.000000e+00  0.000000e+00  0.000000e+00
-2.655719  1.505372e-03  0.000000e+00  0.000000e+00  0.000000e+00  0.000000e+00  0.000000e+00
-2.653117  1.532864e-03  0.000000e+00  0.000000e+00  0.000000e+00  0.000000e+00  0.000000e+00
-2.650515  1.560852e-03  0.000000e+00  0.000000e+00  0.000000e+00  0.000000e+00  0.000000e+00
-2.647913  1.589360e-03  0.000000e+00  0.000000e+00  0.000000e+00  0.000000e+00  0.000000e+00
-2.645311  1.618411e-03  0.000000e+00  0.000000e+00  0.000000e+00  0.000000e+00  0.000000e+00
-2.642709  1.648028e-03  0.000000e+00  0.000000e+00  0.000000e+00  0.000000e+00  0.000000e+00
-2.640107  1.678235e-03  0.000000e+00  0.000000e+00  0.000000e+00  0.000000e+00  0.000000e+00
-2.637505  1.709055e-03  0.000000e+00  0.000000e+00  0.000000e+00  0.000000e+00  0.000000e+00
-2.634903  1.740513e-03  0.000000e+00  0.000000e+00  0.000000e+00  0.000000e+00  0.000000e+00
-2.632301  1.772633e-03  0.000000e+00  0.000000e+00  0.000000e+00  0.000000e+00  0.000000e+00
-2.629699  1.805440e-03  0.000000e+00  0.000000e+00  0.000000e+00  0.000000e+00  0.000000e+00
-2.627096  1.838958e-03  0.000000e+00  0.000000e+00  0.000000e+00  0.000000e+00  0.000000e+00
-2.624494  1.873215e-03  0.000000e+00  0.000000e+00  0.000000e+00  0.000000e+00  0.000000e+00
-2.621892  1.908234e-03  0.000000e+00  0.000000e+00  0.000000e+00  0.000000e+00  0.000000e+00
-2.619290  1.944042e-03  0.000000e+00  0.000000e+00  0.000000e+00  0.000000e+00  0.000000e+00
-2.616688  1.980665e-03  0.000000e+00  0.000000e+00  0.000000e+00  0.000000e+00  0.000000e+00
-2.614086  2.018131e-03  0.000000e+00  0.000000e+00  0.000000e+00  0.000000e+00  0.000000e+00
-2.611484  2.056465e-03  0.000000e+00  0.000000e+00  0.000000e+00  0.000000e+00  0.000000e+00
-2.608882  2.095696e-03  0.000000e+00  0.000000e+00  0.000000e+00  0.000000e+00  0.000000e+00
-2.606280  2.135851e-03  0.000000e+00  0.000000e+00  0.000000e+00  0.000000e+00  0.000000e+00
-2.603678  2.176959e-03  0.000000e+00  0.000000e+00  0.000000e+00  0.000000e+00  0.000000e+00
-2.601076  2.219044e-03  0.000000e+00  0.000000e+00  0.000000e+00  0.000000e+00  0.000000e+00
-2.598474  2.262092e-03  0.000000e+00  0.000000e+00  0.000000e+00  0.000000e+00  0.000000e+00
-2.595872  2.306055e-03  0.000000e+00  0.000000e+00  0.000000e+00  0.000000e+00  0.000000e+00
-2.593270  2.350882e-03  0.000000e+00  0.000000e+00  0.000000e+00  0.000000e+00  0.000000e+00
-2.590668  2.396525e-03  0.000000e+00  0.000000e+00  0.000000e+00  0.000000e+00  0.000000e+00
-2.588066  2.442931e-03  0.000000e+00  0.000000e+00  0.000000e+00  0.000000e+00  0.000000e+00
-2.585463  2.490051e-03  0.000000e+00  0.000000e+00  0.000000e+00  0.000000e+00  0.000000e+00
-2.582861  2.537831e-03  0.000000e+00  0.000000e+00  0.000000e+00  0.000000e+00  0.000000e+00
-2.580259  2.586219e-03  0.000000e+00  0.000000e+00  0.000000e+00  0.000000e+00  0.000000e+00
-2.577657  2.635161e-03  0.000000e+00  0.000000e+00  0.000000e+00  0.000000e+00  0.000000e+00
-2.575055  2.684605e-03  0.000000e+00  0.000000e+00  0.000000e+00  0.000000e+00  0.000000e+00
-2.572453  2.734495e-03  0.000000e+00  0.000000e+00  0.000000e+00  0.000000e+00  0.000000e+00
-2.569851  2.784776e-03  0.000000e+00  0.000000e+00  0.000000e+00  0.000000e+00  0.000000e+00
-2.567249  2.835392e-03  0.000000e+00  0.000000e+00  0.000000e+00  0.000000e+00  0.000000e+00
-2.564647  2.886286e-03  0.000000e+00  0.000000e+00  0.000000e+00  0.000000e+00  0.000000e+00
-2.562045  2.937402e-03  0.000000e+00  0.000000e+00  0.000000e+00  0.000000e+00  0.000000e+00
-2.559443  2.988682e-03  0.000000e+00  0.000000e+00  0.000000e+00  0.000000e+00  0.000000e+00
-2.556841  3.040066e-03  0.000000e+00  0.000000e+00  0.000000e+00  0.000000e+00  0.000000e+00
-2.554239  3.091495e-03  0.000000e+00  0.000000e+00  0.000000e+00  0.000000e+00  0.000000e+00
-2.551637  3.142910e-03  0.000000e+00  0.000000e+00  0.000000e+00  0.000000e+00  0.000000e+00
-2.549035  3.194248e-03  0.000000e+00  0.000000e+00  0.000000e+00  0.000000e+00  0.000000e+00
-2.546433  3.245449e-03  0.000000e+00  0.000000e+00  0.000000e+00  0.000000e+00  0.000000e+00
-2.543831  3.296489e-03  0.000000e+00  0.000000e+00  0.000000e+00  0.000000e+00  0.000000e+00
-2.541228  3.347451e-03  0.000000e+00  0.000000e+00  0.000000e+00  0.000000e+00  0.000000e+00
-2.538626  3.398436e-03  0.000000e+00  0.000000e+00  0.000000e+00  0.000000e+00  0.000000e+00
-2.536024  3.449547e-03  0.000000e+00  0.000000e+00  0.000000e+00  0.000000e+00  0.000000e+00
-2.533422  3.500889e-03  0.000000e+00  0.000000e+00  0.000000e+00  0.000000e+00  0.000000e+00
-2.530820  3.552566e-03  0.000000e+00  0.000000e+00  0.000000e+00  0.000000e+00  0.000000e+00
-2.528218  3.604686e-03  0.000000e+00  0.000000e+00  0.000000e+00  0.000000e+00  0.000000e+00
-2.525616  3.657356e-03  0.000000e+00  0.000000e+00  0.000000e+00  0.000000e+00  0.000000e+00
-2.523014  3.710685e-03  0.000000e+00  0.000000e+00  0.000000e+00  0.000000e+00  0.000000e+00
-2.520412  3.764784e-03  0.000000e+00  0.000000e+00  0.000000e+00  0.000000e+00  0.000000e+00
-2.517810  3.819765e-03  0.000000e+00  0.000000e+00  0.000000e+00  0.000000e+00  0.000000e+00
-2.515208  3.875741e-03  0.000000e+00  0.000000e+00  0.000000e+00  0.000000e+00  0.000000e+00
-2.512606  3.932827e-03  0.000000e+00  0.000000e+00  0.000000e+00  0.000000e+00  0.000000e+00
-2.510004  3.991138e-03  0.000000e+00  0.000000e+00  0.000000e+00  0.000000e+00  0.000000e+00
-2.507402  4.050792e-03  0.000000e+00  0.000000e+00  0.000000e+00  0.000000e+00  0.000000e+00
-2.504800  4.111908e-03  0.000000e+00  0.000000e+00  0.000000e+00  0.000000e+00  0.000000e+00
-2.502198  4.174606e-03  0.000000e+00  0.000000e+00  0.000000e+00  0.000000e+00  0.000000e+00
-2.499596  4.239008e-03  0.000000e+00  0.000000e+00  0.000000e+00  0.000000e+00  0.000000e+00
-2.496993  4.305237e-03  0.000000e+00  0.000000e+00  0.000000e+00  0.000000e+00  0.000000e+00
-2.494391  4.373418e-03  0.000000e+00  0.000000e+00  0.000000e+00  0.000000e+00  0.000000e+00
-2.491789  4.443678e-03  0.000000e+00  0.000000e+00  0.000000e+00  0.000000e+00  0.000000e+00
-2.489187  4.516144e-03  0.000000e+00  0.000000e+00  0.000000e+00  0.000000e+00  0.000000e+00
-2.486585  4.590936e-03  0.000000e+00  0.000000e+00  0.000000e+00  0.000000e+00  0.000000e+00
-2.483983  4.667999e-03  0.000000e+00  0.000000e+00  0.000000e+00  0.000000e+00  0.000000e+00
-2.481381  4.747130e-03  0.000000e+00  0.000000e+00  0.000000e+00  0.000000e+00  0.000000e+00
-2.478779  4.828117e-03  0.000000e+00  0.000000e+00  0.000000e+00  0.000000e+00  0.000000e+00
-2.476177  4.910745e-03  0.000000e+00  0.000000e+00  0.000000e+00  0.000000e+00  0.000000e+00
-2.473575  4.994797e-03  0.000000e+00  0.000000e+00  0.000000e+00  0.000000e+00  0.000000e+00
-2.470973  5.080054e-03  0.000000e+00  0.000000e+00  0.000000e+00  0.000000e+00  0.000000e+00
-2.468371  5.166293e-03  0.000000e+00  0.000000e+00  0.000000e+00  0.000000e+00  0.000000e+00
-2.465769  5.253290e-03  0.000000e+00  0.000000e+00  0.000000e+00  0.000000e+00  0.000000e+00
-2.463167  5.340817e-03  0.000000e+00  0.000000e+00  0.000000e+00  0.000000e+00  0.000000e+00
-2.460565  5.428643e-03  0.000000e+00  0.000000e+00  0.000000e+00  0.000000e+00  0.000000e+00
-2.457963  5.516536e-03  0.000000e+00  0.000000e+00  0.000000e+00  0.000000e+00  0.000000e+00
-2.455360  5.604259e-03  0.000000e+00  0.000000e+00  0.000000e+00  0.000000e+00  0.000000e+00
-2.452758  5.691574e-03  0.000000e+00  0.000000e+00  0.000000e+00  0.000000e+00  0.000000e+00
-2.450156  5.778238e-03  0.000000e+00  0.000000e+00  0.000000e+00  0.000000e+00  0.000000e+00
-2.447554  5.864008e-03  0.000000e+00  0.000000e+00  0.000000e+00  0.000000e+00  0.000000e+00
-2.444952  5.948634e-03  0.000000e+00  0.000000e+00  0.000000e+00  0.000000e+00  0.000000e+00
-2.442350  6.031866e-03  0.000000e+00  0.000000e+00  0.000000e+00  0.000000e+00  0.000000e+00
-2.439748  6.113451e-03  0.000000e+00  0.000000e+00  0.000000e+00  0.000000e+00  0.000000e+00
-2.437146  6.193130e-03  0.000000e+00  0.000000e+00  0.000000e+00  0.000000e+00  0.000000e+00
-2.434544  6.270672e-03  0.000000e+00  0.000000e+00  0.000000e+00  0.000000e+00  0.000000e+00
-2.431942  6.346157e-03  0.000000e+00  0.000000e+00  0.000000e+00  0.000000e+00  0.000000e+00
-2.429340  6.419859e-03  0.000000e+00  0.000000e+00  0.000000e+00  0.000000e+00  0.000000e+00
-2.426738  6.492058e-03  0.000000e+00  0.000000e+00  0.000000e+00  0.000000e+00  0.000000e+00
-2.424136  6.563040e-03  0.000000e+00  0.000000e+00  0.000000e+00  0.000000e+00  0.000000e+00
-2.421534  6.633092e-03  0.000000e+00  0.000000e+00  0.000000e+00  0.000000e+00  0.000000e+00
-2.418932  6.702504e-03  0.000000e+00  0.000000e+00  0.000000e+00  0.000000e+00  0.000000e+00
-2.416330  6.771572e-03  0.000000e+00  0.000000e+00  0.000000e+00  0.000000e+00  0.000000e+00
-2.413728  6.840592e-03  0.000000e+00  0.000000e+00  0.000000e+00  0.000000e+00  0.000000e+00
-2.411125  6.909867e-03  0.000000e+00  0.000000e+00  0.000000e+00  0.000000e+00  0.000000e+00
-2.408523  6.979702e-03  0.000000e+00  0.000000e+00  0.000000e+00  0.000000e+00  0.000000e+00
-2.405921  7.050405e-03  0.000000e+00  0.000000e+00  0.000000e+00  0.000000e+00  0.000000e+00
-2.403319  7.122289e-03  0.000000e+00  0.000000e+00  0.000000e+00  0.000000e+00  0.000000e+00
-2.400717  7.195670e-03  0.000000e+00  0.000000e+00  0.000000e+00  0.000000e+00  0.000000e+00
-2.398115  7.270869e-03  0.000000e+00  0.000000e+00  0.000000e+00  0.000000e+00  0.000000e+00
-2.395513  7.348209e-03  0.000000e+00  0.000000e+00  0.000000e+00  0.000000e+00  0.000000e+00
-2.392911  7.428018e-03  0.000000e+00  0.000000e+00  0.000000e+00  0.000000e+00  0.000000e+00
-2.390309  7.510628e-03  0.000000e+00  0.000000e+00  0.000000e+00  0.000000e+00  0.000000e+00
-2.387707  7.596376e-03  0.000000e+00  0.000000e+00  0.000000e+00  0.000000e+00  0.000000e+00
-2.385105  7.685600e-03  0.000000e+00  0.000000e+00  0.000000e+00  0.000000e+00  0.000000e+00
-2.382503  7.778647e-03  0.000000e+00  0.000000e+00  0.000000e+00  0.000000e+00  0.000000e+00
-2.379901  7.875700e-03  0.000000e+00  0.000000e+00  0.000000e+00  0.000000e+00  0.000000e+00
-2.377299  7.976516e-03  0.000000e+00  0.000000e+00  0.000000e+00  0.000000e+00  0.000000e+00
-2.374697  8.080773e-03  0.000000e+00  0.000000e+00  0.000000e+00  0.000000e+00  0.000000e+00
-2.372095  8.188149e-03  0.000000e+00  0.000000e+00  0.000000e+00  0.000000e+00  0.000000e+00
-2.369493  8.298316e-03  0.000000e+00  0.000000e+00  0.000000e+00  0.000000e+00  0.000000e+00
-2.366890  8.410942e-03  0.000000e+00  0.000000e+00  0.000000e+00  0.000000e+00  0.000000e+00
-2.364288  8.525692e-03  0.000000e+00  0.000000e+00  0.000000e+00  0.000000e+00  0.000000e+00
-2.361686  8.642227e-03  0.000000e+00  0.000000e+00  0.000000e+00  0.000000e+00  0.000000e+00
-2.359084  8.760204e-03  0.000000e+00  0.000000e+00  0.000000e+00  0.000000e+00  0.000000e+00
-2.356482  8.879274e-03  0.000000e+00  0.000000e+00  0.000000e+00  0.000000e+00  0.000000e+00
-2.353880  8.999086e-03  0.000000e+00  0.000000e+00  0.000000e+00  0.000000e+00  0.000000e+00
-2.351278  9.119285e-03  0.000000e+00  0.000000e+00  0.000000e+00  0.000000e+00  0.000000e+00
-2.348676  9.239509e-03  0.000000e+00  0.000000e+00  0.000000e+00  0.000000e+00  0.000000e+00
-2.346074  9.359394e-03  0.000000e+00  0.000000e+00  0.000000e+00  0.000000e+00  0.000000e+00
-2.343472  9.478571e-03  0.000000e+00  0.000000e+00  0.000000e+00  0.000000e+00  0.000000e+00
-2.340870  9.596669e-03  0.000000e+00  0.000000e+00  0.000000e+00  0.000000e+00  0.000000e+00
-2.338268  9.713506e-03  0.000000e+00  0.000000e+00  0.000000e+00  0.000000e+00  0.000000e+00
-2.335666  9.829188e-03  0.000000e+00  0.000000e+00  0.000000e+00  0.000000e+00  0.000000e+00
-2.333064  9.943851e-03  0.000000e+00  0.000000e+00  0.000000e+00  0.000000e+00  0.000000e+00
-2.330462  1.005763e-02  0.000000e+00  0.000000e+00  0.000000e+00  0.000000e+00  0.000000e+00
-2.327860  1.017066e-02  0.000000e+00  0.000000e+00  0.000000e+00  0.000000e+00  0.000000e+00
-2.325257  1.028307e-02  0.000000e+00  0.000000e+00  0.000000e+00  0.000000e+00  0.000000e+00
-2.322655  1.039502e-02  0.000000e+00  0.000000e+00  0.000000e+00  0.000000e+00  0.000000e+00
-2.320053  1.050663e-02  0.000000e+00  0.000000e+00  0.000000e+00  0.000000e+00  0.000000e+00
-2.317451  1.061806e-02  0.000000e+00  0.000000e+00  0.000000e+00  0.000000e+00  0.000000e+00
-2.314849  1.072944e-02  0.000000e+00  0.000000e+00  0.000000e+00  0.000000e+00  0.000000e+00
-2.312247  1.084093e-02  0.000000e+00  0.000000e+00  0.000000e+00  0.000000e+00  0.000000e+00
-2.309645  1.095267e-02  0.000000e+00  0.000000e+00  0.000000e+00  0.000000e+00  0.000000e+00
-2.307043  1.106481e-02  0.000000e+00  0.000000e+00  0.000000e+00  0.000000e+00  0.000000e+00
-2.304441  1.117750e-02  0.000000e+00  0.000000e+00  0.000000e+00  0.000000e+00  0.000000e+00
-2.301839  1.129090e-02  0.000000e+00  0.000000e+00  0.000000e+00  0.000000e+00  0.000000e+00
-2.299237  1.140516e-02  0.000000e+00  0.000000e+00  0.000000e+00  0.000000e+00  0.000000e+00
-2.296635  1.152044e-02  0.000000e+00  0.000000e+00  0.000000e+00  0.000000e+00  0.000000e+00
-2.294033  1.163689e-02  0.000000e+00  0.000000e+00  0.000000e+00  0.000000e+00  0.000000e+00
-2.291431  1.175469e-02  0.000000e+00  0.000000e+00  0.000000e+00  0.000000e+00  0.000000e+00
-2.288829  1.187398e-02  0.000000e+00  0.000000e+00  0.000000e+00  0.000000e+00  0.000000e+00
-2.286227  1.199493e-02  0.000000e+00  0.000000e+00  0.000000e+00  0.000000e+00  0.000000e+00
-2.283625  1.211772e-02  0.000000e+00  0.000000e+00  0.000000e+00  0.000000e+00  0.000000e+00
-2.281022  1.224251e-02  0.000000e+00  0.000000e+00  0.000000e+00  0.000000e+00  0.000000e+00
-2.278420  1.236942e-02  0.000000e+00  0.000000e+00  0.000000e+00  0.000000e+00  0.000000e+00
-2.275818  1.249841e-02  0.000000e+00  0.000000e+00  0.000000e+00  0.000000e+00  0.000000e+00
-2.273216  1.262932e-02  0.000000e+00  0.000000e+00  0.000000e+00  0.000000e+00  0.000000e+00
-2.270614  1.276205e-02  0.000000e+00  0.000000e+00  0.000000e+00  0.000000e+00  0.000000e+00
-2.268012  1.289645e-02  0.000000e+00  0.000000e+00  0.000000e+00  0.000000e+00  0.000000e+00
-2.265410  1.303241e-02  0.000000e+00  0.000000e+00  0.000000e+00  0.000000e+00  0.000000e+00
-2.262808  1.316978e-02  0.000000e+00  0.000000e+00  0.000000e+00  0.000000e+00  0.000000e+00
-2.260206  1.330843e-02  0.000000e+00  0.000000e+00  0.000000e+00  0.000000e+00  0.000000e+00
-2.257604  1.344823e-02  0.000000e+00  0.000000e+00  0.000000e+00  0.000000e+00  0.000000e+00
-2.255002  1.358904e-02  0.000000e+00  0.000000e+00  0.000000e+00  0.000000e+00  0.000000e+00
-2.252400  1.373071e-02  0.000000e+00  0.000000e+00  0.000000e+00  0.000000e+00  0.000000e+00
-2.249798  1.387312e-02  0.000000e+00  0.000000e+00  0.000000e+00  0.000000e+00  0.000000e+00
-2.247196  1.401611e-02  0.000000e+00  0.000000e+00  0.000000e+00  0.000000e+00  0.000000e+00
-2.244594  1.415954e-02  0.000000e+00  0.000000e+00  0.000000e+00  0.000000e+00  0.000000e+00
-2.241992  1.430327e-02  0.000000e+00  0.000000e+00  0.000000e+00  0.000000e+00  0.000000e+00
-2.239390  1.444715e-02  0.000000e+00  0.000000e+00  0.000000e+00  0.000000e+00  0.000000e+00
-2.236787  1.459102e-02  0.000000e+00  0.000000e+00  0.000000e+00  0.000000e+00  0.000000e+00
-2.234185  1.473474e-02  0.000000e+00  0.000000e+00  0.000000e+00  0.000000e+00  0.000000e+00
-2.231583  1.487815e-02  0.000000e+00  0.000000e+00  0.000000e+00  0.000000e+00  0.000000e+00
-2.228981  1.502128e-02  0.000000e+00  0.000000e+00  0.000000e+00  0.000000e+00  0.000000e+00
-2.226379  1.516435e-02  0.000000e+00  0.000000e+00  0.000000e+00  0.000000e+00  0.000000e+00
-2.223777  1.530764e-02  0.000000e+00  0.000000e+00  0.000000e+00  0.000000e+00  0.000000e+00
-2.221175  1.545142e-02  0.000000e+00  0.000000e+00  0.000000e+00  0.000000e+00  0.000000e+00
-2.218573  1.559596e-02  0.000000e+00  0.000000e+00  0.000000e+00  0.000000e+00  0.000000e+00
-2.215971  1.574153e-02  0.000000e+00  0.000000e+00  0.000000e+00  0.000000e+00  0.000000e+00
-2.213369  1.588841e-02  0.000000e+00  0.000000e+00  0.000000e+00  0.000000e+00  0.000000e+00
-2.210767  1.603689e-02  0.000000e+00  0.000000e+00  0.000000e+00  0.000000e+00  0.000000e+00
-2.208165  1.618725e-02  0.000000e+00  0.000000e+00  0.000000e+00  0.000000e+00  0.000000e+00
-2.205563  1.633979e-02  0.000000e+00  0.000000e+00  0.000000e+00  0.000000e+00  0.000000e+00
-2.202961  1.649478e-02  0.000000e+00  0.000000e+00  0.000000e+00  0.000000e+00  0.000000e+00
-2.200359  1.665254e-02  0.000000e+00  0.000000e+00  0.000000e+00  0.000000e+00  0.000000e+00
-2.197757  1.681335e-02  0.000000e+00  0.000000e+00  0.000000e+00  0.000000e+00  0.000000e+00
-2.195154  1.697752e-02  0.000000e+00  0.000000e+00  0.000000e+00  0.000000e+00  0.000000e+00
-2.192552  1.714537e-02  0.000000e+00  0.000000e+00  0.000000e+00  0.000000e+00  0.000000e+00
-2.189950  1.731719e-02  0.000000e+00  0.000000e+00  0.000000e+00  0.000000e+00  0.000000e+00
-2.187348  1.749331e-02  0.000000e+00  0.000000e+00  0.000000e+00  0.000000e+00  0.000000e+00
-2.184746  1.767397e-02  0.000000e+00  0.000000e+00  0.000000e+00  0.000000e+00  0.000000e+00
-2.182144  1.785939e-02  0.000000e+00  0.000000e+00  0.000000e+00  0.000000e+00  0.000000e+00
-2.179542  1.804979e-02  0.000000e+00  0.000000e+00  0.000000e+00  0.000000e+00  0.000000e+00
-2.176940  1.824539e-02  0.000000e+00  0.000000e+00  0.000000e+00  0.000000e+00  0.000000e+00
-2.174338  1.844641e-02  0.000000e+00  0.000000e+00  0.000000e+00  0.000000e+00  0.000000e+00
-2.171736  1.865308e-02  0.000000e+00  0.000000e+00  0.000000e+00  0.000000e+00  0.000000e+00
-2.169134  1.886563e-02  0.000000e+00  0.000000e+00  0.000000e+00  0.000000e+00  0.000000e+00
-2.166532  1.908429e-02  0.000000e+00  0.000000e+00  0.000000e+00  0.000000e+00  0.000000e+00
-2.163930  1.930930e-02  0.000000e+00  0.000000e+00  0.000000e+00  0.000000e+00  0.000000e+00
-2.161328  1.954089e-02  0.000000e+00  0.000000e+00  0.000000e+00  0.000000e+00  0.000000e+00
-2.158726  1.977931e-02  0.000000e+00  0.000000e+00  0.000000e+00  0.000000e+00  0.000000e+00
-2.156124  2.002480e-02  0.000000e+00  0.000000e+00  0.000000e+00  0.000000e+00  0.000000e+00
-2.153522  2.027760e-02  0.000000e+00  0.000000e+00  0.000000e+00  0.000000e+00  0.000000e+00
-2.150919  2.053797e-02  0.000000e+00  0.000000e+00  0.000000e+00  0.000000e+00  0.000000e+00
-2.148317  2.080617e-02  0.000000e+00  0.000000e+00  0.000000e+00  0.000000e+00  0.000000e+00
-2.145715  2.108244e-02  0.000000e+00  0.000000e+00  0.000000e+00  0.000000e+00  0.000000e+00
-2.143113  2.136705e-02  0.000000e+00  0.000000e+00  0.000000e+00  0.000000e+00  0.000000e+00
-2.140511  2.166026e-02  0.000000e+00  0.000000e+00  0.000000e+00  0.000000e+00  0.000000e+00
-2.137909  2.196234e-02  0.000000e+00  0.000000e+00  0.000000e+00  0.000000e+00  0.000000e+00
-2.135307  2.227355e-02  0.000000e+00  0.000000e+00  0.000000e+00  0.000000e+00  0.000000e+00
-2.132705  2.259418e-02  0.000000e+00  0.000000e+00  0.000000e+00  0.000000e+00  0.000000e+00
-2.130103  2.292450e-02  0.000000e+00  0.000000e+00  0.000000e+00  0.000000e+00  0.000000e+00
-2.127501  2.326479e-02  0.000000e+00  0.000000e+00  0.000000e+00  0.000000e+00  0.000000e+00
-2.124899  2.361533e-02  0.000000e+00  0.000000e+00  0.000000e+00  0.000000e+00  0.000000e+00
-2.122297  2.397641e-02  0.000000e+00  0.000000e+00  0.000000e+00  0.000000e+00  0.000000e+00
-2.119695  2.434833e-02  0.000000e+00  0.000000e+00  0.000000e+00  0.000000e+00  0.000000e+00
-2.117093  2.473137e-02  0.000000e+00  0.000000e+00  0.000000e+00  0.000000e+00  0.000000e+00
-2.114491  2.512569e-02  0.000000e+00  0.000000e+00  0.000000e+00  0.000000e+00  0.000000e+00
-2.111889  2.553082e-02  0.000000e+00  0.000000e+00  0.000000e+00  0.000000e+00  0.000000e+00
-2.109287  2.594616e-02  0.000000e+00  0.000000e+00  0.000000e+00  0.000000e+00  0.000000e+00
-2.106684  2.637112e-02  0.000000e+00  0.000000e+00  0.000000e+00  0.000000e+00  0.000000e+00
-2.104082  2.680507e-02  0.000000e+00  0.000000e+00  0.000000e+00  0.000000e+00  0.000000e+00
-2.101480  2.724740e-02  0.000000e+00  0.000000e+00  0.000000e+00  0.000000e+00  0.000000e+00
-2.098878  2.769746e-02  0.000000e+00  0.000000e+00  0.000000e+00  0.000000e+00  0.000000e+00
-2.096276  2.815464e-02  0.000000e+00  0.000000e+00  0.000000e+00  0.000000e+00  0.000000e+00
-2.093674  2.861828e-02  0.000000e+00  0.000000e+00  0.000000e+00  0.000000e+00  0.000000e+00
-2.091072  2.908774e-02  0.000000e+00  0.000000e+00  0.000000e+00  0.000000e+00  0.000000e+00
-2.088470  2.956235e-02  0.000000e+00  0.000000e+00  0.000000e+00  0.000000e+00  0.000000e+00
-2.085868  3.004144e-02  0.000000e+00  0.000000e+00  0.000000e+00  0.000000e+00  0.000000e+00
-2.083266  3.052434e-02  0.000000e+00  0.000000e+00  0.000000e+00  0.000000e+00  0.000000e+00
-2.080664  3.101038e-02  0.000000e+00  0.000000e+00  0.000000e+00  0.000000e+00  0.000000e+00
-2.078062  3.149884e-02  0.000000e+00  0.000000e+00  0.000000e+00  0.000000e+00  0.000000e+00
-2.075460  3.198904e-02  0.000000e+00  0.000000e+00  0.000000e+00  0.000000e+00  0.000000e+00
-2.072858  3.248026e-02  0.000000e+00  0.000000e+00  0.000000e+00  0.000000e+00  0.000000e+00
-2.070256  3.297179e-02  0.000000e+00  0.000000e+00  0.000000e+00  0.000000e+00  0.000000e+00
-2.067654  3.346290e-02  0.000000e+00  0.000000e+00  0.000000e+00  0.000000e+00  0.000000e+00
-2.065051  3.395286e-02  0.000000e+00  0.000000e+00  0.000000e+00  0.000000e+00  0.000000e+00
-2.062449  3.444144e-02  0.000000e+00  0.000000e+00  0.000000e+00  0.000000e+00  0.000000e+00
-2.059847  3.492933e-02  0.000000e+00  0.000000e+00  0.000000e+00  0.000000e+00  0.000000e+00
-2.057245  3.541734e-02  0.000000e+00  0.000000e+00  0.000000e+00  0.000000e+00  0.000000e+00
-2.054643  3.590629e-02  0.000000e+00  0.000000e+00  0.000000e+00  0.000000e+00  0.000000e+00
-2.052041  3.639700e-02  0.000000e+00  0.000000e+00  0.000000e+00  0.000000e+00  0.000000e+00
-2.049439  3.689032e-02  0.000000e+00  0.000000e+00  0.000000e+00  0.000000e+00  0.000000e+00
-2.046837  3.738708e-02  0.000000e+00  0.000000e+00  0.000000e+00  0.000000e+00  0.000000e+00
-2.044235  3.788815e-02  0.000000e+00  0.000000e+00  0.000000e+00  0.000000e+00  0.000000e+00
-2.041633  3.839440e-02  0.000000e+00  0.000000e+00  0.000000e+00  0.000000e+00  0.000000e+00
-2.039031  3.890670e-02  0.000000e+00  0.000000e+00  0.000000e+00  0.000000e+00  0.000000e+00
-2.036429  3.942594e-02  0.000000e+00  0.000000e+00  0.000000e+00  0.000000e+00  0.000000e+00
-2.033827  3.995301e-02  0.000000e+00  0.000000e+00  0.000000e+00  0.000000e+00  0.000000e+00
-2.031225  4.048884e-02  0.000000e+00  0.000000e+00  0.000000e+00  0.000000e+00  0.000000e+00
-2.028623  4.103433e-02  0.000000e+00  0.000000e+00  0.000000e+00  0.000000e+00  0.000000e+00
-2.026021  4.159043e-02  0.000000e+00  0.000000e+00  0.000000e+00  0.000000e+00  0.000000e+00
-2.023419  4.215807e-02  0.000000e+00  0.000000e+00  0.000000e+00  0.000000e+00  0.000000e+00
-2.020816  4.273821e-02  0.000000e+00  0.000000e+00  0.000000e+00  0.000000e+00  0.000000e+00
-2.018214  4.333182e-02  0.000000e+00  0.000000e+00  0.000000e+00  0.000000e+00  0.000000e+00
-2.015612  4.393988e-02  0.000000e+00  0.000000e+00  0.000000e+00  0.000000e+00  0.000000e+00
-2.013010  4.456337e-02  0.000000e+00  0.000000e+00  0.000000e+00  0.000000e+00  0.000000e+00
-2.010408  4.520331e-02  0.000000e+00  0.000000e+00  0.000000e+00  0.000000e+00  0.000000e+00
-2.007806  4.586069e-02  0.000000e+00  0.000000e+00  0.000000e+00  0.000000e+00  0.000000e+00
-2.005204  4.653657e-02  0.000000e+00  0.000000e+00  0.000000e+00  0.000000e+00  0.000000e+00
-2.002602  4.723196e-02  0.000000e+00  0.000000e+00  0.000000e+00  0.000000e+00  0.000000e+00
-2.000000  4.794794e-02  0.000000e+00  0.000000e+00  0.000000e+00  0.000000e+00  0.000000e+00
-1.997398  4.868556e-02  0.000000e+00  0.000000e+00  0.000000e+00  0.000000e+00  0.000000e+00
-1.994796  4.944590e-02  0.000000e+00  0.000000e+00  0.000000e+00  0.000000e+00  0.000000e+00
-1.992194  5.023006e-02  0.000000e+00  0.000000e+00  0.000000e+00  0.000000e+00  0.000000e+00
-1.989592  5.103866e-02  0.000000e+00  0.000000e+00  0.000000e+00  0.000000e+00  0.000000e+00
-1.986990  5.187112e-02  0.000000e+00  0.000000e+00  0.000000e+00  0.000000e+00  0.000000e+00
-1.984388  5.272670e-02  0.000000e+00  0.000000e+00  0.000000e+00  0.000000e+00  0.000000e+00
-1.981786  5.360465e-02  0.000000e+00  0.000000e+00  0.000000e+00  0.000000e+00  0.000000e+00
-1.979184  5.450418e-02  0.000000e+00  0.000000e+00  0.000000e+00  0.000000e+00  0.000000e+00
-1.976581  5.542454e-02  0.000000e+00  0.000000e+00  0.000000e+00  0.000000e+00  0.000000e+00
-1.973979  5.636492e-02  0.000000e+00  0.000000e+00  0.000000e+00  0.000000e+00  0.000000e+00
-1.971377  5.732455e-02  0.000000e+00  0.000000e+00  0.000000e+00  0.000000e+00  0.000000e+00
-1.968775  5.830260e-02  0.000000e+00  0.000000e+00  0.000000e+00  0.000000e+00  0.000000e+00
-1.966173  5.929828e-02  0.000000e+00  0.000000e+00  0.000000e+00  0.000000e+00  0.000000e+00
-1.963571  6.031076e-02  0.000000e+00  0.000000e+00  0.000000e+00  0.000000e+00  0.000000e+00
-1.960969  6.133920e-02  0.000000e+00  0.000000e+00  0.000000e+00  0.000000e+00  0.000000e+00
-1.958367  6.238277e-02  0.000000e+00  0.000000e+00  0.000000e+00  0.000000e+00  0.000000e+00
-1.955765  6.344060e-02  0.000000e+00  0.000000e+00  0.000000e+00  0.000000e+00  0.000000e+00
-1.953163  6.451185e-02  0.000000e+00  0.000000e+00  0.000000e+00  0.000000e+00  0.000000e+00
-1.950561  6.559563e-02  0.000000e+00  0.000000e+00  0.000000e+00  0.000000e+00  0.000000e+00
-1.947959  6.669107e-02  0.000000e+00  0.000000e+00  0.000000e+00  0.000000e+00  0.000000e+00
-1.945357  6.779726e-02  0.000000e+00  0.000000e+00  0.000000e+00  0.000000e+00  0.000000e+00
-1.942755  6.891330e-02  0.000000e+00  0.000000e+00  0.000000e+00  0.000000e+00  0.000000e+00
-1.940153  7.003829e-02  0.000000e+00  0.000000e+00  0.000000e+00  0.000000e+00  0.000000e+00
-1.937551  7.117128e-02  0.000000e+00  0.000000e+00  0.000000e+00  0.000000e+00  0.000000e+00
-1.934949  7.231134e-02  0.000000e+00  0.000000e+00  0.000000e+00  0.000000e+00  0.000000e+00
-1.932346  7.345753e-02  0.000000e+00  0.000000e+00  0.000000e+00  0.000000e+00  0.000000e+00
-1.929744  7.460888e-02  0.000000e+00  0.000000e+00  0.000000e+00  0.000000e+00  0.000000e+00
-1.927142  7.576441e-02  0.000000e+00  0.000000e+00  0.000000e+00  0.000000e+00  0.000000e+00
-1.924540  7.692384e-02  0.000000e+00  0.000000e+00  0.000000e+00  0.000000e+00  0.000000e+00
-1.921938  7.808864e-02  0.000000e+00  0.000000e+00  0.000000e+00  0.000000e+00  0.000000e+00
-1.919336  7.926056e-02  0.000000e+00  0.000000e+00  0.000000e+00  0.000000e+00  0.000000e+00
-1.916734  8.044138e-02  0.000000e+00  0.000000e+00  0.000000e+00  0.000000e+00  0.000000e+00
-1.914132  8.163292e-02  0.000000e+00  0.000000e+00  0.000000e+00  0.000000e+00  0.000000e+00
-1.911530  8.283699e-02  0.000000e+00  0.000000e+00  0.000000e+00  0.000000e+00  0.000000e+00
-1.908928  8.405544e-02  0.000000e+00  0.000000e+00  0.000000e+00  0.000000e+00  0.000000e+00
-1.906326  8.529013e-02  0.000000e+00  0.000000e+00  0.000000e+00  0.000000e+00  0.000000e+00
-1.903724  8.654296e-02  0.000000e+00  0.000000e+00  0.000000e+00  0.000000e+00  0.000000e+00
-1.901122  8.781584e-02  0.000000e+00  0.000000e+00  0.000000e+00  0.000000e+00  0.000000e+00
-1.898520  8.911071e-02  0.000000e+00  0.000000e+00  0.000000e+00  0.000000e+00  0.000000e+00
-1.895918  9.042952e-02  0.000000e+00  0.000000e+00  0.000000e+00  0.000000e+00  0.000000e+00
-1.893316  9.177426e-02  0.000000e+00  0.000000e+00  0.000000e+00  0.000000e+00  0.000000e+00
-1.890713  9.314695e-02  0.000000e+00  0.000000e+00  0.000000e+00  0.000000e+00  0.000000e+00
-1.888111  9.454960e-02  0.000000e+00  0.000000e+00  0.000000e+00  0.000000e+00  0.000000e+00
-1.885509  9.598429e-02  0.000000e+00  0.000000e+00  0.000000e+00  0.000000e+00  0.000000e+00
-1.882907  9.745309e-02  0.000000e+00  0.000000e+00  0.000000e+00  0.000000e+00  0.000000e+00
-1.880305  9.895811e-02  0.000000e+00  0.000000e+00  0.000000e+00  0.000000e+00  0.000000e+00
-1.877703  1.005015e-01  0.000000e+00  0.000000e+00  0.000000e+00  0.000000e+00  0.000000e+00
-1.875101  1.020854e-01  0.000000e+00  0.000000e+00  0.000000e+00  0.000000e+00  0.000000e+00
-1.872499  1.037120e-01  0.000000e+00  0.000000e+00  0.000000e+00  0.000000e+00  0.000000e+00
-1.869897  1.053835e-01  0.000000e+00  0.000000e+00  0.000000e+00  0.000000e+00  0.000000e+00
-1.867295  1.071021e-01  0.000000e+00  0.000000e+00  0.000000e+00  0.000000e+00  0.000000e+00
-1.864693  1.088676e-01  0.000000e+00  0.000000e+00  0.000000e+00  0.000000e+00  0.000000e+00
-1.862091  1.106778e-01  0.000000e+00  0.000000e+00  0.000000e+00  0.000000e+00  0.000000e+00
-1.859489  1.125306e-01  0.000000e+00  0.000000e+00  0.000000e+00  0.000000e+00  0.000000e+00
-1.856887  1.144237e-01  0.000000e+00  0.000000e+00  0.000000e+00  0.000000e+00  0.000000e+00
-1.854285  1.163549e-01  0.000000e+00  0.000000e+00  0.000000e+00  0.000000e+00  0.000000e+00
-1.851683  1.183218e-01  0.000000e+00  0.000000e+00  0.000000e+00  0.000000e+00  0.000000e+00
-1.849081  1.203223e-01  0.000000e+00  0.000000e+00  0.000000e+00  0.000000e+00  0.000000e+00
-1.846478  1.223538e-01  0.000000e+00  0.000000e+00  0.000000e+00  0.000000e+00  0.000000e+00
-1.843876  1.244142e-01  0.000000e+00  0.000000e+00  0.000000e+00  0.000000e+00  0.000000e+00
-1.841274  1.265009e-01  0.000000e+00  0.000000e+00  0.000000e+00  0.000000e+00  0.000000e+00
-1.838672  1.286115e-01  0.000000e+00  0.000000e+00  0.000000e+00  0.000000e+00  0.000000e+00
-1.836070  1.307436e-01  0.000000e+00  0.000000e+00  0.000000e+00  0.000000e+00  0.000000e+00
-1.833468  1.328947e-01  0.000000e+00  0.000000e+00  0.000000e+00  0.000000e+00  0.000000e+00
-1.830866  1.350623e-01  0.000000e+00  0.000000e+00  0.000000e+00  0.000000e+00  0.000000e+00
-1.828264  1.372438e-01  0.000000e+00  0.000000e+00  0.000000e+00  0.000000e+00  0.000000e+00
-1.825662  1.394374e-01  0.000000e+00  0.000000e+00  0.000000e+00  0.000000e+00  0.000000e+00
-1.823060  1.416427e-01  0.000000e+00  0.000000e+00  0.000000e+00  0.000000e+00  0.000000e+00
-1.820458  1.438596e-01  0.000000e+00  0.000000e+00  0.000000e+00  0.000000e+00  0.000000e+00
-1.817856  1.460879e-01  0.000000e+00  0.000000e+00  0.000000e+00  0.000000e+00  0.000000e+00
-1.815254  1.483273e-01  0.000000e+00  0.000000e+00  0.000000e+00  0.000000e+00  0.000000e+00
-1.812652  1.505778e-01  0.000000e+00  0.000000e+00  0.000000e+00  0.000000e+00  0.000000e+00
-1.810050  1.528390e-01  0.000000e+00  0.000000e+00  0.000000e+00  0.000000e+00  0.000000e+00
-1.807448  1.551109e-01  0.000000e+00  0.000000e+00  0.000000e+00  0.000000e+00  0.000000e+00
-1.804846  1.573931e-01  0.000000e+00  0.000000e+00  0.000000e+00  0.000000e+00  0.000000e+00
-1.802243  1.596856e-01  0.000000e+00  0.000000e+00  0.000000e+00  0.000000e+00  0.000000e+00
-1.799641  1.619881e-01  0.000000e+00  0.000000e+00  0.000000e+00  0.000000e+00  0.000000e+00
-1.797039  1.643005e-01  0.000000e+00  0.000000e+00  0.000000e+00  0.000000e+00  0.000000e+00
-1.794437  1.666224e-01  0.000000e+00  0.000000e+00  0.000000e+00  0.000000e+00  0.000000e+00
-1.791835  1.689537e-01  0.000000e+00  0.000000e+00  0.000000e+00  0.000000e+00  0.000000e+00
-1.789233  1.712942e-01  0.000000e+00  0.000000e+00  0.000000e+00  0.000000e+00  0.000000e+00
-1.786631  1.736437e-01  0.000000e+00  0.000000e+00  0.000000e+00  0.000000e+00  0.000000e+00
-1.784029  1.760019e-01  0.000000e+00  0.000000e+00  0.000000e+00  0.000000e+00  0.000000e+00
-1.781427  1.783686e-01  0.000000e+00  0.000000e+00  0.000000e+00  0.000000e+00  0.000000e+00
-1.778825  1.807437e-01  0.000000e+00  0.000000e+00  0.000000e+00  0.000000e+00  0.000000e+00
-1.776223  1.831277e-01  0.000000e+00  0.000000e+00  0.000000e+00  0.000000e+00  0.000000e+00
-1.773621  1.855227e-01  0.000000e+00  0.000000e+00  0.000000e+00  0.000000e+00  0.000000e+00
-1.771019  1.879313e-01  0.000000e+00  0.000000e+00  0.000000e+00  0.000000e+00  0.000000e+00
-1.768417  1.903557e-01  0.000000e+00  0.000000e+00  0.000000e+00  0.000000e+00  0.000000e+00
-1.765815  1.927983e-01  0.000000e+00  0.000000e+00  0.000000e+00  0.000000e+00  0.000000e+00
-1.763213  1.952615e-01  0.000000e+00  0.000000e+00  0.000000e+00  0.000000e+00  0.000000e+00
-1.760610  1.977478e-01  0.000000e+00  0.000000e+00  0.000000e+00  0.000000e+00  0.000000e+00
-1.758008  2.002598e-01  0.000000e+00  0.000000e+00  0.000000e+00  0.000000e+00  0.000000e+00
-1.755406  2.027998e-01  0.000000e+00  0.000000e+00  0.000000e+00  0.000000e+00  0.000000e+00
-1.752804  2.053704e-01  0.000000e+00  0.000000e+00  0.000000e+00  0.000000e+00  0.000000e+00
-1.750202  2.079743e-01  0.000000e+00  0.000000e+00  0.000000e+00  0.000000e+00  0.000000e+00
-1.747600  2.106140e-01  0.000000e+00  0.000000e+00  0.000000e+00  0.000000e+00  0.000000e+00
-1.744998  2.132922e-01  0.000000e+00  0.000000e+00  0.000000e+00  0.000000e+00  0.000000e+00
-1.742396  2.160115e-01  0.000000e+00  0.000000e+00  0.000000e+00  0.000000e+00  0.000000e+00
-1.739794  2.187746e-01  0.000000e+00  0.000000e+00  0.000000e+00  0.000000e+00  0.000000e+00
-1.737192  2.215843e-01  0.000000e+00  0.000000e+00  0.000000e+00  0.000000e+00  0.000000e+00
-1.734590  2.244433e-01  0.000000e+00  0.000000e+00  0.000000e+00  0.000000e+00  0.000000e+00
-1.731988  2.273545e-01  0.000000e+00  0.000000e+00  0.000000e+00  0.000000e+00  0.000000e+00
-1.729386  2.303206e-01  0.000000e+00  0.000000e+00  0.000000e+00  0.000000e+00  0.000000e+00
-1.726784  2.333446e-01  0.000000e+00  0.000000e+00  0.000000e+00  0.000000e+00  0.000000e+00
-1.724182  2.364291e-01  0.000000e+00  0.000000e+00  0.000000e+00  0.000000e+00  0.000000e+00
-1.721580  2.395740e-01  0.000000e+00  0.000000e+00  0.000000e+00  0.000000e+00  0.000000e+00
-1.718978  2.427766e-01  0.000000e+00  0.000000e+00  0.000000e+00  0.000000e+00  0.000000e+00
-1.716375  2.460343e-01  0.000000e+00  0.000000e+00  0.000000e+00  0.000000e+00  0.000000e+00
-1.713773  2.493444e-01  0.000000e+00  0.000000e+00  0.000000e+00  0.000000e+00  0.000000e+00
-1.711171  2.527041e-01  0.000000e+00  0.000000e+00  0.000000e+00  0.000000e+00  0.000000e+00
-1.708569  2.561108e-01  0.000000e+00  0.000000e+00  0.000000e+00  0.000000e+00  0.000000e+00
-1.705967  2.595617e-01  0.000000e+00  0.000000e+00  0.000000e+00  0.000000e+00  0.000000e+00
-1.703365  2.630539e-01  0.000000e+00  0.000000e+00  0.000000e+00  0.000000e+00  0.000000e+00
-1.700763  2.665846e-01  0.000000e+00  0.000000e+00  0.000000e+00  0.000000e+00  0.000000e+00
-1.698161  2.701509e-01  0.000000e+00  0.000000e+00  0.000000e+00  0.000000e+00  0.000000e+00
-1.695559  2.737498e-01  0.000000e+00  0.000000e+00  0.000000e+00  0.000000e+00  0.000000e+00
-1.692957  2.773785e-01  0.000000e+00  0.000000e+00  0.000000e+00  0.000000e+00  0.000000e+00
-1.690355  2.810340e-01  0.000000e+00  0.000000e+00  0.000000e+00  0.000000e+00  0.000000e+00
-1.687753  2.847137e-01  0.000000e+00  0.000000e+00  0.000000e+00  0.000000e+00  0.000000e+00
-1.685151  2.884166e-01  0.000000e+00  0.000000e+00  0.000000e+00  0.000000e+00  0.000000e+00
-1.682549  2.921418e-01  0.000000e+00  0.000000e+00  0.000000e+00  0.000000e+00  0.000000e+00
-1.679947  2.958884e-01  0.000000e+00  0.000000e+00  0.000000e+00  0.000000e+00  0.000000e+00
-1.677345  2.996556e-01  0.000000e+00  0.000000e+00  0.000000e+00  0.000000e+00  0.000000e+00
-1.674743  3.034423e-01  0.000000e+00  0.000000e+00  0.000000e+00  0.000000e+00  0.000000e+00
-1.672140  3.072477e-01  0.000000e+00  0.000000e+00  0.000000e+00  0.000000e+00  0.000000e+00
-1.669538  3.110708e-01  0.000000e+00  0.000000e+00  0.000000e+00  0.000000e+00  0.000000e+00
-1.666936  3.149107e-01  0.000000e+00  0.000000e+00  0.000000e+00  0.000000e+00  0.000000e+00
-1.664334  3.187664e-01  0.000000e+00  0.000000e+00  0.000000e+00  0.000000e+00  0.000000e+00
-1.661732  3.226369e-01  0.000000e+00  0.000000e+00  0.000000e+00  0.000000e+00  0.000000e+00
-1.659130  3.265212e-01  0.000000e+00  0.000000e+00  0.000000e+00  0.000000e+00  0.000000e+00
-1.656528  3.304184e-01  0.000000e+00  0.000000e+00  0.000000e+00  0.000000e+00  0.000000e+00
-1.653926  3.343273e-01  0.000000e+00  0.000000e+00  0.000000e+00  0.000000e+00  0.000000e+00
-1.651324  3.382471e-01  0.000000e+00  0.000000e+00  0.000000e+00  0.000000e+00  0.000000e+00
-1.648722  3.421765e-01  0.000000e+00  0.000000e+00  0.000000e+00  0.000000e+00  0.000000e+00
-1.646120  3.461146e-01  0.000000e+00  0.000000e+00  0.000000e+00  0.000000e+00  0.000000e+00
-1.643518  3.500603e-01  0.000000e+00  0.000000e+00  0.000000e+00  0.000000e+00  0.000000e+00
-1.640916  3.540124e-01  0.000000e+00  0.000000e+00  0.000000e+00  0.000000e+00  0.000000e+00
-1.638314  3.579700e-01  0.000000e+00  0.000000e+00  0.000000e+00  0.000000e+00  0.000000e+00
-1.635712  3.619318e-01  0.000000e+00  0.000000e+00  0.000000e+00  0.000000e+00  0.000000e+00
-1.633110  3.658969e-01  0.000000e+00  0.000000e+00  0.000000e+00  0.000000e+00  0.000000e+00
-1.630507  3.698657e-01  0.000000e+00  0.000000e+00  0.000000e+00  0.000000e+00  0.000000e+00
-1.627905  3.738397e-01  0.000000e+00  0.000000e+00  0.000000e+00  0.000000e+00  0.000000e+00
-1.625303  3.778207e-01  0.000000e+00  0.000000e+00  0.000000e+00  0.000000e+00  0.000000e+00
-1.622701  3.818101e-01  0.000000e+00  0.000000e+00  0.000000e+00  0.000000e+00  0.000000e+00
-1.620099  3.858097e-01  0.000000e+00  0.000000e+00  0.000000e+00  0.000000e+00  0.000000e+00
-1.617497  3.898212e-01  0.000000e+00  0.000000e+00  0.000000e+00  0.000000e+00  0.000000e+00
-1.614895  3.938463e-01  0.000000e+00  0.000000e+00  0.000000e+00  0.000000e+00  0.000000e+00
-1.612293  3.978866e-01  0.000000e+00  0.000000e+00  0.000000e+00  0.000000e+00  0.000000e+00
-1.609691  4.019438e-01  0.000000e+00  0.000000e+00  0.000000e+00  0.000000e+00  0.000000e+00
-1.607089  4.060198e-01  0.000000e+00  0.000000e+00  0.000000e+00  0.000000e+00  0.000000e+00
-1.604487  4.101158e-01  0.000000e+00  0.000000e+00  0.000000e+00  0.000000e+00  0.000000e+00
-1.601885  4.142313e-01  0.000000e+00  0.000000e+00  0.000000e+00  0.000000e+00  0.000000e+00
-1.599283  4.183657e-01  0.000000e+00  0.000000e+00  0.000000e+00  0.000000e+00  0.000000e+00
-1.596681  4.225183e-01  0.000000e+00  0.000000e+00  0.000000e+00  0.000000e+00  0.000000e+00
-1.594079  4.266882e-01  0.000000e+00  0.000000e+00  0.000000e+00  0.000000e+00  0.000000e+00
-1.591477  4.308749e-01  0.000000e+00  0.000000e+00  0.000000e+00  0.000000e+00  0.000000e+00
-1.588875  4.350775e-01  0.000000e+00  0.000000e+00  0.000000e+00  0.000000e+00  0.000000e+00
-1.586272  4.392953e-01  0.000000e+00  0.000000e+00  0.000000e+00  0.000000e+00  0.000000e+00
-1.583670  4.435276e-01  0.000000e+00  0.000000e+00  0.000000e+00  0.000000e+00  0.000000e+00
-1.581068  4.477735e-01  0.000000e+00  0.000000e+00  0.000000e+00  0.000000e+00  0.000000e+00
-1.578466  4.520324e-01  0.000000e+00  0.000000e+00  0.000000e+00  0.000000e+00  0.000000e+00
-1.575864  4.563033e-01  0.000000e+00  0.000000e+00  0.000000e+00  0.000000e+00  0.000000e+00
-1.573262  4.605855e-01  0.000000e+00  0.000000e+00  0.000000e+00  0.000000e+00  0.000000e+00
-1.570660  4.648783e-01  0.000000e+00  0.000000e+00  0.000000e+00  0.000000e+00  0.000000e+00
-1.568058  4.691883e-01  0.000000e+00  0.000000e+00  0.000000e+00  0.000000e+00  0.000000e+00
-1.565456  4.735333e-01  0.000000e+00  0.000000e+00  0.000000e+00  0.000000e+00  0.000000e+00
-1.562854  4.779325e-01  0.000000e+00  0.000000e+00  0.000000e+00  0.000000e+00  0.000000e+00
-1.560252  4.824053e-01  0.000000e+00  0.000000e+00  0.000000e+00  0.000000e+00  0.000000e+00
-1.557650  4.869712e-01  0.000000e+00  0.000000e+00  0.000000e+00  0.000000e+00  0.000000e+00
-1.555048  4.916502e-01  0.000000e+00  0.000000e+00  0.000000e+00  0.000000e+00  0.000000e+00
-1.552446  4.964623e-01  0.000000e+00  0.000000e+00  0.000000e+00  0.000000e+00  0.000000e+00
-1.549844  5.014278e-01  0.000000e+00  0.000000e+00  0.000000e+00  0.000000e+00  0.000000e+00
-1.547242  5.065673e-01  0.000000e+00  0.000000e+00  0.000000e+00  0.000000e+00  0.000000e+00
-1.544640  5.119016e-01  0.000000e+00  0.000000e+00  0.000000e+00  0.000000e+00  0.000000e+00
-1.542037  5.174519e-01  0.000000e+00  0.000000e+00  0.000000e+00  0.000000e+00  0.000000e+00
-1.539435  5.232394e-01  0.000000e+00  0.000000e+00  0.000000e+00  0.000000e+00  0.000000e+00
-1.536833  5.292858e-01  0.000000e+00  0.000000e+00  0.000000e+00  0.000000e+00  0.000000e+00
-1.534231  5.356075e-01  0.000000e+00  0.000000e+00  0.000000e+00  0.000000e+00  0.000000e+00
-1.531629  5.421842e-01  0.000000e+00  0.000000e+00  0.000000e+00  0.000000e+00  0.000000e+00
-1.529027  5.489797e-01  0.000000e+00  0.000000e+00  0.000000e+00  0.000000e+00  0.000000e+00
-1.526425  5.559569e-01  0.000000e+00  0.000000e+00  0.000000e+00  0.000000e+00  0.000000e+00
-1.523823  5.630789e-01  0.000000e+00  0.000000e+00  0.000000e+00  0.000000e+00  0.000000e+00
-1.521221  5.703078e-01  0.000000e+00  0.000000e+00  0.000000e+00  0.000000e+00  0.000000e+00
-1.518619  5.776055e-01  0.000000e+00  0.000000e+00  0.000000e+00  0.000000e+00  0.000000e+00
-1.516017  5.849335e-01  0.000000e+00  0.000000e+00  0.000000e+00  0.000000e+00  0.000000e+00
-1.513415  5.922526e-01  0.000000e+00  0.000000e+00  0.000000e+00  0.000000e+00  0.000000e+00
-1.510813  5.995233e-01  0.000000e+00  0.000000e+00  0.000000e+00  0.000000e+00  0.000000e+00
-1.508211  6.067057e-01  0.000000e+00  0.000000e+00  0.000000e+00  0.000000e+00  0.000000e+00
-1.505609  6.137591e-01  0.000000e+00  0.000000e+00  0.000000e+00  0.000000e+00  0.000000e+00
-1.503007  6.206601e-01  0.000000e+00  0.000000e+00  0.000000e+00  0.000000e+00  0.000000e+00
-1.500404  6.274439e-01  0.000000e+00  0.000000e+00  0.000000e+00  0.000000e+00  0.000000e+00
-1.497802  6.341586e-01  0.000000e+00  0.000000e+00  0.000000e+00  0.000000e+00  0.000000e+00
-1.495200  6.408531e-01  0.000000e+00  0.000000e+00  0.000000e+00  0.000000e+00  0.000000e+00
-1.492598  6.475768e-01  0.000000e+00  0.000000e+00  0.000000e+00  0.000000e+00  0.000000e+00
-1.489996  6.543795e-01  0.000000e+00  0.000000e+00  0.000000e+00  0.000000e+00  0.000000e+00
-1.487394  6.613118e-01  0.000000e+00  0.000000e+00  0.000000e+00  0.000000e+00  0.000000e+00
-1.484792  6.684249e-01  0.000000e+00  0.000000e+00  0.000000e+00  0.000000e+00  0.000000e+00
-1.482190  6.757705e-01  0.000000e+00  0.000000e+00  0.000000e+00  0.000000e+00  0.000000e+00
-1.479588  6.834011e-01  0.000000e+00  0.000000e+00  0.000000e+00  0.000000e+00  0.000000e+00
-1.476986  6.913639e-01  0.000000e+00  0.000000e+00  0.000000e+00  0.000000e+00  0.000000e+00
-1.474384  6.996562e-01  0.000000e+00  0.000000e+00  0.000000e+00  0.000000e+00  0.000000e+00
-1.471782  7.082496e-01  0.000000e+00  0.000000e+00  0.000000e+00  0.000000e+00  0.000000e+00
-1.469180  7.171149e-01  0.000000e+00  0.000000e+00  0.000000e+00  0.000000e+00  0.000000e+00
-1.466578  7.262229e-01  0.000000e+00  0.000000e+00  0.000000e+00  0.000000e+00  0.000000e+00
-1.463976  7.355438e-01  0.000000e+00  0.000000e+00  0.000000e+00  0.000000e+00  0.000000e+00
-1.461374  7.450475e-01  0.000000e+00  0.000000e+00  0.000000e+00  0.000000e+00  0.000000e+00
-1.458772  7.547037e-01  0.000000e+00  0.000000e+00  0.000000e+00  0.000000e+00  0.000000e+00
-1.456169  7.644814e-01  0.000000e+00  0.000000e+00  0.000000e+00  0.000000e+00  0.000000e+00
-1.453567  7.743496e-01  0.000000e+00  0.000000e+00  0.000000e+00  0.000000e+00  0.000000e+00
-1.450965  7.842767e-01  0.000000e+00  0.000000e+00  0.000000e+00  0.000000e+00  0.000000e+00
-1.448363  7.942307e-01  0.000000e+00  0.000000e+00  0.000000e+00  0.000000e+00  0.000000e+00
-1.445761  8.041870e-01  0.000000e+00  0.000000e+00  0.000000e+00  0.000000e+00  0.000000e+00
-1.443159  8.141427e-01  0.000000e+00  0.000000e+00  0.000000e+00  0.000000e+00  0.000000e+00
-1.440557  8.240989e-01  0.000000e+00  0.000000e+00  0.000000e+00  0.000000e+00  0.000000e+00
-1.437955  8.340567e-01  0.000000e+00  0.000000e+00  0.000000e+00  0.000000e+00  0.000000e+00
-1.435353  8.440171e-01  0.000000e+00  0.000000e+00  0.000000e+00  0.000000e+00  0.000000e+00
-1.432751  8.539812e-01  0.000000e+00  0.000000e+00  0.000000e+00  0.000000e+00  0.000000e+00
-1.430149  8.639501e-01  0.000000e+00  0.000000e+00  0.000000e+00  0.000000e+00  0.000000e+00
-1.427547  8.739250e-01  0.000000e+00  0.000000e+00  0.000000e+00  0.000000e+00  0.000000e+00
-1.424945  8.839068e-01  0.000000e+00  0.000000e+00  0.000000e+00  0.000000e+00  0.000000e+00
-1.422343  8.938968e-01  0.000000e+00  0.000000e+00  0.000000e+00  0.000000e+00  0.000000e+00
-1.419741  9.038961e-01  0.000000e+00  0.000000e+00  0.000000e+00  0.000000e+00  0.000000e+00
-1.417139  9.139058e-01  0.000000e+00  0.000000e+00  0.000000e+00  0.000000e+00  0.000000e+00
-1.414537  9.239271e-01  0.000000e+00  0.000000e+00  0.000000e+00  0.000000e+00  0.000000e+00
-1.411934  9.339611e-01  0.000000e+00  0.000000e+00  0.000000e+00  0.000000e+00  0.000000e+00
-1.409332  9.440090e-01  0.000000e+00  0.000000e+00  0.000000e+00  0.000000e+00  0.000000e+00
-1.406730  9.540720e-01  0.000000e+00  0.000000e+00  0.000000e+00  0.000000e+00  0.000000e+00
-1.404128  9.641512e-01  0.000000e+00  0.000000e+00  0.000000e+00  0.000000e+00  0.000000e+00
-1.401526  9.742491e-01  0.000000e+00  0.000000e+00  0.000000e+00  0.000000e+00  0.000000e+00
-1.398924  9.843776e-01  0.000000e+00  0.000000e+00  0.000000e+00  0.000000e+00  0.000000e+00
-1.396322  9.945544e-01  0.000000e+00  0.000000e+00  0.000000e+00  0.000000e+00  0.000000e+00
-1.393720  1.004797e+00  0.000000e+00  0.000000e+00  0.000000e+00  0.000000e+00  0.000000e+00
-1.391118  1.015125e+00  0.000000e+00  0.000000e+00  0.000000e+00  0.000000e+00  0.000000e+00
-1.388516  1.025555e+00  0.000000e+00  0.000000e+00  0.000000e+00  0.000000e+00  0.000000e+00
-1.385914  1.036106e+00  0.000000e+00  0.000000e+00  0.000000e+00  0.000000e+00  0.000000e+00
-1.383312  1.046797e+00  0.000000e+00  0.000000e+00  0.000000e+00  0.000000e+00  0.000000e+00
-1.380710  1.057646e+00  0.000000e+00  0.000000e+00  0.000000e+00  0.000000e+00  0.000000e+00
-1.378108  1.068674e+00  0.000000e+00  0.000000e+00  0.000000e+00  0.000000e+00  0.000000e+00
-1.375506  1.079900e+00  0.000000e+00  0.000000e+00  0.000000e+00  0.000000e+00  0.000000e+00
-1.372904  1.091342e+00  0.000000e+00  0.000000e+00  0.000000e+00  0.000000e+00  0.000000e+00
-1.370301  1.103022e+00  0.000000e+00  0.000000e+00  0.000000e+00  0.000000e+00  0.000000e+00
-1.367699  1.114959e+00  0.000000e+00  0.000000e+00  0.000000e+00  0.000000e+00  0.000000e+00
-1.365097  1.127174e+00  0.000000e+00  0.000000e+00  0.000000e+00  0.000000e+00  0.000000e+00
-1.362495  1.139687e+00  0.000000e+00  0.000000e+00  0.000000e+00  0.000000e+00  0.000000e+00
-1.359893  1.152520e+00  0.000000e+00  0.000000e+00  0.000000e+00  0.000000e+00  0.000000e+00
-1.357291  1.165693e+00  0.000000e+00  0.000000e+00  0.000000e+00  0.000000e+00  0.000000e+00
-1.354689  1.179228e+00  0.000000e+00  0.000000e+00  0.000000e+00  0.000000e+00  0.000000e+00
-1.352087  1.193147e+00  0.000000e+00  0.000000e+00  0.000000e+00  0.000000e+00  0.000000e+00
-1.349485  1.207471e+00  0.000000e+00  0.000000e+00  0.000000e+00  0.000000e+00  0.000000e+00
-1.346883  1.222214e+00  0.000000e+00  0.000000e+00  0.000000e+00  0.000000e+00  0.000000e+00
-1.344281  1.237359e+00  0.000000e+00  0.000000e+00  0.000000e+00  0.000000e+00  0.000000e+00
-1.341679  1.252882e+00  0.000000e+00  0.000000e+00  0.000000e+00  0.000000e+00  0.000000e+00
-1.339077  1.268760e+00  0.000000e+00  0.000000e+00  0.000000e+00  0.000000e+00  0.000000e+00
-1.336475  1.284968e+00  0.000000e+00  0.000000e+00  0.000000e+00  0.000000e+00  0.000000e+00
-1.333873  1.301482e+00  0.000000e+00  0.000000e+00  0.000000e+00  0.000000e+00  0.000000e+00
-1.331271  1.318277e+00  0.000000e+00  0.000000e+00  0.000000e+00  0.000000e+00  0.000000e+00
-1.328669  1.335328e+00  0.000000e+00  0.000000e+00  0.000000e+00  0.000000e+00  0.000000e+00
-1.326066  1.352611e+00  0.000000e+00  0.000000e+00  0.000000e+00  0.000000e+00  0.000000e+00
-1.323464  1.370099e+00  0.000000e+00  0.000000e+00  0.000000e+00  0.000000e+00  0.000000e+00
-1.320862  1.387767e+00  0.000000e+00  0.000000e+00  0.000000e+00  0.000000e+00  0.000000e+00
-1.318260  1.405589e+00  0.000000e+00  0.000000e+00  0.000000e+00  0.000000e+00  0.000000e+00
-1.315658  1.423537e+00  0.000000e+00  0.000000e+00  0.000000e+00  0.000000e+00  0.000000e+00
-1.313056  1.441586e+00  0.000000e+00  0.000000e+00  0.000000e+00  0.000000e+00  0.000000e+00
-1.310454  1.459708e+00  0.000000e+00  0.000000e+00  0.000000e+00  0.000000e+00  0.000000e+00
-1.307852  1.477875e+00  0.000000e+00  0.000000e+00  0.000000e+00  0.000000e+00  0.000000e+00
-1.305250  1.496060e+00  0.000000e+00  0.000000e+00  0.000000e+00  0.000000e+00  0.000000e+00
-1.302648  1.514235e+00  0.000000e+00  0.000000e+00  0.000000e+00  0.000000e+00  0.000000e+00
-1.300046  1.532371e+00  0.000000e+00  0.000000e+00  0.000000e+00  0.000000e+00  0.000000e+00
-1.297444  1.550475e+00  0.000000e+00  0.000000e+00  0.000000e+00  0.000000e+00  0.000000e+00
-1.294842  1.568589e+00  0.000000e+00  0.000000e+00  0.000000e+00  0.000000e+00  0.000000e+00
-1.292240  1.586758e+00  0.000000e+00  0.000000e+00  0.000000e+00  0.000000e+00  0.000000e+00
-1.289638  1.605029e+00  0.000000e+00  0.000000e+00  0.000000e+00  0.000000e+00  0.000000e+00
-1.287036  1.623447e+00  0.000000e+00  0.000000e+00  0.000000e+00  0.000000e+00  0.000000e+00
-1.284434  1.642062e+00  0.000000e+00  0.000000e+00  0.000000e+00  0.000000e+00  0.000000e+00
-1.281831  1.660919e+00  0.000000e+00  0.000000e+00  0.000000e+00  0.000000e+00  0.000000e+00
-1.279229  1.680068e+00  0.000000e+00  0.000000e+00  0.000000e+00  0.000000e+00  0.000000e+00
-1.276627  1.699557e+00  0.000000e+00  0.000000e+00  0.000000e+00  0.000000e+00  0.000000e+00
-1.274025  1.719436e+00  0.000000e+00  0.000000e+00  0.000000e+00  0.000000e+00  0.000000e+00
-1.271423  1.739756e+00  0.000000e+00  0.000000e+00  0.000000e+00  0.000000e+00  0.000000e+00
-1.268821  1.760566e+00  0.000000e+00  0.000000e+00  0.000000e+00  0.000000e+00  0.000000e+00
-1.266219  1.781918e+00  0.000000e+00  0.000000e+00  0.000000e+00  0.000000e+00  0.000000e+00
-1.263617  1.803865e+00  0.000000e+00  0.000000e+00  0.000000e+00  0.000000e+00  0.000000e+00
-1.261015  1.826451e+00  0.000000e+00  0.000000e+00  0.000000e+00  0.000000e+00  0.000000e+00
-1.258413  1.849667e+00  0.000000e+00  0.000000e+00  0.000000e+00  0.000000e+00  0.000000e+00
-1.255811  1.873472e+00  0.000000e+00  0.000000e+00  0.000000e+00  0.000000e+00  0.000000e+00
-1.253209  1.897828e+00  0.000000e+00  0.000000e+00  0.000000e+00  0.000000e+00  0.000000e+00
-1.250607  1.922696e+00  0.000000e+00  0.000000e+00  0.000000e+00  0.000000e+00  0.000000e+00
-1.248005  1.948034e+00  0.000000e+00  0.000000e+00  0.000000e+00  0.000000e+00  0.000000e+00
-1.245403  1.973803e+00  0.000000e+00  0.000000e+00  0.000000e+00  0.000000e+00  0.000000e+00
-1.242801  1.999961e+00  0.000000e+00  0.000000e+00  0.000000e+00  0.000000e+00  0.000000e+00
-1.240198  2.026467e+00  0.000000e+00  0.000000e+00  0.000000e+00  0.000000e+00  0.000000e+00
-1.237596  2.053279e+00  0.000000e+00  0.000000e+00  0.000000e+00  0.000000e+00  0.000000e+00
-1.234994  2.080353e+00  0.000000e+00  0.000000e+00  0.000000e+00  0.000000e+00  0.000000e+00
-1.232392  2.107648e+00  0.000000e+00  0.000000e+00  0.000000e+00  0.000000e+00  0.000000e+00
-1.229790  2.135118e+00  0.000000e+00  0.000000e+00  0.000000e+00  0.000000e+00  0.000000e+00
-1.227188  2.162721e+00  0.000000e+00  0.000000e+00  0.000000e+00  0.000000e+00  0.000000e+00
-1.224586  2.190411e+00  0.000000e+00  0.000000e+00  0.000000e+00  0.000000e+00  0.000000e+00
-1.221984  2.218142e+00  0.000000e+00  0.000000e+00  0.000000e+00  0.000000e+00  0.000000e+00
-1.219382  2.245876e+00  0.000000e+00  0.000000e+00  0.000000e+00  0.000000e+00  0.000000e+00
-1.216780  2.273618e+00  0.000000e+00  0.000000e+00  0.000000e+00  0.000000e+00  0.000000e+00
-1.214178  2.301391e+00  0.000000e+00  0.000000e+00  0.000000e+00  0.000000e+00  0.000000e+00
-1.211576  2.329223e+00  0.000000e+00  0.000000e+00  0.000000e+00  0.000000e+00  0.000000e+00
-1.208974  2.357138e+00  0.000000e+00  0.000000e+00  0.000000e+00  0.000000e+00  0.000000e+00
-1.206372  2.385164e+00  0.000000e+00  0.000000e+00  0.000000e+00  0.000000e+00  0.000000e+00
-1.203770  2.413327e+00  0.000000e+00  0.000000e+00  0.000000e+00  0.000000e+00  0.000000e+00
-1.201168  2.441653e+00  0.000000e+00  0.000000e+00  0.000000e+00  0.000000e+00  0.000000e+00
-1.198566  2.470170e+00  0.000000e+00  0.000000e+00  0.000000e+00  0.000000e+00  0.000000e+00
-1.195963  2.498905e+00  0.000000e+00  0.000000e+00  0.000000e+00  0.000000e+00  0.000000e+00
-1.193361  2.527887e+00  0.000000e+00  0.000000e+00  0.000000e+00  0.000000e+00  0.000000e+00
-1.190759  2.557142e+00  0.000000e+00  0.000000e+00  0.000000e+00  0.000000e+00  0.000000e+00
-1.188157  2.586701e+00  0.000000e+00  0.000000e+00  0.000000e+00  0.000000e+00  0.000000e+00
-1.185555  2.616591e+00  0.000000e+00  0.000000e+00  0.000000e+00  0.000000e+00  0.000000e+00
-1.182953  2.646842e+00  0.000000e+00  0.000000e+00  0.000000e+00  0.000000e+00  0.000000e+00
-1.180351  2.677475e+00  0.000000e+00  0.000000e+00  0.000000e+00  0.000000e+00  0.000000e+00
-1.177749  2.708493e+00  0.000000e+00  0.000000e+00  0.000000e+00  0.000000e+00  0.000000e+00
-1.175147  2.739898e+00  0.000000e+00  0.000000e+00  0.000000e+00  0.000000e+00  0.000000e+00
-1.172545  2.771691e+00  0.000000e+00  0.000000e+00  0.000000e+00  0.000000e+00  0.000000e+00
-1.169943  2.803875e+00  0.000000e+00  0.000000e+00  0.000000e+00  0.000000e+00  0.000000e+00
-1.167341  2.836449e+00  0.000000e+00  0.000000e+00  0.000000e+00  0.000000e+00  0.000000e+00
-1.164739  2.869416e+00  0.000000e+00  0.000000e+00  0.000000e+00  0.000000e+00  0.000000e+00
-1.162137  2.902777e+00  0.000000e+00  0.000000e+00  0.000000e+00  0.000000e+00  0.000000e+00
-1.159535  2.936534e+00  0.000000e+00  0.000000e+00  0.000000e+00  0.000000e+00  0.000000e+00
-1.156933  2.970689e+00  0.000000e+00  0.000000e+00  0.000000e+00  0.000000e+00  0.000000e+00
-1.154331  3.005242e+00  0.000000e+00  0.000000e+00  0.000000e+00  0.000000e+00  0.000000e+00
-1.151728  3.040196e+00  0.000000e+00  0.000000e+00  0.000000e+00  0.000000e+00  0.000000e+00
-1.149126  3.075551e+00  0.000000e+00  0.000000e+00  0.000000e+00  0.000000e+00  0.000000e+00
-1.146524  3.111311e+00  0.000000e+00  0.000000e+00  0.000000e+00  0.000000e+00  0.000000e+00
-1.143922  3.147475e+00  0.000000e+00  0.000000e+00  0.000000e+00  0.000000e+00  0.000000e+00
-1.141320  3.184046e+00  0.000000e+00  0.000000e+00  0.000000e+00  0.000000e+00  0.000000e+00
-1.138718  3.221026e+00  0.000000e+00  0.000000e+00  0.000000e+00  0.000000e+00  0.000000e+00
-1.136116  3.258408e+00  0.000000e+00  0.000000e+00  0.000000e+00  0.000000e+00  0.000000e+00
-1.133514  3.296149e+00  0.000000e+00  0.000000e+00  0.000000e+00  0.000000e+00  0.000000e+00
-1.130912  3.334197e+00  0.000000e+00  0.000000e+00  0.000000e+00  0.000000e+00  0.000000e+00
-1.128310  3.372501e+00  0.000000e+00  0.000000e+00  0.000000e+00  0.000000e+00  0.000000e+00
-1.125708  3.411006e+00  0.000000e+00  0.000000e+00  0.000000e+00  0.000000e+00  0.000000e+00
-1.123106  3.449658e+00  0.000000e+00  0.000000e+00  0.000000e+00  0.000000e+00  0.000000e+00
-1.120504  3.488404e+00  0.000000e+00  0.000000e+00  0.000000e+00  0.000000e+00  0.000000e+00
-1.117902  3.527188e+00  0.000000e+00  0.000000e+00  0.000000e+00  0.000000e+00  0.000000e+00
-1.115300  3.565955e+00  0.000000e+00  0.000000e+00  0.000000e+00  0.000000e+00  0.000000e+00
-1.112698  3.604647e+00  0.000000e+00  0.000000e+00  0.000000e+00  0.000000e+00  0.000000e+00
-1.110095  3.643208e+00  0.000000e+00  0.000000e+00  0.000000e+00  0.000000e+00  0.000000e+00
-1.107493  3.681579e+00  0.000000e+00  0.000000e+00  0.000000e+00  0.000000e+00  0.000000e+00
-1.104891  3.719703e+00  0.000000e+00  0.000000e+00  0.000000e+00  0.000000e+00  0.000000e+00
-1.102289  3.757519e+00  0.000000e+00  0.000000e+00  0.000000e+00  0.000000e+00  0.000000e+00
-1.099687  3.794967e+00  0.000000e+00  0.000000e+00  0.000000e+00  0.000000e+00  0.000000e+00
-1.097085  3.831994e+00  0.000000e+00  0.000000e+00  0.000000e+00  0.000000e+00  0.000000e+00
-1.094483  3.818404e+00  0.000000e+00  0.000000e+00  0.000000e+00  0.000000e+00  0.000000e+00
-1.091881  3.856989e+00  0.000000e+00  0.000000e+00  0.000000e+00  0.000000e+00  0.000000e+00
-1.089279  3.895863e+00  0.000000e+00  0.000000e+00  0.000000e+00  0.000000e+00  0.000000e+00
-1.086677  3.935026e+00  0.000000e+00  0.000000e+00  0.000000e+00  0.000000e+00  0.000000e+00
-1.084075  3.974479e+00  0.000000e+00  0.000000e+00  0.000000e+00  0.000000e+00  0.000000e+00
-1.081473  4.014224e+00  0.000000e+00  0.000000e+00  0.000000e+00  0.000000e+00  0.000000e+00
-1.078871  4.054262e+00  0.000000e+00  0.000000e+00  0.000000e+00  0.000000e+00  0.000000e+00
-1.076269  4.094594e+00  0.000000e+00  0.000000e+00  0.000000e+00  0.000000e+00  0.000000e+00
-1.073667  4.135221e+00  0.000000e+00  0.000000e+00  0.000000e+00  0.000000e+00  0.000000e+00
-1.071065  4.176145e+00  0.000000e+00  0.000000e+00  0.000000e+00  0.000000e+00  0.000000e+00
-1.068463  4.217366e+00  0.000000e+00  0.000000e+00  0.000000e+00  0.000000e+00  0.000000e+00
-1.065860  4.258886e+00  0.000000e+00  0.000000e+00  0.000000e+00  0.000000e+00  0.000000e+00
-1.063258  4.300706e+00  0.000000e+00  0.000000e+00  0.000000e+00  0.000000e+00  0.000000e+00
-1.060656  4.342827e+00  0.000000e+00  0.000000e+00  0.000000e+00  0.000000e+00  0.000000e+00
-1.058054  4.385250e+00  0.000000e+00  0.000000e+00  0.000000e+00  0.000000e+00  0.000000e+00
-1.055452  4.427977e+00  0.000000e+00  0.000000e+00  0.000000e+00  0.000000e+00  0.000000e+00
-1.052850  4.471008e+00  0.000000e+00  0.000000e+00  0.000000e+00  0.000000e+00  0.000000e+00
-1.050248  4.514345e+00  0.000000e+00  0.000000e+00  0.000000e+00  0.000000e+00  0.000000e+00
-1.047646  4.557989e+00  0.000000e+00  0.000000e+00  0.000000e+00  0.000000e+00  0.000000e+00
-1.045044  4.601941e+00  0.000000e+00  0.000000e+00  0.000000e+00  0.000000e+00  0.000000e+00
-1.042442  4.646202e+00  0.000000e+00  0.000000e+00  0.000000e+00  0.000000e+00  0.000000e+00
-1.039840  4.690773e+00  0.000000e+00  0.000000e+00  0.000000e+00  0.000000e+00  0.000000e+00
-1.037238  4.735656e+00  0.000000e+00  0.000000e+00  0.000000e+00  0.000000e+00  0.000000e+00
-1.034636  4.780851e+00  0.000000e+00  0.000000e+00  0.000000e+00  0.000000e+00  0.000000e+00
-1.032034  4.826360e+00  0.000000e+00  0.000000e+00  0.000000e+00  0.000000e+00  0.000000e+00
-1.029432  4.872183e+00  0.000000e+00  0.000000e+00  0.000000e+00  0.000000e+00  0.000000e+00
-1.026830  4.918323e+00  0.000000e+00  0.000000e+00  0.000000e+00  0.000000e+00  0.000000e+00
-1.024228  4.964779e+00  0.000000e+00  0.000000e+00  0.000000e+00  0.000000e+00  0.000000e+00
-1.021625  5.011554e+00  0.000000e+00  0.000000e+00  0.000000e+00  0.000000e+00  0.000000e+00
-1.019023  5.058648e+00  0.000000e+00  0.000000e+00  0.000000e+00  0.000000e+00  0.000000e+00
-1.016421  5.106062e+00  0.000000e+00  0.000000e+00  0.000000e+00  0.000000e+00  0.000000e+00
-1.013819  5.153798e+00  0.000000e+00  0.000000e+00  0.000000e+00  0.000000e+00  0.000000e+00
-1.011217  5.201857e+00  0.000000e+00  0.000000e+00  0.000000e+00  0.000000e+00  0.000000e+00
-1.008615  5.250239e+00  0.000000e+00  0.000000e+00  0.000000e+00  0.000000e+00  0.000000e+00
-1.006013  5.298945e+00  0.000000e+00  0.000000e+00  0.000000e+00  0.000000e+00  0.000000e+00
-1.003411  5.347978e+00  0.000000e+00  0.000000e+00  0.000000e+00  0.000000e+00  0.000000e+00
-1.000809  5.397337e+00  0.000000e+00  0.000000e+00  0.000000e+00  0.000000e+00  0.000000e+00
-0.998207  5.447025e+00  0.000000e+00  0.000000e+00  0.000000e+00  0.000000e+00  0.000000e+00
-0.995605  5.497041e+00  0.000000e+00  0.000000e+00  0.000000e+00  0.000000e+00  0.000000e+00
-0.993003  5.547387e+00  0.000000e+00  0.000000e+00  0.000000e+00  0.000000e+00  0.000000e+00
-0.990401  5.598065e+00  0.000000e+00  0.000000e+00  0.000000e+00  0.000000e+00  0.000000e+00
-0.987799  5.649075e+00  0.000000e+00  0.000000e+00  0.000000e+00  0.000000e+00  0.000000e+00
-0.985197  5.700418e+00  0.000000e+00  0.000000e+00  0.000000e+00  0.000000e+00  0.000000e+00
-0.982595  5.752095e+00  0.000000e+00  0.000000e+00  0.000000e+00  0.000000e+00  0.000000e+00
-0.979992  5.804107e+00  0.000000e+00  0.000000e+00  0.000000e+00  0.000000e+00  0.000000e+00
-0.977390  5.856456e+00  0.000000e+00  0.000000e+00  0.000000e+00  0.000000e+00  0.000000e+00
-0.974788  5.909142e+00  0.000000e+00  0.000000e+00  0.000000e+00  0.000000e+00  0.000000e+00
-0.972186  5.962166e+00  0.000000e+00  0.000000e+00  0.000000e+00  0.000000e+00  0.000000e+00
-0.969584  6.015530e+00  0.000000e+00  0.000000e+00  0.000000e+00  0.000000e+00  0.000000e+00
-0.966982  6.069234e+00  0.000000e+00  0.000000e+00  0.000000e+00  0.000000e+00  0.000000e+00
-0.964380  6.123279e+00  0.000000e+00  0.000000e+00  0.000000e+00  0.000000e+00  0.000000e+00
-0.961778  6.177666e+00  0.000000e+00  0.000000e+00  0.000000e+00  0.000000e+00  0.000000e+00
-0.959176  6.232397e+00  0.000000e+00  0.000000e+00  0.000000e+00  0.000000e+00  0.000000e+00
-0.956574  6.287471e+00  0.000000e+00  0.000000e+00  0.000000e+00  0.000000e+00  0.000000e+00
-0.953972  6.342891e+00  0.000000e+00  0.000000e+00  0.000000e+00  0.000000e+00  0.000000e+00
-0.951370  6.398657e+00  0.000000e+00  0.000000e+00  0.000000e+00  0.000000e+00  0.000000e+00
-0.948768  6.454770e+00  0.000000e+00  0.000000e+00  0.000000e+00  0.000000e+00  0.000000e+00
-0.946166  6.511231e+00  0.000000e+00  0.000000e+00  0.000000e+00  0.000000e+00  0.000000e+00
-0.943564  6.568040e+00  0.000000e+00  0.000000e+00  0.000000e+00  0.000000e+00  0.000000e+00
-0.940962  6.625199e+00  0.000000e+00  0.000000e+00  0.000000e+00  0.000000e+00  0.000000e+00
-0.938360  6.682709e+00  0.000000e+00  0.000000e+00  0.000000e+00  0.000000e+00  0.000000e+00
-0.935757  6.740571e+00  0.000000e+00  0.000000e+00  0.000000e+00  0.000000e+00  0.000000e+00
-0.933155  6.798785e+00  0.000000e+00  0.000000e+00  0.000000e+00  0.000000e+00  0.000000e+00
-0.930553  6.857352e+00  0.000000e+00  0.000000e+00  0.000000e+00  0.000000e+00  0.000000e+00
-0.927951  6.916273e+00  0.000000e+00  0.000000e+00  0.000000e+00  0.000000e+00  0.000000e+00
-0.925349  6.975549e+00  0.000000e+00  0.000000e+00  0.000000e+00  0.000000e+00  0.000000e+00
-0.922747  7.035181e+00  0.000000e+00  0.000000e+00  0.000000e+00  0.000000e+00  0.000000e+00
-0.920145  7.095169e+00  0.000000e+00  0.000000e+00  0.000000e+00  0.000000e+00  0.000000e+00
-0.917543  7.155515e+00  0.000000e+00  0.000000e+00  0.000000e+00  0.000000e+00  0.000000e+00
-0.914941  7.216219e+00  0.000000e+00  0.000000e+00  0.000000e+00  0.000000e+00  0.000000e+00
-0.912339  7.277282e+00  0.000000e+00  0.000000e+00  0.000000e+00  0.000000e+00  0.000000e+00
-0.909737  7.338705e+00  0.000000e+00  0.000000e+00  0.000000e+00  0.000000e+00  0.000000e+00
-0.907135  7.400488e+00  0.000000e+00  0.000000e+00  0.000000e+00  0.000000e+00  0.000000e+00
-0.904533  7.462632e+00  0.000000e+00  0.000000e+00  0.000000e+00  0.000000e+00  0.000000e+00
-0.901931  7.525139e+00  0.000000e+00  0.000000e+00  0.000000e+00  0.000000e+00  0.000000e+00
-0.899329  7.588008e+00  0.000000e+00  0.000000e+00  0.000000e+00  0.000000e+00  0.000000e+00
-0.896727  7.651240e+00  0.000000e+00  0.000000e+00  0.000000e+00  0.000000e+00  0.000000e+00
-0.894125  7.714837e+00  0.000000e+00  0.000000e+00  0.000000e+00  0.000000e+00  0.000000e+00
-0.891522  7.778799e+00  0.000000e+00  0.000000e+00  0.000000e+00  0.000000e+00  0.000000e+00
-0.888920  7.843125e+00  0.000000e+00  0.000000e+00  0.000000e+00  0.000000e+00  0.000000e+00
-0.886318  7.907818e+00  0.000000e+00  0.000000e+00  0.000000e+00  0.000000e+00  0.000000e+00
-0.883716  7.972878e+00  0.000000e+00  0.000000e+00  0.000000e+00  0.000000e+00  0.000000e+00
-0.881114  8.038305e+00  0.000000e+00  0.000000e+00  0.000000e+00  0.000000e+00  0.000000e+00
-0.878512  8.104100e+00  0.000000e+00  0.000000e+00  0.000000e+00  0.000000e+00  0.000000e+00
-0.875910  8.170264e+00  0.000000e+00  0.000000e+00  0.000000e+00  0.000000e+00  0.000000e+00
-0.873308  8.236796e+00  0.000000e+00  0.000000e+00  0.000000e+00  0.000000e+00  0.000000e+00
-0.870706  8.303699e+00  0.000000e+00  0.000000e+00  0.000000e+00  0.000000e+00  0.000000e+00
-0.868104  8.370971e+00  0.000000e+00  0.000000e+00  0.000000e+00  0.000000e+00  0.000000e+00
-0.865502  8.438614e+00  0.000000e+00  0.000000e+00  0.000000e+00  0.000000e+00  0.000000e+00
-0.862900  8.506629e+00  0.000000e+00  0.000000e+00  0.000000e+00  0.000000e+00  0.000000e+00
-0.860298  8.575015e+00  0.000000e+00  0.000000e+00  0.000000e+00  0.000000e+00  0.000000e+00
-0.857696  8.643773e+00  0.000000e+00  0.000000e+00  0.000000e+00  0.000000e+00  0.000000e+00
-0.855094  8.712904e+00  0.000000e+00  0.000000e+00  0.000000e+00  0.000000e+00  0.000000e+00
-0.852492  8.782407e+00  0.000000e+00  0.000000e+00  0.000000e+00  0.000000e+00  0.000000e+00
-0.849889  8.852285e+00  0.000000e+00  0.000000e+00  0.000000e+00  0.000000e+00  0.000000e+00
-0.847287  8.922536e+00  0.000000e+00  0.000000e+00  0.000000e+00  0.000000e+00  0.000000e+00
-0.844685  8.993161e+00  0.000000e+00  0.000000e+00  0.000000e+00  0.000000e+00  0.000000e+00
-0.842083  9.064161e+00  0.000000e+00  0.000000e+00  0.000000e+00  0.000000e+00  0.000000e+00
-0.839481  9.135535e+00  0.000000e+00  0.000000e+00  0.000000e+00  0.000000e+00  0.000000e+00
-0.836879  9.207285e+00  0.000000e+00  0.000000e+00  0.000000e+00  0.000000e+00  0.000000e+00
-0.834277  9.279410e+00  0.000000e+00  0.000000e+00  0.000000e+00  0.000000e+00  0.000000e+00
-0.831675  9.351911e+00  0.000000e+00  0.000000e+00  0.000000e+00  0.000000e+00  0.000000e+00
-0.829073  9.424788e+00  0.000000e+00  0.000000e+00  0.000000e+00  0.000000e+00  0.000000e+00
-0.826471  9.498041e+00  0.000000e+00  0.000000e+00  0.000000e+00  0.000000e+00  0.000000e+00
-0.823869  9.571670e+00  0.000000e+00  0.000000e+00  0.000000e+00  0.000000e+00  0.000000e+00
-0.821267  9.645676e+00  0.000000e+00  0.000000e+00  0.000000e+00  0.000000e+00  0.000000e+00
-0.818665  9.720058e+00  0.000000e+00  0.000000e+00  0.000000e+00  0.000000e+00  0.000000e+00
-0.816063  9.794817e+00  0.000000e+00  0.000000e+00  0.000000e+00  0.000000e+00  0.000000e+00
-0.813461  9.869953e+00  0.000000e+00  0.000000e+00  0.000000e+00  0.000000e+00  0.000000e+00
-0.810859  9.945466e+00  0.000000e+00  0.000000e+00  0.000000e+00  0.000000e+00  0.000000e+00
-0.808257  1.002136e+01  0.000000e+00  0.000000e+00  0.000000e+00  0.000000e+00  0.000000e+00
-0.805654  1.009762e+01  0.000000e+00  0.000000e+00  0.000000e+00  0.000000e+00  0.000000e+00
-0.803052  1.017427e+01  0.000000e+00  0.000000e+00  0.000000e+00  0.000000e+00  0.000000e+00
-0.800450  1.025129e+01  0.000000e+00  0.000000e+00  0.000000e+00  0.000000e+00  0.000000e+00
-0.797848  1.032868e+01  0.000000e+00  0.000000e+00  0.000000e+00  0.000000e+00  0.000000e+00
-0.795246  1.040646e+01  0.000000e+00  0.000000e+00  0.000000e+00  0.000000e+00  0.000000e+00
-0.792644  1.048461e+01  0.000000e+00  0.000000e+00  0.000000e+00  0.000000e+00  0.000000e+00
-0.790042  1.056314e+01  0.000000e+00  0.000000e+00  0.000000e+00  0.000000e+00  0.000000e+00
-0.787440  1.064204e+01  0.000000e+00  0.000000e+00  0.000000e+00  0.000000e+00  0.000000e+00
-0.784838  1.072132e+01  0.000000e+00  0.000000e+00  0.000000e+00  0.000000e+00  0.000000e+00
-0.782236  1.080098e+01  0.000000e+00  0.000000e+00  0.000000e+00  0.000000e+00  0.000000e+00
-0.779634  1.088101e+01  0.000000e+00  0.000000e+00  0.000000e+00  0.000000e+00  0.000000e+00
-0.777032  1.096141e+01  0.000000e+00  0.000000e+00  0.000000e+00  0.000000e+00  0.000000e+00
-0.774430  1.104220e+01  0.000000e+00  0.000000e+00  0.000000e+00  0.000000e+00  0.000000e+00
-0.771828  1.112335e+01  0.000000e+00  0.000000e+00  0.000000e+00  0.000000e+00  0.000000e+00
-0.769226  1.120488e+01  0.000000e+00  0.000000e+00  0.000000e+00  0.000000e+00  0.000000e+00
-0.766624  1.128679e+01  0.000000e+00  0.000000e+00  0.000000e+00  0.000000e+00  0.000000e+00
-0.764022  1.136906e+01  0.000000e+00  0.000000e+00  0.000000e+00  0.000000e+00  0.000000e+00
-0.761419  1.145171e+01  0.000000e+00  0.000000e+00  0.000000e+00  0.000000e+00  0.000000e+00
-0.758817  1.153473e+01  0.000000e+00  0.000000e+00  0.000000e+00  0.000000e+00  0.000000e+00
-0.756215  1.161813e+01  0.000000e+00  0.000000e+00  0.000000e+00  0.000000e+00  0.000000e+00
-0.753613  1.170189e+01  0.000000e+00  0.000000e+00  0.000000e+00  0.000000e+00  0.000000e+00
-0.751011  1.178603e+01  0.000000e+00  0.000000e+00  0.000000e+00  0.000000e+00  0.000000e+00
-0.748409  1.187053e+01  0.000000e+00  0.000000e+00  0.000000e+00  0.000000e+00  0.000000e+00
-0.745807  1.195540e+01  0.000000e+00  0.000000e+00  0.000000e+00  0.000000e+00  0.000000e+00
-0.743205  1.204064e+01  0.000000e+00  0.000000e+00  0.000000e+00  0.000000e+00  0.000000e+00
-0.740603  1.212625e+01  0.000000e+00  0.000000e+00  0.000000e+00  0.000000e+00  0.000000e+00
-0.738001  1.221223e+01  0.000000e+00  0.000000e+00  0.000000e+00  0.000000e+00  0.000000e+00
-0.735399  1.229857e+01  0.000000e+00  0.000000e+00  0.000000e+00  0.000000e+00  0.000000e+00
-0.732797  1.238527e+01  0.000000e+00  0.000000e+00  0.000000e+00  0.000000e+00  0.000000e+00
-0.730195  1.247234e+01  0.000000e+00  0.000000e+00  0.000000e+00  0.000000e+00  0.000000e+00
-0.727593  1.255977e+01  0.000000e+00  0.000000e+00  0.000000e+00  0.000000e+00  0.000000e+00
-0.724991  1.264756e+01  0.000000e+00  0.000000e+00  0.000000e+00  0.000000e+00  0.000000e+00
-0.722389  1.273571e+01  0.000000e+00  0.000000e+00  0.000000e+00  0.000000e+00  0.000000e+00
-0.719786  1.282422e+01  0.000000e+00  0.000000e+00  0.000000e+00  0.000000e+00  0.000000e+00
-0.717184  1.291309e+01  0.000000e+00  0.000000e+00  0.000000e+00  0.000000e+00  0.000000e+00
-0.714582  1.300232e+01  0.000000e+00  0.000000e+00  0.000000e+00  0.000000e+00  0.000000e+00
-0.711980  1.309190e+01  0.000000e+00  0.000000e+00  0.000000e+00  0.000000e+00  0.000000e+00
-0.709378  1.318184e+01  0.000000e+00  0.000000e+00  0.000000e+00  0.000000e+00  0.000000e+00
-0.706776  1.327212e+01  0.000000e+00  0.000000e+00  0.000000e+00  0.000000e+00  0.000000e+00
-0.704174  1.336276e+01  0.000000e+00  0.000000e+00  0.000000e+00  0.000000e+00  0.000000e+00
-0.701572  1.345375e+01  0.000000e+00  0.000000e+00  0.000000e+00  0.000000e+00  0.000000e+00
-0.698970  1.354509e+01  0.000000e+00  0.000000e+00  0.000000e+00  0.000000e+00  0.000000e+00
