-2.30103  0 0 0 0 0 0
-2.29973  0 0 0 0 0 0
-2.29843  0 0 0 0 0 0
-2.29712  0 0 0 0 0 0
-2.29582  0 0 0 0 0 0
-2.29452  0 0 0 0 0 0
-2.29322  0 0 0 0 0 0
-2.29191  0 0 0 0 0 0
-2.29061  0 0 0 0 0 0
-2.28931  0 0 0 0 0 0
-2.28801  0 0 0 0 0 0
-2.2867  0 0 0 0 0 0
-2.2854  0 0 0 0 0 0
-2.2841  0 0 0 0 0 0
-2.2828  0 0 0 0 0 0
-2.2815  0 0 0 0 0 0
-2.28019  0 0 0 0 0 0
-2.27889  0 0 0 0 0 0
-2.27759  0 0 0 0 0 0
-2.27629  0 0 0 0 0 0
-2.27498  0 0 0 0 0 0
-2.27368  0 0 0 0 0 0
-2.27238  0 0 0 0 0 0
-2.27108  0 0 0 0 0 0
-2.26977  0 0 0 0 0 0
-2.26847  0 0 0 0 0 0
-2.26717  0 0 0 0 0 0
-2.26587  0 0 0 0 0 0
-2.26456  0 0 0 0 0 0
-2.26326  0 0 0 0 0 0
-2.26196  0 0 0 0 0 0
-2.26066  0 0 0 0 0 0
-2.25936  0 0 0 0 0 0
-2.25805  0 0 0 0 0 0
-2.25675  0 0 0 0 0 0
-2.25545  0 0 0 0 0 0
-2.25415  0 0 0 0 0 0
-2.25284  0 0 0 0 0 0
-2.25154  0 0 0 0 0 0
-2.25024  0 0 0 0 0 0
-2.24894  0 0 0 0 0 0
-2.24763  0 0 0 0 0 0
-2.24633  0 0 0 0 0 0
-2.24503  0 0 0 0 0 0
-2.24373  0 0 0 0 0 0
-2.24243  0 0 0 0 0 0
-2.24112  0 0 0 0 0 0
-2.23982  0 0 0 0 0 0
-2.23852  0 0 0 0 0 0
-2.23722  0 0 0 0 0 0
-2.23591  0 0 0 0 0 0
-2.23461  0 0 0 0 0 0
-2.23331  0 0 0 0 0 0
-2.23201  0 0 0 0 0 0
-2.2307  0 0 0 0 0 0
-2.2294  0 0 0 0 0 0
-2.2281  0 0 0 0 0 0
-2.2268  0 0 0 0 0 0
-2.22549  0 0 0 0 0 0
-2.22419  0 0 0 0 0 0
-2.22289  0 0 0 0 0 0
-2.22159  0 0 0 0 0 0
-2.22029  0 0 0 0 0 0
-2.21898  0 0 0 0 0 0
-2.21768  0 0 0 0 0 0
-2.21638  0 0 0 0 0 0
-2.21508  0 0 0 0 0 0
-2.21377  0 0 0 0 0 0
-2.21247  0 0 0 0 0 0
-2.21117  0 0 0 0 0 0
-2.20987  0 0 0 0 0 0
-2.20856  0 0 0 0 0 0
-2.20726  0 0 0 0 0 0
-2.20596  0 0 0 0 0 0
-2.20466  0 0 0 0 0 0
-2.20336  0 0 0 0 0 0
-2.20205  0 0 0 0 0 0
-2.20075  0 0 0 0 0 0
-2.19945  0 0 0 0 0 0
-2.19815  0 0 0 0 0 0
-2.19684  0 0 0 0 0 0
-2.19554  0 0 0 0 0 0
-2.19424  0 0 0 0 0 0
-2.19294  0 0 0 0 0 0
-2.19163  0 0 0 0 0 0
-2.19033  0 0 0 0 0 0
-2.18903  0 0 0 0 0 0
-2.18773  0 0 0 0 0 0
-2.18642  0 0 0 0 0 0
-2.18512  0 0 0 0 0 0
-2.18382  0 0 0 0 0 0
-2.18252  0 0 0 0 0 0
-2.18122  0 0 0 0 0 0
-2.17991  0 0 0 0 0 0
-2.17861  0 0 0 0 0 0
-2.17731  0 0 0 0 0 0
-2.17601  0 0 0 0 0 0
-2.1747  0 0 0 0 0 0
-2.1734  0 0 0 0 0 0
-2.1721  0 0 0 0 0 0
-2.1708  0 0 0 0 0 0
-2.16949  0 0 0 0 0 0
-2.16819  0 0 0 0 0 0
-2.16689  0 0 0 0 0 0
-2.16559  0 0 0 0 0 0
-2.16429  0 0 0 0 0 0
-2.16298  0 0 0 0 0 0
-2.16168  0 0 0 0 0 0
-2.16038  0 0 0 0 0 0
-2.15908  0 0 0 0 0 0
-2.15777  0 0 0 0 0 0
-2.15647  0 0 0 0 0 0
-2.15517  0 0 0 0 0 0
-2.15387  0 0 0 0 0 0
-2.15256  0 0 0 0 0 0
-2.15126  0 0 0 0 0 0
-2.14996  0 0 0 0 0 0
-2.14866  0 0 0 0 0 0
-2.14735  0 0 0 0 0 0
-2.14605  0 0 0 0 0 0
-2.14475  0 0 0 0 0 0
-2.14345  0 0 0 0 0 0
-2.14215  0 0 0 0 0 0
-2.14084  0 0 0 0 0 0
-2.13954  0 0 0 0 0 0
-2.13824  0 0 0 0 0 0
-2.13694  0 0 0 0 0 0
-2.13563  0 0 0 0 0 0
-2.13433  0 0 0 0 0 0
-2.13303  0 0 0 0 0 0
-2.13173  0 0 0 0 0 0
-2.13042  0 0 0 0 0 0
-2.12912  0 0 0 0 0 0
-2.12782  0 0 0 0 0 0
-2.12652  0 0 0 0 0 0
-2.12522  0 0 0 0 0 0
-2.12391  0 0 0 0 0 0
-2.12261  0 0 0 0 0 0
-2.12131  0 0 0 0 0 0
-2.12001  0 0 0 0 0 0
-2.1187  0 0 0 0 0 0
-2.1174  0 0 0 0 0 0
-2.1161  0 0 0 0 0 0
-2.1148  0 0 0 0 0 0
-2.11349  0 0 0 0 0 0
-2.11219  0 0 0 0 0 0
-2.11089  0 0 0 0 0 0
-2.10959  0 0 0 0 0 0
-2.10828  0 0 0 0 0 0
-2.10698  0 0 0 0 0 0
-2.10568  0 0 0 0 0 0
-2.10438  0 0 0 0 0 0
-2.10308  0 0 0 0 0 0
-2.10177  0 0 0 0 0 0
-2.10047  0 0 0 0 0 0
-2.09917  0 0 0 0 0 0
-2.09787  0 0 0 0 0 0
-2.09656  0 0 0 0 0 0
-2.09526  0 0 0 0 0 0
-2.09396  0 0 0 0 0 0
-2.09266  0 0 0 0 0 0
-2.09135  0 0 0 0 0 0
-2.09005  0 0 0 0 0 0
-2.08875  0 0 0 0 0 0
-2.08745  0 0 0 0 0 0
-2.08615  0 0 0 0 0 0
-2.08484  0 0 0 0 0 0
-2.08354  0 0 0 0 0 0
-2.08224  0 0 0 0 0 0
-2.08094  0 0 0 0 0 0
-2.07963  0 0 0 0 0 0
-2.07833  0 0 0 0 0 0
-2.07703  0 0 0 0 0 0
-2.07573  0 0 0 0 0 0
-2.07442  0 0 0 0 0 0
-2.07312  0 0 0 0 0 0
-2.07182  0 0 0 0 0 0
-2.07052  0 0 0 0 0 0
-2.06921  0 0 0 0 0 0
-2.06791  0 0 0 0 0 0
-2.06661  0 0 0 0 0 0
-2.06531  0 0 0 0 0 0
-2.06401  0 0 0 0 0 0
-2.0627  0 0 0 0 0 0
-2.0614  0 0 0 0 0 0
-2.0601  0 0 0 0 0 0
-2.0588  0 0 0 0 0 0
-2.05749  0 0 0 0 0 0
-2.05619  0 0 0 0 0 0
-2.05489  0 0 0 0 0 0
-2.05359  0 0 0 0 0 0
-2.05228  0 0 0 0 0 0
-2.05098  0 0 0 0 0 0
-2.04968  0 0 0 0 0 0
-2.04838  0 0 0 0 0 0
-2.04708  0 0 0 0 0 0
-2.04577  0 0 0 0 0 0
-2.04447  0 0 0 0 0 0
-2.04317  0 0 0 0 0 0
-2.04187  0 0 0 0 0 0
-2.04056  0 0 0 0 0 0
-2.03926  0 0 0 0 0 0
-2.03796  0 0 0 0 0 0
-2.03666  0 0 0 0 0 0
-2.03535  0 0 0 0 0 0
-2.03405  0 0 0 0 0 0
-2.03275  0 0 0 0 0 0
-2.03145  0 0 0 0 0 0
-2.03014  0 0 0 0 0 0
-2.02884  0 0 0 0 0 0
-2.02754  0 0 0 0 0 0
-2.02624  0 0 0 0 0 0
-2.02494  0 0 0 0 0 0
-2.02363  0 0 0 0 0 0
-2.02233  0 0 0 0 0 0
-2.02103  0 0 0 0 0 0
-2.01973  0 0 0 0 0 0
-2.01842  0 0 0 0 0 0
-2.01712  0 0 0 0 0 0
-2.01582  0 0 0 0 0 0
-2.01452  0 0 0 0 0 0
-2.01321  0 0 0 0 0 0
-2.01191  0 0 0 0 0 0
-2.01061  0 0 0 0 0 0
-2.00931  0 0 0 0 0 0
-2.00801  0 0 0 0 0 0
-2.0067  0 0 0 0 0 0
-2.0054  0 0 0 0 0 0
-2.0041  0 0 0 0 0 0
-2.0028  0 0 0 0 0 0
-2.00149  0 0 0 0 0 0
-2.00019  0 0 0 0 0 0
-1.99889  0 0 0 0 0 0
-1.99759  0 0 0 0 0 0
-1.99628  0 0 0 0 0 0
-1.99498  0 0 0 0 0 0
-1.99368  0 0 0 0 0 0
-1.99238  0 0 0 0 0 0
-1.99107  0 0 0 0 0 0
-1.98977  0 0 0 0 0 0
-1.98847  0 0 0 0 0 0
-1.98717  0 0 0 0 0 0
-1.98587  0 0 0 0 0 0
-1.98456  0 0 0 0 0 0
-1.98326  0 0 0 0 0 0
-1.98196  0 0 0 0 0 0
-1.98066  0 0 0 0 0 0
-1.97935  0 0 0 0 0 0
-1.97805  0 0 0 0 0 0
-1.97675  0 0 0 0 0 0
-1.97545  0 0 0 0 0 0
-1.97414  0 0 0 0 0 0
-1.97284  0 0 0 0 0 0
-1.97154  0 0 0 0 0 0
-1.97024  0 0 0 0 0 0
-1.96894  0 0 0 0 0 0
-1.96763  0 0 0 0 0 0
-1.96633  0 0 0 0 0 0
-1.96503  0 0 0 0 0 0
-1.96373  0 0 0 0 0 0
-1.96242  0 0 0 0 0 0
-1.96112  0 0 0 0 0 0
-1.95982  0 0 0 0 0 0
-1.95852  0 0 0 0 0 0
-1.95721  0 0 0 0 0 0
-1.95591  0 0 0 0 0 0
-1.95461  0 0 0 0 0 0
-1.95331  0 0 0 0 0 0
-1.952  0 0 0 0 0 0
-1.9507  0 0 0 0 0 0
-1.9494  0 0 0 0 0 0
-1.9481  0 0 0 0 0 0
-1.9468  0.000101325 0.000101325 0.000101325 0 0 0
-1.94549  0.000104083 0.000104083 0.000104083 0 0 0
-1.94419  0.000106881 0.000106881 0.000106881 0 0 0
-1.94289  0.000109719 0.000109719 0.000109719 0 0 0
-1.94159  0.000112597 0.000112597 0.000112597 0 0 0
-1.94028  0.000115515 0.000115515 0.000115515 0 0 0
-1.93898  0.000118474 0.000118474 0.000118474 0 0 0
-1.93768  0.000121475 0.000121475 0.000121475 0 0 0
-1.93638  0.000124517 0.000124517 0.000124517 0 0 0
-1.93507  0.000127601 0.000127601 0.000127601 0.000100543 0.000100543 0.000100543
-1.93377  0.000130728 0.000130728 0.000130728 0.000102943 0.000102943 0.000102943
-1.93247  0.000133897 0.000133897 0.000133897 0.00010538 0.00010538 0.00010538
-1.93117  0.000137109 0.000137109 0.000137109 0.000107854 0.000107854 0.000107854
-1.92987  0.000140365 0.000140365 0.000140365 0.000110365 0.000110365 0.000110365
-1.92856  0.000143664 0.000143664 0.000143664 0.000112915 0.000112915 0.000112915
-1.92726  0.000147008 0.000147008 0.000147008 0.000115503 0.000115503 0.000115503
-1.92596  0.000150396 0.000150396 0.000150396 0.000118129 0.000118129 0.000118129
-1.92466  0.000153829 0.000153829 0.000153829 0.000120795 0.000120795 0.000120795
-1.92335  0.000157308 0.000157308 0.000157308 0.000123501 0.000123501 0.000123501
-1.92205  0.000160832 0.000160832 0.000160832 0.000126247 0.000126247 0.000126247
-1.92075  0.000164402 0.000164402 0.000164402 0.000129034 0.000129034 0.000129034
-1.91945  0.000168019 0.000168019 0.000168019 0.000131862 0.000131862 0.000131862
-1.91814  0.000171682 0.000171682 0.000171682 0.000134732 0.000134732 0.000134732
-1.91684  0.000175393 0.000175393 0.000175393 0.000137644 0.000137644 0.000137644
-1.91554  0.000179152 0.000179152 0.000179152 0.000140599 0.000140599 0.000140599
-1.91424  0.000182958 0.000182958 0.000182958 0.000143596 0.000143596 0.000143596
-1.91293  0.000186814 0.000186814 0.000186814 0.000146638 0.000146638 0.000146638
-1.91163  0.000190718 0.000190718 0.000190718 0.000149724 0.000149724 0.000149724
-1.91033  0.000194671 0.000194671 0.000194671 0.000152854 0.000152854 0.000152854
-1.90903  0.000198674 0.000198674 0.000198674 0.00015603 0.00015603 0.00015603
-1.90773  0.000202727 0.000202727 0.000202727 0.000159251 0.000159251 0.000159251
-1.90642  0.000206831 0.000206831 0.000206831 0.000162519 0.000162519 0.000162519
-1.90512  0.000210986 0.000210986 0.000210986 0.000165834 0.000165834 0.000165834
-1.90382  0.000215192 0.000215192 0.000215192 0.000169196 0.000169196 0.000169196
-1.90252  0.000219451 0.000219451 0.000219451 0.000172606 0.000172606 0.000172606
-1.90121  0.000223761 0.000223761 0.000223761 0.000176064 0.000176064 0.000176064
-1.89991  0.000228124 0.000228124 0.000228124 0.000179572 0.000179572 0.000179572
-1.89861  0.000232541 0.000232541 0.000232541 0.000183129 0.000183129 0.000183129
-1.89731  0.000237011 0.000237011 0.000237011 0.000186736 0.000186736 0.000186736
-1.896  0.000241535 0.000241535 0.000241535 0.000190394 0.000190394 0.000190394
-1.8947  0.000246114 0.000246114 0.000246114 0.000194104 0.000194104 0.000194104
-1.8934  0.000250748 0.000250748 0.000250748 0.000197865 0.000197865 0.000197865
-1.8921  0.000255437 0.000255437 0.000255437 0.000201679 0.000201679 0.000201679
-1.8908  0.000260183 0.000260183 0.000260183 0.000205546 0.000205546 0.000205546
-1.88949  0.000264984 0.000264984 0.000264984 0.000209467 0.000209467 0.000209467
-1.88819  0.000269843 0.000269843 0.000269843 0.000213442 0.000213442 0.000213442
-1.88689  0.000274759 0.000274759 0.000274759 0.000217472 0.000217472 0.000217472
-1.88559  0.000279733 0.000279733 0.000279733 0.000221558 0.000221558 0.000221558
-1.88428  0.000284765 0.000284765 0.000284765 0.0002257 0.0002257 0.0002257
-1.88298  0.000289856 0.000289856 0.000289856 0.000229899 0.000229899 0.000229899
-1.88168  0.000295006 0.000295006 0.000295006 0.000234156 0.000234156 0.000234156
-1.88038  0.000300216 0.000300216 0.000300216 0.000238471 0.000238471 0.000238471
-1.87907  0.000305487 0.000305487 0.000305487 0.000242845 0.000242845 0.000242845
-1.87777  0.000310818 0.000310818 0.000310818 0.000247278 0.000247278 0.000247278
-1.87647  0.000316211 0.000316211 0.000316211 0.000251771 0.000251771 0.000251771
-1.87517  0.000321665 0.000321665 0.000321665 0.000256326 0.000256326 0.000256326
-1.87386  0.000327182 0.000327182 0.000327182 0.000260942 0.000260942 0.000260942
-1.87256  0.000332762 0.000332762 0.000332762 0.00026562 0.00026562 0.00026562
-1.87126  0.000338405 0.000338405 0.000338405 0.000270361 0.000270361 0.000270361
-1.86996  0.000344112 0.000344112 0.000344112 0.000275166 0.000275166 0.000275166
-1.86866  0.000349883 0.000349883 0.000349883 0.000280036 0.000280036 0.000280036
-1.86735  0.00035572 0.00035572 0.00035572 0.00028497 0.00028497 0.00028497
-1.86605  0.000361622 0.000361622 0.000361622 0.000289971 0.000289971 0.000289971
-1.86475  0.00036759 0.00036759 0.00036759 0.000295038 0.000295038 0.000295038
-1.86345  0.000373625 0.000373625 0.000373625 0.000300172 0.000300172 0.000300172
-1.86214  0.000379727 0.000379727 0.000379727 0.000305375 0.000305375 0.000305375
-1.86084  0.000385897 0.000385897 0.000385897 0.000310647 0.000310647 0.000310647
-1.85954  0.000392135 0.000392135 0.000392135 0.000315988 0.000315988 0.000315988
-1.85824  0.000398442 0.000398442 0.000398442 0.000321399 0.000321399 0.000321399
-1.85693  0.000404818 0.000404818 0.000404818 0.000326882 0.000326882 0.000326882
-1.85563  0.000411264 0.000411264 0.000411264 0.000332437 0.000332437 0.000332437
-1.85433  0.000417781 0.000417781 0.000417781 0.000338065 0.000338065 0.000338065
-1.85303  0.00042437 0.00042437 0.00042437 0.000343767 0.000343767 0.000343767
-1.85173  0.00043103 0.00043103 0.00043103 0.000349543 0.000349543 0.000349543
-1.85042  0.000437762 0.000437762 0.000437762 0.000355394 0.000355394 0.000355394
-1.84912  0.000444567 0.000444567 0.000444567 0.000361321 0.000361321 0.000361321
-1.84782  0.000451446 0.000451446 0.000451446 0.000367326 0.000367326 0.000367326
-1.84652  0.000458399 0.000458399 0.000458399 0.000373408 0.000373408 0.000373408
-1.84521  0.000465427 0.000465427 0.000465427 0.000379569 0.000379569 0.000379569
-1.84391  0.00047253 0.00047253 0.00047253 0.00038581 0.00038581 0.00038581
-1.84261  0.00047971 0.00047971 0.00047971 0.000392131 0.000392131 0.000392131
-1.84131  0.000486966 0.000486966 0.000486966 0.000398533 0.000398533 0.000398533
-1.84  0.000494299 0.000494299 0.000494299 0.000405018 0.000405018 0.000405018
-1.8387  0.00050171 0.00050171 0.00050171 0.000411586 0.000411586 0.000411586
-1.8374  0.0005092 0.0005092 0.0005092 0.000418238 0.000418238 0.000418238
-1.8361  0.000516769 0.000516769 0.000516769 0.000424975 0.000424975 0.000424975
-1.8348  0.000524418 0.000524418 0.000524418 0.000431798 0.000431798 0.000431798
-1.83349  0.000532148 0.000532148 0.000532148 0.000438708 0.000438708 0.000438708
-1.83219  0.000539958 0.000539958 0.000539958 0.000445706 0.000445706 0.000445706
-1.83089  0.000547851 0.000547851 0.000547851 0.000452792 0.000452792 0.000452792
-1.82959  0.000555826 0.000555826 0.000555826 0.000459969 0.000459969 0.000459969
-1.82828  0.000563884 0.000563884 0.000563884 0.000467236 0.000467236 0.000467236
-1.82698  0.000572026 0.000572026 0.000572026 0.000474595 0.000474595 0.000474595
-1.82568  0.000580253 0.000580253 0.000580253 0.000482047 0.000482047 0.000482047
-1.82438  0.000588565 0.000588565 0.000588565 0.000489593 0.000489593 0.000489593
-1.82307  0.000596963 0.000596963 0.000596963 0.000497233 0.000497233 0.000497233
-1.82177  0.000605448 0.000605448 0.000605448 0.00050497 0.00050497 0.00050497
-1.82047  0.000614021 0.000614021 0.000614021 0.000512803 0.000512803 0.000512803
-1.81917  0.000622681 0.000622681 0.000622681 0.000520733 0.000520733 0.000520733
-1.81786  0.000631432 0.000631432 0.000631432 0.000528762 0.000528762 0.000528762
-1.81656  0.000640273 0.000640273 0.000640273 0.000536889 0.000536889 0.000536889
-1.81526  0.000649206 0.000649206 0.000649206 0.000545116 0.000545116 0.000545116
-1.81396  0.000658231 0.000658231 0.000658231 0.000553443 0.000553443 0.000553443
-1.81266  0.00066735 0.00066735 0.00066735 0.000561871 0.000561871 0.000561871
-1.81135  0.000676563 0.000676563 0.000676563 0.0005704 0.0005704 0.0005704
-1.81005  0.000685872 0.000685872 0.000685872 0.000579032 0.000579032 0.000579032
-1.80875  0.000695278 0.000695278 0.000695278 0.000587767 0.000587767 0.000587767
-1.80745  0.000704782 0.000704782 0.000704782 0.000596605 0.000596605 0.000596605
-1.80614  0.000714385 0.000714385 0.000714385 0.000605549 0.000605549 0.000605549
-1.80484  0.000724088 0.000724088 0.000724088 0.000614597 0.000614597 0.000614597
-1.80354  0.000733892 0.000733892 0.000733892 0.000623751 0.000623751 0.000623751
-1.80224  0.000743798 0.000743798 0.000743798 0.000633012 0.000633012 0.000633012
-1.80093  0.000753808 0.000753808 0.000753808 0.000642381 0.000642381 0.000642381
-1.79963  0.000763923 0.000763923 0.000763923 0.000651857 0.000651857 0.000651857
-1.79833  0.000774143 0.000774143 0.000774143 0.000661443 0.000661443 0.000661443
-1.79703  0.00078447 0.00078447 0.00078447 0.000671138 0.000671138 0.000671138
-1.79573  0.000794905 0.000794905 0.000794905 0.000680944 0.000680944 0.000680944
-1.79442  0.00080545 0.00080545 0.00080545 0.000690861 0.000690861 0.000690861
-1.79312  0.000816105 0.000816105 0.000816105 0.00070089 0.00070089 0.00070089
-1.79182  0.000826872 0.000826872 0.000826872 0.000711032 0.000711032 0.000711032
-1.79052  0.000837752 0.000837752 0.000837752 0.000721287 0.000721287 0.000721287
-1.78921  0.000848746 0.000848746 0.000848746 0.000731657 0.000731657 0.000731657
-1.78791  0.000859855 0.000859855 0.000859855 0.000742142 0.000742142 0.000742142
-1.78661  0.000871082 0.000871082 0.000871082 0.000752743 0.000752743 0.000752743
-1.78531  0.000882426 0.000882426 0.000882426 0.00076346 0.00076346 0.00076346
-1.784  0.00089389 0.00089389 0.00089389 0.000774295 0.000774295 0.000774295
-1.7827  0.000905475 0.000905475 0.000905475 0.000785249 0.000785249 0.000785249
-1.7814  0.000917181 0.000917181 0.000917181 0.000796322 0.000796322 0.000796322
-1.7801  0.000929011 0.000929011 0.000929011 0.000807514 0.000807514 0.000807514
-1.77879  0.000940966 0.000940966 0.000940966 0.000818828 0.000818828 0.000818828
-1.77749  0.000953047 0.000953047 0.000953047 0.000830263 0.000830263 0.000830263
-1.77619  0.000965255 0.000965255 0.000965255 0.000841821 0.000841821 0.000841821
-1.77489  0.000977592 0.000977592 0.000977592 0.000853502 0.000853502 0.000853502
-1.77359  0.000990059 0.000990059 0.000990059 0.000865307 0.000865307 0.000865307
-1.77228  0.00100266 0.00100266 0.00100266 0.000877237 0.000877237 0.000877237
-1.77098  0.00101539 0.00101539 0.00101539 0.000889293 0.000889293 0.000889293
-1.76968  0.00102826 0.00102826 0.00102826 0.000901476 0.000901476 0.000901476
-1.76838  0.00104126 0.00104126 0.00104126 0.000913786 0.000913786 0.000913786
-1.76707  0.0010544 0.0010544 0.0010544 0.000926225 0.000926225 0.000926225
-1.76577  0.00106768 0.00106768 0.00106768 0.000938793 0.000938793 0.000938793
-1.76447  0.0010811 0.0010811 0.0010811 0.000951491 0.000951491 0.000951491
-1.76317  0.00109466 0.00109466 0.00109466 0.00096432 0.00096432 0.00096432
-1.76186  0.00110837 0.00110837 0.00110837 0.000977281 0.000977281 0.000977281
-1.76056  0.00112222 0.00112222 0.00112222 0.000990375 0.000990375 0.000990375
-1.75926  0.00113622 0.00113622 0.00113622 0.0010036 0.0010036 0.0010036
-1.75796  0.00115037 0.00115037 0.00115037 0.00101697 0.00101697 0.00101697
-1.75666  0.00116466 0.00116466 0.00116466 0.00103046 0.00103046 0.00103046
-1.75535  0.00117911 0.00117911 0.00117911 0.0010441 0.0010441 0.0010441
-1.75405  0.00119372 0.00119372 0.00119372 0.00105787 0.00105787 0.00105787
-1.75275  0.00120847 0.00120847 0.00120847 0.00107178 0.00107178 0.00107178
-1.75145  0.00122339 0.00122339 0.00122339 0.00108583 0.00108583 0.00108583
-1.75014  0.00123846 0.00123846 0.00123846 0.00110002 0.00110002 0.00110002
-1.74884  0.00125369 0.00125369 0.00125369 0.00111435 0.00111435 0.00111435
-1.74754  0.00126909 0.00126909 0.00126909 0.00112882 0.00112882 0.00112882
-1.74624  0.00128464 0.00128464 0.00128464 0.00114344 0.00114344 0.00114344
-1.74493  0.00130037 0.00130037 0.00130037 0.0011582 0.0011582 0.0011582
-1.74363  0.00131626 0.00131626 0.00131626 0.0011731 0.0011731 0.0011731
-1.74233  0.00133232 0.00133232 0.00133232 0.00118815 0.00118815 0.00118815
-1.74103  0.00134855 0.00134855 0.00134855 0.00120335 0.00120335 0.00120335
-1.73972  0.00136495 0.00136495 0.00136495 0.0012187 0.0012187 0.0012187
-1.73842  0.00138153 0.00138153 0.00138153 0.00123419 0.00123419 0.00123419
-1.73712  0.00139829 0.00139829 0.00139829 0.00124983 0.00124983 0.00124983
-1.73582  0.00141522 0.00141522 0.00141522 0.00126563 0.00126563 0.00126563
-1.73452  0.00143233 0.00143233 0.00143233 0.00128157 0.00128157 0.00128157
-1.73321  0.00144963 0.00144963 0.00144963 0.00129767 0.00129767 0.00129767
-1.73191  0.00146711 0.00146711 0.00146711 0.00131392 0.00131392 0.00131392
-1.73061  0.00148477 0.00148477 0.00148477 0.00133033 0.00133033 0.00133033
-1.72931  0.00150263 0.00150263 0.00150263 0.0013469 0.0013469 0.0013469
-1.728  0.00152067 0.00152067 0.00152067 0.00136362 0.00136362 0.00136362
-1.7267  0.00153891 0.00153891 0.00153891 0.00138049 0.00138049 0.00138049
-1.7254  0.00155734 0.00155734 0.00155734 0.00139753 0.00139753 0.00139753
-1.7241  0.00157597 0.00157597 0.00157597 0.00141473 0.00141473 0.00141473
-1.72279  0.00159479 0.00159479 0.00159479 0.00143209 0.00143209 0.00143209
-1.72149  0.00161382 0.00161382 0.00161382 0.00144961 0.00144961 0.00144961
-1.72019  0.00163305 0.00163305 0.00163305 0.00146729 0.00146729 0.00146729
-1.71889  0.00165248 0.00165248 0.00165248 0.00148514 0.00148514 0.00148514
-1.71759  0.00167213 0.00167213 0.00167213 0.00150315 0.00150315 0.00150315
-1.71628  0.00169198 0.00169198 0.00169198 0.00152133 0.00152133 0.00152133
-1.71498  0.00171204 0.00171204 0.00171204 0.00153967 0.00153967 0.00153967
-1.71368  0.00173232 0.00173232 0.00173232 0.00155819 0.00155819 0.00155819
-1.71238  0.00175281 0.00175281 0.00175281 0.00157687 0.00157687 0.00157687
-1.71107  0.00177352 0.00177352 0.00177352 0.00159573 0.00159573 0.00159573
-1.70977  0.00179446 0.00179446 0.00179446 0.00161475 0.00161475 0.00161475
-1.70847  0.00181561 0.00181561 0.00181561 0.00163395 0.00163395 0.00163395
-1.70717  0.00183699 0.00183699 0.00183699 0.00165333 0.00165333 0.00165333
-1.70586  0.0018586 0.0018586 0.0018586 0.00167287 0.00167287 0.00167287
-1.70456  0.00188044 0.00188044 0.00188044 0.0016926 0.0016926 0.0016926
-1.70326  0.00190252 0.00190252 0.00190252 0.0017125 0.0017125 0.0017125
-1.70196  0.00192483 0.00192483 0.00192483 0.00173258 0.00173258 0.00173258
-1.70065  0.00194737 0.00194737 0.00194737 0.00175284 0.00175284 0.00175284
-1.69935  0.00197016 0.00197016 0.00197016 0.00177329 0.00177329 0.00177329
-1.69805  0.00199319 0.00199319 0.00199319 0.00179391 0.00179391 0.00179391
-1.69675  0.00201647 0.00201647 0.00201647 0.00181472 0.00181472 0.00181472
-1.69545  0.00203999 0.00203999 0.00203999 0.00183571 0.00183571 0.00183571
-1.69414  0.00206376 0.00206376 0.00206376 0.00185689 0.00185689 0.00185689
-1.69284  0.00208779 0.00208779 0.00208779 0.00187825 0.00187825 0.00187825
-1.69154  0.00211207 0.00211207 0.00211207 0.00189981 0.00189981 0.00189981
-1.69024  0.00213661 0.00213661 0.00213661 0.00192156 0.00192156 0.00192156
-1.68893  0.00216141 0.00216141 0.00216141 0.0019435 0.0019435 0.0019435
-1.68763  0.00218647 0.00218647 0.00218647 0.00196564 0.00196564 0.00196564
-1.68633  0.0022118 0.0022118 0.0022118 0.00198797 0.00198797 0.00198797
-1.68503  0.0022374 0.0022374 0.0022374 0.00201051 0.00201051 0.00201051
-1.68372  0.00226326 0.00226326 0.00226326 0.00203325 0.00203325 0.00203325
-1.68242  0.0022894 0.0022894 0.0022894 0.00205619 0.00205619 0.00205619
-1.68112  0.00231581 0.00231581 0.00231581 0.00207933 0.00207933 0.00207933
-1.67982  0.0023425 0.0023425 0.0023425 0.00210269 0.00210269 0.00210269
-1.67852  0.00236946 0.00236946 0.00236946 0.00212625 0.00212625 0.00212625
-1.67721  0.00239672 0.00239672 0.00239672 0.00215002 0.00215002 0.00215002
-1.67591  0.00242425 0.00242425 0.00242425 0.00217401 0.00217401 0.00217401
-1.67461  0.00245208 0.00245208 0.00245208 0.00219822 0.00219822 0.00219822
-1.67331  0.0024802 0.0024802 0.0024802 0.00222264 0.00222264 0.00222264
-1.672  0.0025086 0.0025086 0.0025086 0.00224728 0.00224728 0.00224728
-1.6707  0.00253731 0.00253731 0.00253731 0.00227214 0.00227214 0.00227214
-1.6694  0.00256632 0.00256632 0.00256632 0.00229723 0.00229723 0.00229723
-1.6681  0.00259562 0.00259562 0.00259562 0.00232254 0.00232254 0.00232254
-1.66679  0.00262523 0.00262523 0.00262523 0.00234808 0.00234808 0.00234808
-1.66549  0.00265515 0.00265515 0.00265515 0.00237385 0.00237385 0.00237385
-1.66419  0.00268538 0.00268538 0.00268538 0.00239986 0.00239986 0.00239986
-1.66289  0.00271593 0.00271593 0.00271593 0.00242609 0.00242609 0.00242609
-1.66158  0.00274678 0.00274678 0.00274678 0.00245257 0.00245257 0.00245257
-1.66028  0.00277796 0.00277796 0.00277796 0.00247929 0.00247929 0.00247929
-1.65898  0.00280946 0.00280946 0.00280946 0.00250625 0.00250625 0.00250625
-1.65768  0.00284129 0.00284129 0.00284129 0.00253345 0.00253345 0.00253345
-1.65638  0.00287344 0.00287344 0.00287344 0.0025609 0.0025609 0.0025609
-1.65507  0.00290593 0.00290593 0.00290593 0.00258859 0.00258859 0.00258859
-1.65377  0.00293875 0.00293875 0.00293875 0.00261654 0.00261654 0.00261654
-1.65247  0.00297191 0.00297191 0.00297191 0.00264475 0.00264475 0.00264475
-1.65117  0.0030054 0.0030054 0.0030054 0.00267321 0.00267321 0.00267321
-1.64986  0.00303925 0.00303925 0.00303925 0.00270192 0.00270192 0.00270192
-1.64856  0.00307343 0.00307343 0.00307343 0.0027309 0.0027309 0.0027309
-1.64726  0.00310797 0.00310797 0.00310797 0.00276015 0.00276015 0.00276015
-1.64596  0.00314287 0.00314287 0.00314287 0.00278966 0.00278966 0.00278966
-1.64465  0.00317812 0.00317812 0.00317812 0.00281943 0.00281943 0.00281943
-1.64335  0.00321373 0.00321373 0.00321373 0.00284948 0.00284948 0.00284948
-1.64205  0.0032497 0.0032497 0.0032497 0.00287981 0.00287981 0.00287981
-1.64075  0.00328604 0.00328604 0.00328604 0.00291041 0.00291041 0.00291041
-1.63945  0.00332275 0.00332275 0.00332275 0.00294129 0.00294129 0.00294129
-1.63814  0.00335984 0.00335984 0.00335984 0.00297245 0.00297245 0.00297245
-1.63684  0.0033973 0.0033973 0.0033973 0.0030039 0.0030039 0.0030039
-1.63554  0.00343514 0.00343514 0.00343514 0.00303563 0.00303563 0.00303563
-1.63424  0.00347337 0.00347337 0.00347337 0.00306766 0.00306766 0.00306766
-1.63293  0.00351198 0.00351198 0.00351198 0.00309998 0.00309998 0.00309998
-1.63163  0.00355099 0.00355099 0.00355099 0.00313259 0.00313259 0.00313259
-1.63033  0.00359039 0.00359039 0.00359039 0.0031655 0.0031655 0.0031655
-1.62903  0.00363019 0.00363019 0.00363019 0.00319872 0.00319872 0.00319872
-1.62772  0.0036704 0.0036704 0.0036704 0.00323224 0.00323224 0.00323224
-1.62642  0.00371101 0.00371101 0.00371101 0.00326606 0.00326606 0.00326606
-1.62512  0.00375203 0.00375203 0.00375203 0.0033002 0.0033002 0.0033002
-1.62382  0.00379346 0.00379346 0.00379346 0.00333465 0.00333465 0.00333465
-1.62251  0.00383531 0.00383531 0.00383531 0.00336942 0.00336942 0.00336942
-1.62121  0.00387758 0.00387758 0.00387758 0.00340451 0.00340451 0.00340451
-1.61991  0.00392028 0.00392028 0.00392028 0.00343992 0.00343992 0.00343992
-1.61861  0.00396341 0.00396341 0.00396341 0.00347565 0.00347565 0.00347565
-1.61731  0.00400697 0.00400697 0.00400697 0.00351172 0.00351172 0.00351172
-1.616  0.00405097 0.00405097 0.00405097 0.00354811 0.00354811 0.00354811
-1.6147  0.00409541 0.00409541 0.00409541 0.00358484 0.00358484 0.00358484
-1.6134  0.0041403 0.0041403 0.0041403 0.00362191 0.00362191 0.00362191
-1.6121  0.00418564 0.00418564 0.00418564 0.00365933 0.00365933 0.00365933
-1.61079  0.00423143 0.00423143 0.00423143 0.00369708 0.00369708 0.00369708
-1.60949  0.00427768 0.00427768 0.00427768 0.00373519 0.00373519 0.00373519
-1.60819  0.00432439 0.00432439 0.00432439 0.00377365 0.00377365 0.00377365
-1.60689  0.00437157 0.00437157 0.00437157 0.00381246 0.00381246 0.00381246
-1.60558  0.00441922 0.00441922 0.00441922 0.00385163 0.00385163 0.00385163
-1.60428  0.00446734 0.00446734 0.00446734 0.00389117 0.00389117 0.00389117
-1.60298  0.00451594 0.00451594 0.00451594 0.00393106 0.00393106 0.00393106
-1.60168  0.00456503 0.00456503 0.00456503 0.00397133 0.00397133 0.00397133
-1.60038  0.00461461 0.00461461 0.00461461 0.00401197 0.00401197 0.00401197
-1.59907  0.00466468 0.00466468 0.00466468 0.00405299 0.00405299 0.00405299
-1.59777  0.00471525 0.00471525 0.00471525 0.00409439 0.00409439 0.00409439
-1.59647  0.00476632 0.00476632 0.00476632 0.00413617 0.00413617 0.00413617
-1.59517  0.00481789 0.00481789 0.00481789 0.00417833 0.00417833 0.00417833
-1.59386  0.00486998 0.00486998 0.00486998 0.00422088 0.00422088 0.00422088
-1.59256  0.00492257 0.00492257 0.00492257 0.00426383 0.00426383 0.00426383
-1.59126  0.00497569 0.00497569 0.00497569 0.00430716 0.00430716 0.00430716
-1.58996  0.00502933 0.00502933 0.00502933 0.0043509 0.0043509 0.0043509
-1.58865  0.00508349 0.00508349 0.00508349 0.00439504 0.00439504 0.00439504
-1.58735  0.00513819 0.00513819 0.00513819 0.00443959 0.00443959 0.00443959
-1.58605  0.00519341 0.00519341 0.00519341 0.00448454 0.00448454 0.00448454
-1.58475  0.00524918 0.00524918 0.00524918 0.0045299 0.0045299 0.0045299
-1.58344  0.0053055 0.0053055 0.0053055 0.00457568 0.00457568 0.00457568
-1.58214  0.00536236 0.00536236 0.00536236 0.00462188 0.00462188 0.00462188
-1.58084  0.00541977 0.00541977 0.00541977 0.0046685 0.0046685 0.0046685
-1.57954  0.00547774 0.00547774 0.00547774 0.00471554 0.00471554 0.00471554
-1.57824  0.00553627 0.00553627 0.00553627 0.00476301 0.00476301 0.00476301
-1.57693  0.00559537 0.00559537 0.00559537 0.00481092 0.00481092 0.00481092
-1.57563  0.00565504 0.00565504 0.00565504 0.00485926 0.00485926 0.00485926
-1.57433  0.00571529 0.00571529 0.00571529 0.00490804 0.00490804 0.00490804
-1.57303  0.00577612 0.00577612 0.00577612 0.00495726 0.00495726 0.00495726
-1.57172  0.00583753 0.00583753 0.00583753 0.00500693 0.00500693 0.00500693
-1.57042  0.00589953 0.00589953 0.00589953 0.00505705 0.00505705 0.00505705
-1.56912  0.00596212 0.00596212 0.00596212 0.00510763 0.00510763 0.00510763
-1.56782  0.00602532 0.00602532 0.00602532 0.00515866 0.00515866 0.00515866
-1.56651  0.00608912 0.00608912 0.00608912 0.00521015 0.00521015 0.00521015
-1.56521  0.00615352 0.00615352 0.00615352 0.00526211 0.00526211 0.00526211
-1.56391  0.00621855 0.00621855 0.00621855 0.00531454 0.00531454 0.00531454
-1.56261  0.00628419 0.00628419 0.00628419 0.00536744 0.00536744 0.00536744
-1.56131  0.00635046 0.00635046 0.00635046 0.00542082 0.00542082 0.00542082
-1.56  0.00641735 0.00641735 0.00641735 0.00547468 0.00547468 0.00547468
-1.5587  0.00648488 0.00648488 0.00648488 0.00552902 0.00552902 0.00552902
-1.5574  0.00655305 0.00655305 0.00655305 0.00558385 0.00558385 0.00558385
-1.5561  0.00662186 0.00662186 0.00662186 0.00563918 0.00563918 0.00563918
-1.55479  0.00669133 0.00669133 0.00669133 0.005695 0.005695 0.005695
-1.55349  0.00676145 0.00676145 0.00676145 0.00575132 0.00575132 0.00575132
-1.55219  0.00683223 0.00683223 0.00683223 0.00580815 0.00580815 0.00580815
-1.55089  0.00690367 0.00690367 0.00690367 0.00586549 0.00586549 0.00586549
-1.54958  0.00697579 0.00697579 0.00697579 0.00592334 0.00592334 0.00592334
-1.54828  0.00704859 0.00704859 0.00704859 0.0059817 0.0059817 0.0059817
-1.54698  0.00712206 0.00712206 0.00712206 0.00604059 0.00604059 0.00604059
-1.54568  0.00719623 0.00719623 0.00719623 0.00610001 0.00610001 0.00610001
-1.54437  0.00727109 0.00727109 0.00727109 0.00615995 0.00615995 0.00615995
-1.54307  0.00734664 0.00734664 0.00734664 0.00622043 0.00622043 0.00622043
-1.54177  0.00742291 0.00742291 0.00742291 0.00628145 0.00628145 0.00628145
-1.54047  0.00749988 0.00749988 0.00749988 0.00634302 0.00634302 0.00634302
-1.53917  0.00757757 0.00757757 0.00757757 0.00640513 0.00640513 0.00640513
-1.53786  0.00765598 0.00765598 0.00765598 0.00646779 0.00646779 0.00646779
-1.53656  0.00773512 0.00773512 0.00773512 0.00653101 0.00653101 0.00653101
-1.53526  0.00781499 0.00781499 0.00781499 0.00659479 0.00659479 0.00659479
-1.53396  0.0078956 0.0078956 0.0078956 0.00665914 0.00665914 0.00665914
-1.53265  0.00797696 0.00797696 0.00797696 0.00672406 0.00672406 0.00672406
-1.53135  0.00805907 0.00805907 0.00805907 0.00678955 0.00678955 0.00678955
-1.53005  0.00814194 0.00814194 0.00814194 0.00685563 0.00685563 0.00685563
-1.52875  0.00822557 0.00822557 0.00822557 0.00692229 0.00692229 0.00692229
-1.52744  0.00830997 0.00830997 0.00830997 0.00698954 0.00698954 0.00698954
-1.52614  0.00839515 0.00839515 0.00839515 0.00705738 0.00705738 0.00705738
-1.52484  0.00848111 0.00848111 0.00848111 0.00712582 0.00712582 0.00712582
-1.52354  0.00856786 0.00856786 0.00856786 0.00719487 0.00719487 0.00719487
-1.52224  0.00865541 0.00865541 0.00865541 0.00726453 0.00726453 0.00726453
-1.52093  0.00874375 0.00874375 0.00874375 0.0073348 0.0073348 0.0073348
-1.51963  0.00883291 0.00883291 0.00883291 0.00740569 0.00740569 0.00740569
-1.51833  0.00892287 0.00892287 0.00892287 0.0074772 0.0074772 0.0074772
-1.51703  0.00901365 0.00901365 0.00901365 0.00754933 0.00754933 0.00754933
-1.51572  0.00910526 0.00910526 0.00910526 0.0076221 0.0076221 0.0076221
-1.51442  0.00919768 0.00919768 0.00919768 0.00769549 0.00769549 0.00769549
-1.51312  0.00929093 0.00929093 0.00929093 0.00776952 0.00776952 0.00776952
-1.51182  0.00938501 0.00938501 0.00938501 0.00784419 0.00784419 0.00784419
-1.51051  0.00947993 0.00947993 0.00947993 0.00791949 0.00791949 0.00791949
-1.50921  0.00957569 0.00957569 0.00957569 0.00799544 0.00799544 0.00799544
-1.50791  0.0096723 0.0096723 0.0096723 0.00807204 0.00807204 0.00807204
-1.50661  0.00976975 0.00976975 0.00976975 0.00814929 0.00814929 0.00814929
-1.5053  0.00986806 0.00986806 0.00986806 0.00822719 0.00822719 0.00822719
-1.504  0.00996722 0.00996722 0.00996722 0.00830575 0.00830575 0.00830575
-1.5027  0.0100672 0.0100672 0.0100672 0.00838496 0.00838496 0.00838496
-1.5014  0.0101681 0.0101681 0.0101681 0.00846484 0.00846484 0.00846484
-1.5001  0.0102699 0.0102699 0.0102699 0.00854539 0.00854539 0.00854539
-1.49879  0.0103725 0.0103725 0.0103725 0.0086266 0.0086266 0.0086266
-1.49749  0.010476 0.010476 0.010476 0.00870849 0.00870849 0.00870849
-1.49619  0.0105804 0.0105804 0.0105804 0.00879105 0.00879105 0.00879105
-1.49489  0.0106857 0.0106857 0.0106857 0.0088743 0.0088743 0.0088743
-1.49358  0.0107919 0.0107919 0.0107919 0.00895822 0.00895822 0.00895822
-1.49228  0.0108989 0.0108989 0.0108989 0.00904283 0.00904283 0.00904283
-1.49098  0.0110069 0.0110069 0.0110069 0.00912813 0.00912813 0.00912813
-1.48968  0.0111157 0.0111157 0.0111157 0.00921412 0.00921412 0.00921412
-1.48837  0.0112255 0.0112255 0.0112255 0.00930081 0.00930081 0.00930081
-1.48707  0.0113362 0.0113362 0.0113362 0.00938819 0.00938819 0.00938819
-1.48577  0.0114478 0.0114478 0.0114478 0.00947628 0.00947628 0.00947628
-1.48447  0.0115603 0.0115603 0.0115603 0.00956507 0.00956507 0.00956507
-1.48317  0.0116738 0.0116738 0.0116738 0.00965457 0.00965457 0.00965457
-1.48186  0.0117881 0.0117881 0.0117881 0.00974478 0.00974478 0.00974478
-1.48056  0.0119034 0.0119034 0.0119034 0.00983571 0.00983571 0.00983571
-1.47926  0.0120197 0.0120197 0.0120197 0.00992735 0.00992735 0.00992735
-1.47796  0.0121369 0.0121369 0.0121369 0.0100197 0.0100197 0.0100197
-1.47665  0.012255 0.012255 0.012255 0.0101128 0.0101128 0.0101128
-1.47535  0.0123741 0.0123741 0.0123741 0.0102066 0.0102066 0.0102066
-1.47405  0.0124941 0.0124941 0.0124941 0.0103012 0.0103012 0.0103012
-1.47275  0.0126151 0.0126151 0.0126151 0.0103965 0.0103965 0.0103965
-1.47144  0.0127371 0.0127371 0.0127371 0.0104925 0.0104925 0.0104925
-1.47014  0.01286 0.01286 0.01286 0.0105892 0.0105892 0.0105892
-1.46884  0.0129839 0.0129839 0.0129839 0.0106868 0.0106868 0.0106868
-1.46754  0.0131087 0.0131087 0.0131087 0.010785 0.010785 0.010785
-1.46623  0.0132346 0.0132346 0.0132346 0.010884 0.010884 0.010884
-1.46493  0.0133614 0.0133614 0.0133614 0.0109838 0.0109838 0.0109838
-1.46363  0.0134892 0.0134892 0.0134892 0.0110843 0.0110843 0.0110843
-1.46233  0.013618 0.013618 0.013618 0.0111856 0.0111856 0.0111856
-1.46103  0.0137479 0.0137479 0.0137479 0.0112876 0.0112876 0.0112876
-1.45972  0.0138787 0.0138787 0.0138787 0.0113904 0.0113904 0.0113904
-1.45842  0.0140105 0.0140105 0.0140105 0.011494 0.011494 0.011494
-1.45712  0.0141433 0.0141433 0.0141433 0.0115984 0.0115984 0.0115984
-1.45582  0.0142772 0.0142772 0.0142772 0.0117035 0.0117035 0.0117035
-1.45451  0.014412 0.014412 0.014412 0.0118094 0.0118094 0.0118094
-1.45321  0.0145479 0.0145479 0.0145479 0.0119161 0.0119161 0.0119161
-1.45191  0.0146848 0.0146848 0.0146848 0.0120236 0.0120236 0.0120236
-1.45061  0.0148227 0.0148227 0.0148227 0.0121319 0.0121319 0.0121319
-1.4493  0.0149617 0.0149617 0.0149617 0.0122409 0.0122409 0.0122409
-1.448  0.0151017 0.0151017 0.0151017 0.0123508 0.0123508 0.0123508
-1.4467  0.0152428 0.0152428 0.0152428 0.0124614 0.0124614 0.0124614
-1.4454  0.0153849 0.0153849 0.0153849 0.0125728 0.0125728 0.0125728
-1.4441  0.0155281 0.0155281 0.0155281 0.012685 0.012685 0.012685
-1.44279  0.0156723 0.0156723 0.0156723 0.012798 0.012798 0.012798
-1.44149  0.0158176 0.0158176 0.0158176 0.0129117 0.0129117 0.0129117
-1.44019  0.0159639 0.0159639 0.0159639 0.0130263 0.0130263 0.0130263
-1.43889  0.0161113 0.0161113 0.0161113 0.0131416 0.0131416 0.0131416
-1.43758  0.0162598 0.0162598 0.0162598 0.0132577 0.0132577 0.0132577
-1.43628  0.0164094 0.0164094 0.0164094 0.0133746 0.0133746 0.0133746
-1.43498  0.01656 0.01656 0.01656 0.0134922 0.0134922 0.0134922
-1.43368  0.0167118 0.0167118 0.0167118 0.0136107 0.0136107 0.0136107
-1.43237  0.0168646 0.0168646 0.0168646 0.0137299 0.0137299 0.0137299
-1.43107  0.0170185 0.0170185 0.0170185 0.0138499 0.0138499 0.0138499
-1.42977  0.0171736 0.0171736 0.0171736 0.0139707 0.0139707 0.0139707
-1.42847  0.0173297 0.0173297 0.0173297 0.0140922 0.0140922 0.0140922
-1.42717  0.0174869 0.0174869 0.0174869 0.0142146 0.0142146 0.0142146
-1.42586  0.0176453 0.0176453 0.0176453 0.0143377 0.0143377 0.0143377
-1.42456  0.0178047 0.0178047 0.0178047 0.0144615 0.0144615 0.0144615
-1.42326  0.0179653 0.0179653 0.0179653 0.0145862 0.0145862 0.0145862
-1.42196  0.018127 0.018127 0.018127 0.0147116 0.0147116 0.0147116
-1.42065  0.0182899 0.0182899 0.0182899 0.0148378 0.0148378 0.0148378
-1.41935  0.0184538 0.0184538 0.0184538 0.0149647 0.0149647 0.0149647
-1.41805  0.0186189 0.0186189 0.0186189 0.0150925 0.0150925 0.0150925
-1.41675  0.0187852 0.0187852 0.0187852 0.0152209 0.0152209 0.0152209
-1.41544  0.0189526 0.0189526 0.0189526 0.0153502 0.0153502 0.0153502
-1.41414  0.0191211 0.0191211 0.0191211 0.0154802 0.0154802 0.0154802
-1.41284  0.0192908 0.0192908 0.0192908 0.0156109 0.0156109 0.0156109
-1.41154  0.0194617 0.0194617 0.0194617 0.0157425 0.0157425 0.0157425
-1.41023  0.0196337 0.0196337 0.0196337 0.0158747 0.0158747 0.0158747
-1.40893  0.0198069 0.0198069 0.0198069 0.0160077 0.0160077 0.0160077
-1.40763  0.0199812 0.0199812 0.0199812 0.0161415 0.0161415 0.0161415
-1.40633  0.0201568 0.0201568 0.0201568 0.016276 0.016276 0.016276
-1.40503  0.0203335 0.0203335 0.0203335 0.0164113 0.0164113 0.0164113
-1.40372  0.0205113 0.0205113 0.0205113 0.0165473 0.0165473 0.0165473
-1.40242  0.0206904 0.0206904 0.0206904 0.016684 0.016684 0.016684
-1.40112  0.0208707 0.0208707 0.0208707 0.0168215 0.0168215 0.0168215
-1.39982  0.0210521 0.0210521 0.0210521 0.0169597 0.0169597 0.0169597
-1.39851  0.0212348 0.0212348 0.0212348 0.0170986 0.0170986 0.0170986
-1.39721  0.0214186 0.0214186 0.0214186 0.0172383 0.0172383 0.0172383
-1.39591  0.0216037 0.0216037 0.0216037 0.0173786 0.0173786 0.0173786
-1.39461  0.02179 0.02179 0.02179 0.0175197 0.0175197 0.0175197
-1.3933  0.0219774 0.0219774 0.0219774 0.0176616 0.0176616 0.0176616
-1.392  0.0221661 0.0221661 0.0221661 0.0178041 0.0178041 0.0178041
-1.3907  0.022356 0.022356 0.022356 0.0179474 0.0179474 0.0179474
-1.3894  0.0225471 0.0225471 0.0225471 0.0180914 0.0180914 0.0180914
-1.3881  0.0227394 0.0227394 0.0227394 0.0182362 0.0182362 0.0182362
-1.38679  0.022933 0.022933 0.022933 0.0183817 0.0183817 0.0183817
-1.38549  0.0231277 0.0231277 0.0231277 0.0185279 0.0185279 0.0185279
-1.38419  0.0233237 0.0233237 0.0233237 0.0186749 0.0186749 0.0186749
-1.38289  0.0235208 0.0235208 0.0235208 0.0188226 0.0188226 0.0188226
-1.38158  0.0237192 0.0237192 0.0237192 0.0189711 0.0189711 0.0189711
-1.38028  0.0239188 0.0239188 0.0239188 0.0191204 0.0191204 0.0191204
-1.37898  0.0241196 0.0241196 0.0241196 0.0192704 0.0192704 0.0192704
-1.37768  0.0243217 0.0243217 0.0243217 0.0194212 0.0194212 0.0194212
-1.37637  0.0245249 0.0245249 0.0245249 0.0195727 0.0195727 0.0195727
-1.37507  0.0247294 0.0247294 0.0247294 0.019725 0.019725 0.019725
-1.37377  0.024935 0.024935 0.024935 0.0198781 0.0198781 0.0198781
-1.37247  0.0251419 0.0251419 0.0251419 0.020032 0.020032 0.020032
-1.37116  0.02535 0.02535 0.02535 0.0201866 0.0201866 0.0201866
-1.36986  0.0255593 0.0255593 0.0255593 0.0203421 0.0203421 0.0203421
-1.36856  0.0257699 0.0257699 0.0257699 0.0204983 0.0204983 0.0204983
-1.36726  0.0259816 0.0259816 0.0259816 0.0206553 0.0206553 0.0206553
-1.36596  0.0261946 0.0261946 0.0261946 0.0208131 0.0208131 0.0208131
-1.36465  0.0264087 0.0264087 0.0264087 0.0209716 0.0209716 0.0209716
-1.36335  0.0266241 0.0266241 0.0266241 0.021131 0.021131 0.021131
-1.36205  0.0268407 0.0268407 0.0268407 0.0212912 0.0212912 0.0212912
-1.36075  0.0270585 0.0270585 0.0270585 0.0214522 0.0214522 0.0214522
-1.35944  0.0272775 0.0272775 0.0272775 0.021614 0.021614 0.021614
-1.35814  0.0274977 0.0274977 0.0274977 0.0217767 0.0217767 0.0217767
-1.35684  0.0277191 0.0277191 0.0277191 0.0219401 0.0219401 0.0219401
-1.35554  0.0279417 0.0279417 0.0279417 0.0221043 0.0221043 0.0221043
-1.35423  0.0281655 0.0281655 0.0281655 0.0222694 0.0222694 0.0222694
-1.35293  0.0283905 0.0283905 0.0283905 0.0224353 0.0224353 0.0224353
-1.35163  0.0286167 0.0286167 0.0286167 0.0226021 0.0226021 0.0226021
-1.35033  0.0288441 0.0288441 0.0288441 0.0227696 0.0227696 0.0227696
-1.34903  0.0290727 0.0290727 0.0290727 0.022938 0.022938 0.022938
-1.34772  0.0293024 0.0293024 0.0293024 0.0231073 0.0231073 0.0231073
-1.34642  0.0295334 0.0295334 0.0295334 0.0232773 0.0232773 0.0232773
-1.34512  0.0297656 0.0297656 0.0297656 0.0234483 0.0234483 0.0234483
-1.34382  0.0299989 0.0299989 0.0299989 0.02362 0.02362 0.02362
-1.34251  0.0302334 0.0302334 0.0302334 0.0237927 0.0237927 0.0237927
-1.34121  0.0304691 0.0304691 0.0304691 0.0239661 0.0239661 0.0239661
-1.33991  0.030706 0.030706 0.030706 0.0241404 0.0241404 0.0241404
-1.33861  0.0309441 0.0309441 0.0309441 0.0243155 0.0243155 0.0243155
-1.3373  0.0311833 0.0311833 0.0311833 0.0244915 0.0244915 0.0244915
-1.336  0.0314238 0.0314238 0.0314238 0.0246682 0.0246682 0.0246682
-1.3347  0.0316654 0.0316654 0.0316654 0.0248458 0.0248458 0.0248458
-1.3334  0.0319083 0.0319083 0.0319083 0.0250242 0.0250242 0.0250242
-1.33209  0.0321523 0.0321523 0.0321523 0.0252034 0.0252034 0.0252034
-1.33079  0.0323975 0.0323975 0.0323975 0.0253835 0.0253835 0.0253835
-1.32949  0.0326439 0.0326439 0.0326439 0.0255643 0.0255643 0.0255643
-1.32819  0.0328915 0.0328915 0.0328915 0.0257459 0.0257459 0.0257459
-1.32689  0.0331403 0.0331403 0.0331403 0.0259283 0.0259283 0.0259283
-1.32558  0.0333903 0.0333903 0.0333903 0.0261114 0.0261114 0.0261114
-1.32428  0.0336415 0.0336415 0.0336415 0.0262954 0.0262954 0.0262954
-1.32298  0.0338938 0.0338938 0.0338938 0.0264801 0.0264801 0.0264801
-1.32168  0.0341474 0.0341474 0.0341474 0.0266656 0.0266656 0.0266656
-1.32037  0.0344022 0.0344022 0.0344022 0.0268518 0.0268518 0.0268518
-1.31907  0.0346581 0.0346581 0.0346581 0.0270388 0.0270388 0.0270388
-1.31777  0.0349153 0.0349153 0.0349153 0.0272265 0.0272265 0.0272265
-1.31647  0.0351736 0.0351736 0.0351736 0.027415 0.027415 0.027415
-1.31516  0.0354331 0.0354331 0.0354331 0.0276042 0.0276042 0.0276042
-1.31386  0.0356939 0.0356939 0.0356939 0.0277942 0.0277942 0.0277942
-1.31256  0.0359558 0.0359558 0.0359558 0.0279848 0.0279848 0.0279848
-1.31126  0.0362189 0.0362189 0.0362189 0.0281762 0.0281762 0.0281762
-1.30996  0.0364832 0.0364832 0.0364832 0.0283682 0.0283682 0.0283682
-1.30865  0.0367487 0.0367487 0.0367487 0.028561 0.028561 0.028561
-1.30735  0.0370153 0.0370153 0.0370153 0.0287544 0.0287544 0.0287544
-1.30605  0.0372832 0.0372832 0.0372832 0.0289485 0.0289485 0.0289485
-1.30475  0.0375522 0.0375522 0.0375522 0.0291433 0.0291433 0.0291433
-1.30344  0.0378225 0.0378225 0.0378225 0.0293388 0.0293388 0.0293388
-1.30214  0.0380939 0.0380939 0.0380939 0.0295349 0.0295349 0.0295349
-1.30084  0.0383665 0.0383665 0.0383665 0.0297316 0.0297316 0.0297316
-1.29954  0.0386403 0.0386403 0.0386403 0.029929 0.029929 0.029929
-1.29823  0.0389152 0.0389152 0.0389152 0.030127 0.030127 0.030127
-1.29693  0.0391914 0.0391914 0.0391914 0.0303257 0.0303257 0.0303257
-1.29563  0.0394687 0.0394687 0.0394687 0.030525 0.030525 0.030525
-1.29433  0.0397472 0.0397472 0.0397472 0.0307249 0.0307249 0.0307249
-1.29302  0.0400269 0.0400269 0.0400269 0.0309254 0.0309254 0.0309254
-1.29172  0.0403077 0.0403077 0.0403077 0.0311266 0.0311266 0.0311266
-1.29042  0.0405897 0.0405897 0.0405897 0.0313283 0.0313283 0.0313283
-1.28912  0.0408729 0.0408729 0.0408729 0.0315308 0.0315308 0.0315308
-1.28782  0.0411572 0.0411572 0.0411572 0.0317338 0.0317338 0.0317338
-1.28651  0.0414427 0.0414427 0.0414427 0.0319375 0.0319375 0.0319375
-1.28521  0.0417294 0.0417294 0.0417294 0.0321418 0.0321418 0.0321418
-1.28391  0.0420172 0.0420172 0.0420172 0.0323468 0.0323468 0.0323468
-1.28261  0.0423062 0.0423062 0.0423062 0.0325524 0.0325524 0.0325524
-1.2813  0.0425964 0.0425964 0.0425964 0.0327586 0.0327586 0.0327586
-1.28  0.0428877 0.0428877 0.0428877 0.0329655 0.0329655 0.0329655
-1.2787  0.0431801 0.0431801 0.0431801 0.033173 0.033173 0.033173
-1.2774  0.0434737 0.0434737 0.0434737 0.0333811 0.0333811 0.0333811
-1.27609  0.0437685 0.0437685 0.0437685 0.0335898 0.0335898 0.0335898
-1.27479  0.0440643 0.0440643 0.0440643 0.0337992 0.0337992 0.0337992
-1.27349  0.0443614 0.0443614 0.0443614 0.0340093 0.0340093 0.0340093
-1.27219  0.0446595 0.0446595 0.0446595 0.0342199 0.0342199 0.0342199
-1.27089  0.0449588 0.0449588 0.0449588 0.0344312 0.0344312 0.0344312
-1.26958  0.0452592 0.0452592 0.0452592 0.0346432 0.0346432 0.0346432
-1.26828  0.0455607 0.0455607 0.0455607 0.0348557 0.0348557 0.0348557
-1.26698  0.0458634 0.0458634 0.0458634 0.0350689 0.0350689 0.0350689
-1.26568  0.0461671 0.0461671 0.0461671 0.0352828 0.0352828 0.0352828
-1.26437  0.046472 0.046472 0.046472 0.0354973 0.0354973 0.0354973
-1.26307  0.046778 0.046778 0.046778 0.0357124 0.0357124 0.0357124
-1.26177  0.0470851 0.0470851 0.0470851 0.0359281 0.0359281 0.0359281
-1.26047  0.0473933 0.0473933 0.0473933 0.0361445 0.0361445 0.0361445
-1.25916  0.0477025 0.0477025 0.0477025 0.0363615 0.0363615 0.0363615
-1.25786  0.0480129 0.0480129 0.0480129 0.0365792 0.0365792 0.0365792
-1.25656  0.0483243 0.0483243 0.0483243 0.0367974 0.0367974 0.0367974
-1.25526  0.0486369 0.0486369 0.0486369 0.0370164 0.0370164 0.0370164
-1.25395  0.0489505 0.0489505 0.0489505 0.0372359 0.0372359 0.0372359
-1.25265  0.0492653 0.0492653 0.0492653 0.0374561 0.0374561 0.0374561
-1.25135  0.0495812 0.0495812 0.0495812 0.037677 0.037677 0.037677
-1.25005  0.0498982 0.0498982 0.0498982 0.0378985 0.0378985 0.0378985
-1.24875  0.0502163 0.0502163 0.0502163 0.0381207 0.0381207 0.0381207
-1.24744  0.0505356 0.0505356 0.0505356 0.0383435 0.0383435 0.0383435
-1.24614  0.050856 0.050856 0.050856 0.038567 0.038567 0.038567
-1.24484  0.0511776 0.0511776 0.0511776 0.0387912 0.0387912 0.0387912
-1.24354  0.0515004 0.0515004 0.0515004 0.039016 0.039016 0.039016
-1.24223  0.0518243 0.0518243 0.0518243 0.0392415 0.0392415 0.0392415
-1.24093  0.0521495 0.0521495 0.0521495 0.0394677 0.0394677 0.0394677
-1.23963  0.0524758 0.0524758 0.0524758 0.0396946 0.0396946 0.0396946
-1.23833  0.0528033 0.0528033 0.0528033 0.0399222 0.0399222 0.0399222
-1.23702  0.053132 0.053132 0.053132 0.0401504 0.0401504 0.0401504
-1.23572  0.053462 0.053462 0.053462 0.0403794 0.0403794 0.0403794
-1.23442  0.0537932 0.0537932 0.0537932 0.040609 0.040609 0.040609
-1.23312  0.0541256 0.0541256 0.0541256 0.0408394 0.0408394 0.0408394
-1.23182  0.0544593 0.0544593 0.0544593 0.0410705 0.0410705 0.0410705
-1.23051  0.0547942 0.0547942 0.0547942 0.0413022 0.0413022 0.0413022
-1.22921  0.0551304 0.0551304 0.0551304 0.0415347 0.0415347 0.0415347
-1.22791  0.0554679 0.0554679 0.0554679 0.0417679 0.0417679 0.0417679
-1.22661  0.0558066 0.0558066 0.0558066 0.0420019 0.0420019 0.0420019
-1.2253  0.0561467 0.0561467 0.0561467 0.0422365 0.0422365 0.0422365
-1.224  0.056488 0.056488 0.056488 0.0424719 0.0424719 0.0424719
-1.2227  0.0568307 0.0568307 0.0568307 0.0427081 0.0427081 0.0427081
-1.2214  0.0571747 0.0571747 0.0571747 0.042945 0.042945 0.042945
-1.22009  0.0575201 0.0575201 0.0575201 0.0431826 0.0431826 0.0431826
-1.21879  0.0578668 0.0578668 0.0578668 0.043421 0.043421 0.043421
-1.21749  0.0582148 0.0582148 0.0582148 0.0436601 0.0436601 0.0436601
-1.21619  0.0585642 0.0585642 0.0585642 0.0439 0.0439 0.0439
-1.21488  0.0589149 0.0589149 0.0589149 0.0441406 0.0441406 0.0441406
-1.21358  0.0592669 0.0592669 0.0592669 0.0443819 0.0443819 0.0443819
-1.21228  0.0596203 0.0596203 0.0596203 0.044624 0.044624 0.044624
-1.21098  0.0599751 0.0599751 0.0599751 0.0448668 0.0448668 0.0448668
-1.20968  0.0603312 0.0603312 0.0603312 0.0451103 0.0451103 0.0451103
-1.20837  0.0606886 0.0606886 0.0606886 0.0453546 0.0453546 0.0453546
-1.20707  0.0610474 0.0610474 0.0610474 0.0455995 0.0455995 0.0455995
-1.20577  0.0614075 0.0614075 0.0614075 0.0458452 0.0458452 0.0458452
-1.20447  0.0617689 0.0617689 0.0617689 0.0460915 0.0460915 0.0460915
-1.20316  0.0621317 0.0621317 0.0621317 0.0463386 0.0463386 0.0463386
-1.20186  0.0624958 0.0624958 0.0624958 0.0465864 0.0465864 0.0465864
-1.20056  0.0628612 0.0628612 0.0628612 0.0468348 0.0468348 0.0468348
-1.19926  0.063228 0.063228 0.063228 0.0470839 0.0470839 0.0470839
-1.19795  0.0635961 0.0635961 0.0635961 0.0473337 0.0473337 0.0473337
-1.19665  0.0639655 0.0639655 0.0639655 0.0475842 0.0475842 0.0475842
-1.19535  0.0643363 0.0643363 0.0643363 0.0478354 0.0478354 0.0478354
-1.19405  0.0647084 0.0647084 0.0647084 0.0480872 0.0480872 0.0480872
-1.19275  0.0650818 0.0650818 0.0650818 0.0483397 0.0483397 0.0483397
-1.19144  0.0654565 0.0654565 0.0654565 0.0485928 0.0485928 0.0485928
-1.19014  0.0658326 0.0658326 0.0658326 0.0488466 0.0488466 0.0488466
-1.18884  0.0662099 0.0662099 0.0662099 0.049101 0.049101 0.049101
-1.18754  0.0665886 0.0665886 0.0665886 0.049356 0.049356 0.049356
-1.18623  0.0669686 0.0669686 0.0669686 0.0496117 0.0496117 0.0496117
-1.18493  0.0673499 0.0673499 0.0673499 0.049868 0.049868 0.049868
-1.18363  0.0677325 0.0677325 0.0677325 0.0501249 0.0501249 0.0501249
-1.18233  0.0681165 0.0681165 0.0681165 0.0503824 0.0503824 0.0503824
-1.18102  0.0685017 0.0685017 0.0685017 0.0506405 0.0506405 0.0506405
-1.17972  0.0688882 0.0688882 0.0688882 0.0508992 0.0508992 0.0508992
-1.17842  0.0692759 0.0692759 0.0692759 0.0511584 0.0511584 0.0511584
-1.17712  0.069665 0.069665 0.069665 0.0514183 0.0514183 0.0514183
-1.17581  0.0700553 0.0700553 0.0700553 0.0516787 0.0516787 0.0516787
-1.17451  0.0704468 0.0704468 0.0704468 0.0519397 0.0519397 0.0519397
-1.17321  0.0708397 0.0708397 0.0708397 0.0522012 0.0522012 0.0522012
-1.17191  0.0712337 0.0712337 0.0712337 0.0524633 0.0524633 0.0524633
-1.17061  0.071629 0.071629 0.071629 0.0527259 0.0527259 0.0527259
-1.1693  0.0720255 0.0720255 0.0720255 0.052989 0.052989 0.052989
-1.168  0.0724233 0.0724233 0.0724233 0.0532527 0.0532527 0.0532527
-1.1667  0.0728222 0.0728222 0.0728222 0.0535169 0.0535169 0.0535169
-1.1654  0.0732224 0.0732224 0.0732224 0.0537815 0.0537815 0.0537815
-1.16409  0.0736237 0.0736237 0.0736237 0.0540467 0.0540467 0.0540467
-1.16279  0.0740262 0.0740262 0.0740262 0.0543123 0.0543123 0.0543123
-1.16149  0.0744299 0.0744299 0.0744299 0.0545784 0.0545784 0.0545784
-1.16019  0.0748348 0.0748348 0.0748348 0.054845 0.054845 0.054845
-1.15888  0.0752408 0.0752408 0.0752408 0.055112 0.055112 0.055112
-1.15758  0.0756479 0.0756479 0.0756479 0.0553795 0.0553795 0.0553795
-1.15628  0.0760562 0.0760562 0.0760562 0.0556474 0.0556474 0.0556474
-1.15498  0.0764656 0.0764656 0.0764656 0.0559157 0.0559157 0.0559157
-1.15368  0.0768761 0.0768761 0.0768761 0.0561844 0.0561844 0.0561844
-1.15237  0.0772878 0.0772878 0.0772878 0.0564535 0.0564535 0.0564535
-1.15107  0.0777005 0.0777005 0.0777005 0.056723 0.056723 0.056723
-1.14977  0.0781144 0.0781144 0.0781144 0.056993 0.056993 0.056993
-1.14847  0.0785295 0.0785295 0.0785295 0.0572633 0.0572633 0.0572633
-1.14716  0.0789457 0.0789457 0.0789457 0.057534 0.057534 0.057534
-1.14586  0.0793632 0.0793632 0.0793632 0.0578052 0.0578052 0.0578052
-1.14456  0.0797819 0.0797819 0.0797819 0.0580768 0.0580768 0.0580768
-1.14326  0.0802018 0.0802018 0.0802018 0.0583488 0.0583488 0.0583488
-1.14195  0.0806231 0.0806231 0.0806231 0.0586212 0.0586212 0.0586212
-1.14065  0.0810457 0.0810457 0.0810457 0.058894 0.058894 0.058894
-1.13935  0.0814696 0.0814696 0.0814696 0.0591673 0.0591673 0.0591673
-1.13805  0.0818948 0.0818948 0.0818948 0.059441 0.059441 0.059441
-1.13674  0.0823215 0.0823215 0.0823215 0.0597152 0.0597152 0.0597152
-1.13544  0.0827496 0.0827496 0.0827496 0.0599898 0.0599898 0.0599898
-1.13414  0.0831791 0.0831791 0.0831791 0.0602648 0.0602648 0.0602648
-1.13284  0.0836102 0.0836102 0.0836102 0.0605403 0.0605403 0.0605403
-1.13154  0.0840427 0.0840427 0.0840427 0.0608163 0.0608163 0.0608163
-1.13023  0.0844767 0.0844767 0.0844767 0.0610927 0.0610927 0.0610927
-1.12893  0.0849123 0.0849123 0.0849123 0.0613695 0.0613695 0.0613695
-1.12763  0.0853495 0.0853495 0.0853495 0.0616469 0.0616469 0.0616469
-1.12633  0.0857884 0.0857884 0.0857884 0.0619247 0.0619247 0.0619247
-1.12502  0.0862289 0.0862289 0.0862289 0.062203 0.062203 0.062203
-1.12372  0.086671 0.086671 0.086671 0.0624818 0.0624818 0.0624818
-1.12242  0.0871149 0.0871149 0.0871149 0.062761 0.062761 0.062761
-1.12112  0.0875604 0.0875604 0.0875604 0.0630407 0.0630407 0.0630407
-1.11981  0.0880075 0.0880075 0.0880075 0.0633209 0.0633209 0.0633209
-1.11851  0.0884561 0.0884561 0.0884561 0.0636016 0.0636016 0.0636016
-1.11721  0.0889061 0.0889061 0.0889061 0.0638827 0.0638827 0.0638827
-1.11591  0.0893575 0.0893575 0.0893575 0.0641642 0.0641642 0.0641642
-1.11461  0.0898101 0.0898101 0.0898101 0.0644462 0.0644462 0.0644462
-1.1133  0.0902638 0.0902638 0.0902638 0.0647286 0.0647286 0.0647286
-1.112  0.0907187 0.0907187 0.0907187 0.0650113 0.0650113 0.0650113
-1.1107  0.0911746 0.0911746 0.0911746 0.0652945 0.0652945 0.0652945
-1.1094  0.0916314 0.0916314 0.0916314 0.065578 0.065578 0.065578
-1.10809  0.092089 0.092089 0.092089 0.0658619 0.0658619 0.0658619
-1.10679  0.0925474 0.0925474 0.0925474 0.0661462 0.0661462 0.0661462
-1.10549  0.0930064 0.0930064 0.0930064 0.0664308 0.0664308 0.0664308
-1.10419  0.0934659 0.0934659 0.0934659 0.0667157 0.0667157 0.0667157
-1.10288  0.093926 0.093926 0.093926 0.067001 0.067001 0.067001
-1.10158  0.0943863 0.0943863 0.0943863 0.0672865 0.0672865 0.0672865
-1.10028  0.094847 0.094847 0.094847 0.0675724 0.0675724 0.0675724
-1.09898  0.0953078 0.0953078 0.0953078 0.0678585 0.0678585 0.0678585
-1.09767  0.0957686 0.0957686 0.0957686 0.0681449 0.0681449 0.0681449
-1.09637  0.0962294 0.0962294 0.0962294 0.0684315 0.0684315 0.0684315
-1.09507  0.0966901 0.0966901 0.0966901 0.0687184 0.0687184 0.0687184
-1.09377  0.0971505 0.0971505 0.0971505 0.0690055 0.0690055 0.0690055
-1.09247  0.0976108 0.0976108 0.0976108 0.0692928 0.0692928 0.0692928
-1.09116  0.0980709 0.0980709 0.0980709 0.0695802 0.0695802 0.0695802
-1.08986  0.0985308 0.0985308 0.0985308 0.0698677 0.0698677 0.0698677
-1.08856  0.0989906 0.0989906 0.0989906 0.0701553 0.0701553 0.0701553
-1.08726  0.0994504 0.0994504 0.0994504 0.070443 0.070443 0.070443
-1.08595  0.09991 0.09991 0.09991 0.0707307 0.0707307 0.0707307
-1.08465  0.10037 0.10037 0.10037 0.0710184 0.0710184 0.0710184
-1.08335  0.100829 0.100829 0.100829 0.071306 0.071306 0.071306
-1.08205  0.101289 0.101289 0.101289 0.0715935 0.0715935 0.0715935
-1.08074  0.101748 0.101748 0.101748 0.071881 0.071881 0.071881
-1.07944  0.102208 0.102208 0.102208 0.0721682 0.0721682 0.0721682
-1.07814  0.102668 0.102668 0.102668 0.0724553 0.0724553 0.0724553
-1.07684  0.103128 0.103128 0.103128 0.0727421 0.0727421 0.0727421
-1.07554  0.103588 0.103588 0.103588 0.0730286 0.0730286 0.0730286
-1.07423  0.104048 0.104048 0.104048 0.0733148 0.0733148 0.0733148
-1.07293  0.104508 0.104508 0.104508 0.0736007 0.0736007 0.0736007
-1.07163  0.104969 0.104969 0.104969 0.0738861 0.0738861 0.0738861
-1.07033  0.105429 0.105429 0.105429 0.0741712 0.0741712 0.0741712
-1.06902  0.10589 0.10589 0.10589 0.0744557 0.0744557 0.0744557
-1.06772  0.106352 0.106352 0.106352 0.0747397 0.0747397 0.0747397
-1.06642  0.106813 0.106813 0.106813 0.0750232 0.0750232 0.0750232
-1.06512  0.107275 0.107275 0.107275 0.0753061 0.0753061 0.0753061
-1.06381  0.107736 0.107736 0.107736 0.0755885 0.0755885 0.0755885
-1.06251  0.108197 0.108197 0.108197 0.0758702 0.0758702 0.0758702
-1.06121  0.108658 0.108658 0.108658 0.0761513 0.0761513 0.0761513
-1.05991  0.109119 0.109119 0.109119 0.0764317 0.0764317 0.0764317
-1.0586  0.109579 0.109579 0.109579 0.0767114 0.0767114 0.0767114
-1.0573  0.110038 0.110038 0.110038 0.0769905 0.0769905 0.0769905
-1.056  0.110496 0.110496 0.110496 0.0772688 0.0772688 0.0772688
-1.0547  0.110954 0.110954 0.110954 0.0775463 0.0775463 0.0775463
-1.0534  0.11141 0.11141 0.11141 0.0778231 0.0778231 0.0778231
-1.05209  0.111865 0.111865 0.111865 0.0780991 0.0780991 0.0780991
-1.05079  0.112318 0.112318 0.112318 0.0783742 0.0783742 0.0783742
-1.04949  0.11277 0.11277 0.11277 0.0786485 0.0786485 0.0786485
-1.04819  0.113221 0.113221 0.113221 0.0789219 0.0789219 0.0789219
-1.04688  0.113669 0.113669 0.113669 0.0791944 0.0791944 0.0791944
-1.04558  0.114116 0.114116 0.114116 0.0794659 0.0794659 0.0794659
-1.04428  0.11456 0.11456 0.11456 0.0797365 0.0797365 0.0797365
-1.04298  0.115002 0.115002 0.115002 0.0800061 0.0800061 0.0800061
-1.04167  0.115442 0.115442 0.115442 0.0802748 0.0802748 0.0802748
-1.04037  0.11588 0.11588 0.11588 0.0805427 0.0805427 0.0805427
-1.03907  0.116316 0.116316 0.116316 0.0808099 0.0808099 0.0808099
-1.03777  0.116751 0.116751 0.116751 0.0810764 0.0810764 0.0810764
-1.03647  0.117184 0.117184 0.117184 0.0813424 0.0813424 0.0813424
-1.03516  0.117616 0.117616 0.117616 0.081608 0.081608 0.081608
-1.03386  0.118047 0.118047 0.118047 0.0818732 0.0818732 0.0818732
-1.03256  0.118477 0.118477 0.118477 0.0821382 0.0821382 0.0821382
-1.03126  0.118907 0.118907 0.118907 0.082403 0.082403 0.082403
-1.02995  0.119336 0.119336 0.119336 0.0826677 0.0826677 0.0826677
-1.02865  0.119765 0.119765 0.119765 0.0829325 0.0829325 0.0829325
-1.02735  0.120194 0.120194 0.120194 0.0831974 0.0831974 0.0831974
-1.02605  0.120623 0.120623 0.120623 0.0834626 0.0834626 0.0834626
-1.02474  0.121052 0.121052 0.121052 0.0837282 0.0837282 0.0837282
-1.02344  0.121482 0.121482 0.121482 0.0839942 0.0839942 0.0839942
-1.02214  0.121913 0.121913 0.121913 0.0842608 0.0842608 0.0842608
-1.02084  0.1223 0.1223 0.1223 0.0845 0.0845 0.0845
-1.01953  0.1223 0.1223 0.1223 0.0845 0.0845 0.0845
-1.01823  0.1223 0.1223 0.1223 0.0845 0.0845 0.0845
-1.01693  0.1223 0.1223 0.1223 0.0845 0.0845 0.0845
-1.01563  0.1223 0.1223 0.1223 0.0845 0.0845 0.0845
-1.01433  0.1223 0.1223 0.1223 0.0845 0.0845 0.0845
-1.01302  0.1223 0.1223 0.1223 0.0845 0.0845 0.0845
-1.01172  0.1223 0.1223 0.1223 0.0845 0.0845 0.0845
-1.01042  0.1223 0.1223 0.1223 0.0845 0.0845 0.0845
-1.00912  0.1223 0.1223 0.1223 0.0845 0.0845 0.0845
-1.00781  0.1223 0.1223 0.1223 0.0845 0.0845 0.0845
-1.00651  0.1223 0.1223 0.1223 0.0845 0.0845 0.0845
-1.00521  0.1223 0.1223 0.1223 0.0845 0.0845 0.0845
-1.00391  0.1223 0.1223 0.1223 0.0845 0.0845 0.0845
-1.0026  0.1223 0.1223 0.1223 0.0845 0.0845 0.0845
-1.0013  0.1223 0.1223 0.1223 0.0845 0.0845 0.0845
-1  0.1223 0.1223 0.1223 0.0845 0.0845 0.0845
