# Neutrino-13C neutral current cross section (10^-38 cm^2/GeV) #
# log(energy in GeV)  nu_e      nu_mu      nu_tau      nu_e_bar      nu_mu_bar    nu_tau_bar #

-2.647817  0.000000e+00  0.000000e+00  0.000000e+00  0.000000e+00  0.000000e+00  0.000000e+00
-2.646170  0.000000e+00  0.000000e+00  0.000000e+00  0.000000e+00  0.000000e+00  0.000000e+00
-2.644522  0.000000e+00  0.000000e+00  0.000000e+00  0.000000e+00  0.000000e+00  0.000000e+00
-2.642874  0.000000e+00  0.000000e+00  0.000000e+00  0.000000e+00  0.000000e+00  0.000000e+00
-2.641226  0.000000e+00  0.000000e+00  0.000000e+00  0.000000e+00  0.000000e+00  0.000000e+00
-2.639578  0.000000e+00  0.000000e+00  0.000000e+00  0.000000e+00  0.000000e+00  0.000000e+00
-2.637931  0.000000e+00  0.000000e+00  0.000000e+00  0.000000e+00  0.000000e+00  0.000000e+00
-2.636283  0.000000e+00  0.000000e+00  0.000000e+00  0.000000e+00  0.000000e+00  0.000000e+00
-2.634635  0.000000e+00  0.000000e+00  0.000000e+00  0.000000e+00  0.000000e+00  0.000000e+00
-2.632987  0.000000e+00  0.000000e+00  0.000000e+00  0.000000e+00  0.000000e+00  0.000000e+00
-2.631339  0.000000e+00  0.000000e+00  0.000000e+00  0.000000e+00  0.000000e+00  0.000000e+00
-2.629691  0.000000e+00  0.000000e+00  0.000000e+00  0.000000e+00  0.000000e+00  0.000000e+00
-2.628044  0.000000e+00  0.000000e+00  0.000000e+00  0.000000e+00  0.000000e+00  0.000000e+00
-2.626396  0.000000e+00  0.000000e+00  0.000000e+00  0.000000e+00  0.000000e+00  0.000000e+00
-2.624748  0.000000e+00  0.000000e+00  0.000000e+00  0.000000e+00  0.000000e+00  0.000000e+00
-2.623100  0.000000e+00  0.000000e+00  0.000000e+00  0.000000e+00  0.000000e+00  0.000000e+00
-2.621452  0.000000e+00  0.000000e+00  0.000000e+00  0.000000e+00  0.000000e+00  0.000000e+00
-2.619805  0.000000e+00  0.000000e+00  0.000000e+00  0.000000e+00  0.000000e+00  0.000000e+00
-2.618157  0.000000e+00  0.000000e+00  0.000000e+00  0.000000e+00  0.000000e+00  0.000000e+00
-2.616509  0.000000e+00  0.000000e+00  0.000000e+00  0.000000e+00  0.000000e+00  0.000000e+00
-2.614861  0.000000e+00  0.000000e+00  0.000000e+00  0.000000e+00  0.000000e+00  0.000000e+00
-2.613213  0.000000e+00  0.000000e+00  0.000000e+00  0.000000e+00  0.000000e+00  0.000000e+00
-2.611565  0.000000e+00  0.000000e+00  0.000000e+00  0.000000e+00  0.000000e+00  0.000000e+00
-2.609918  0.000000e+00  0.000000e+00  0.000000e+00  0.000000e+00  0.000000e+00  0.000000e+00
-2.608270  0.000000e+00  0.000000e+00  0.000000e+00  0.000000e+00  0.000000e+00  0.000000e+00
-2.606622  0.000000e+00  0.000000e+00  0.000000e+00  0.000000e+00  0.000000e+00  0.000000e+00
-2.604974  0.000000e+00  0.000000e+00  0.000000e+00  0.000000e+00  0.000000e+00  0.000000e+00
-2.603326  0.000000e+00  0.000000e+00  0.000000e+00  0.000000e+00  0.000000e+00  0.000000e+00
-2.601679  0.000000e+00  0.000000e+00  0.000000e+00  0.000000e+00  0.000000e+00  0.000000e+00
-2.600031  0.000000e+00  0.000000e+00  0.000000e+00  0.000000e+00  0.000000e+00  0.000000e+00
-2.598383  0.000000e+00  0.000000e+00  0.000000e+00  0.000000e+00  0.000000e+00  0.000000e+00
-2.596735  0.000000e+00  0.000000e+00  0.000000e+00  0.000000e+00  0.000000e+00  0.000000e+00
-2.595087  0.000000e+00  0.000000e+00  0.000000e+00  0.000000e+00  0.000000e+00  0.000000e+00
-2.593440  0.000000e+00  0.000000e+00  0.000000e+00  0.000000e+00  0.000000e+00  0.000000e+00
-2.591792  0.000000e+00  0.000000e+00  0.000000e+00  0.000000e+00  0.000000e+00  0.000000e+00
-2.590144  0.000000e+00  0.000000e+00  0.000000e+00  0.000000e+00  0.000000e+00  0.000000e+00
-2.588496  0.000000e+00  0.000000e+00  0.000000e+00  0.000000e+00  0.000000e+00  0.000000e+00
-2.586848  0.000000e+00  0.000000e+00  0.000000e+00  0.000000e+00  0.000000e+00  0.000000e+00
-2.585200  0.000000e+00  0.000000e+00  0.000000e+00  0.000000e+00  0.000000e+00  0.000000e+00
-2.583553  0.000000e+00  0.000000e+00  0.000000e+00  0.000000e+00  0.000000e+00  0.000000e+00
-2.581905  0.000000e+00  0.000000e+00  0.000000e+00  0.000000e+00  0.000000e+00  0.000000e+00
-2.580257  0.000000e+00  0.000000e+00  0.000000e+00  0.000000e+00  0.000000e+00  0.000000e+00
-2.578609  0.000000e+00  0.000000e+00  0.000000e+00  0.000000e+00  0.000000e+00  0.000000e+00
-2.576961  0.000000e+00  0.000000e+00  0.000000e+00  0.000000e+00  0.000000e+00  0.000000e+00
-2.575314  0.000000e+00  0.000000e+00  0.000000e+00  0.000000e+00  0.000000e+00  0.000000e+00
-2.573666  0.000000e+00  0.000000e+00  0.000000e+00  0.000000e+00  0.000000e+00  0.000000e+00
-2.572018  0.000000e+00  0.000000e+00  0.000000e+00  0.000000e+00  0.000000e+00  0.000000e+00
-2.570370  0.000000e+00  0.000000e+00  0.000000e+00  0.000000e+00  0.000000e+00  0.000000e+00
-2.568722  0.000000e+00  0.000000e+00  0.000000e+00  0.000000e+00  0.000000e+00  0.000000e+00
-2.567074  0.000000e+00  0.000000e+00  0.000000e+00  0.000000e+00  0.000000e+00  0.000000e+00
-2.565427  0.000000e+00  0.000000e+00  0.000000e+00  0.000000e+00  0.000000e+00  0.000000e+00
-2.563779  0.000000e+00  0.000000e+00  0.000000e+00  0.000000e+00  0.000000e+00  0.000000e+00
-2.562131  0.000000e+00  0.000000e+00  0.000000e+00  0.000000e+00  0.000000e+00  0.000000e+00
-2.560483  0.000000e+00  0.000000e+00  0.000000e+00  0.000000e+00  0.000000e+00  0.000000e+00
-2.558835  0.000000e+00  0.000000e+00  0.000000e+00  0.000000e+00  0.000000e+00  0.000000e+00
-2.557188  0.000000e+00  0.000000e+00  0.000000e+00  0.000000e+00  0.000000e+00  0.000000e+00
-2.555540  0.000000e+00  0.000000e+00  0.000000e+00  0.000000e+00  0.000000e+00  0.000000e+00
-2.553892  0.000000e+00  0.000000e+00  0.000000e+00  0.000000e+00  0.000000e+00  0.000000e+00
-2.552244  0.000000e+00  0.000000e+00  0.000000e+00  0.000000e+00  0.000000e+00  0.000000e+00
-2.550596  0.000000e+00  0.000000e+00  0.000000e+00  0.000000e+00  0.000000e+00  0.000000e+00
-2.548948  0.000000e+00  0.000000e+00  0.000000e+00  0.000000e+00  0.000000e+00  0.000000e+00
-2.547301  0.000000e+00  0.000000e+00  0.000000e+00  0.000000e+00  0.000000e+00  0.000000e+00
-2.545653  0.000000e+00  0.000000e+00  0.000000e+00  0.000000e+00  0.000000e+00  0.000000e+00
-2.544005  0.000000e+00  0.000000e+00  0.000000e+00  0.000000e+00  0.000000e+00  0.000000e+00
-2.542357  0.000000e+00  0.000000e+00  0.000000e+00  0.000000e+00  0.000000e+00  0.000000e+00
-2.540709  0.000000e+00  0.000000e+00  0.000000e+00  0.000000e+00  0.000000e+00  0.000000e+00
-2.539062  0.000000e+00  0.000000e+00  0.000000e+00  0.000000e+00  0.000000e+00  0.000000e+00
-2.537414  0.000000e+00  0.000000e+00  0.000000e+00  0.000000e+00  0.000000e+00  0.000000e+00
-2.535766  0.000000e+00  0.000000e+00  0.000000e+00  0.000000e+00  0.000000e+00  0.000000e+00
-2.534118  0.000000e+00  0.000000e+00  0.000000e+00  0.000000e+00  0.000000e+00  0.000000e+00
-2.532470  0.000000e+00  0.000000e+00  0.000000e+00  0.000000e+00  0.000000e+00  0.000000e+00
-2.530822  0.000000e+00  0.000000e+00  0.000000e+00  0.000000e+00  0.000000e+00  0.000000e+00
-2.529175  0.000000e+00  0.000000e+00  0.000000e+00  0.000000e+00  0.000000e+00  0.000000e+00
-2.527527  0.000000e+00  0.000000e+00  0.000000e+00  0.000000e+00  0.000000e+00  0.000000e+00
-2.525879  0.000000e+00  0.000000e+00  0.000000e+00  0.000000e+00  0.000000e+00  0.000000e+00
-2.524231  0.000000e+00  0.000000e+00  0.000000e+00  0.000000e+00  0.000000e+00  0.000000e+00
-2.522583  0.000000e+00  0.000000e+00  0.000000e+00  0.000000e+00  0.000000e+00  0.000000e+00
-2.520936  0.000000e+00  0.000000e+00  0.000000e+00  0.000000e+00  0.000000e+00  0.000000e+00
-2.519288  0.000000e+00  0.000000e+00  0.000000e+00  0.000000e+00  0.000000e+00  0.000000e+00
-2.517640  0.000000e+00  0.000000e+00  0.000000e+00  0.000000e+00  0.000000e+00  0.000000e+00
-2.515992  0.000000e+00  0.000000e+00  0.000000e+00  0.000000e+00  0.000000e+00  0.000000e+00
-2.514344  0.000000e+00  0.000000e+00  0.000000e+00  0.000000e+00  0.000000e+00  0.000000e+00
-2.512696  0.000000e+00  0.000000e+00  0.000000e+00  0.000000e+00  0.000000e+00  0.000000e+00
-2.511049  0.000000e+00  0.000000e+00  0.000000e+00  0.000000e+00  0.000000e+00  0.000000e+00
-2.509401  0.000000e+00  0.000000e+00  0.000000e+00  0.000000e+00  0.000000e+00  0.000000e+00
-2.507753  0.000000e+00  0.000000e+00  0.000000e+00  0.000000e+00  0.000000e+00  0.000000e+00
-2.506105  0.000000e+00  0.000000e+00  0.000000e+00  0.000000e+00  0.000000e+00  0.000000e+00
-2.504457  0.000000e+00  0.000000e+00  0.000000e+00  0.000000e+00  0.000000e+00  0.000000e+00
-2.502810  0.000000e+00  0.000000e+00  0.000000e+00  0.000000e+00  0.000000e+00  0.000000e+00
-2.501162  0.000000e+00  0.000000e+00  0.000000e+00  0.000000e+00  0.000000e+00  0.000000e+00
-2.499514  0.000000e+00  0.000000e+00  0.000000e+00  0.000000e+00  0.000000e+00  0.000000e+00
-2.497866  0.000000e+00  0.000000e+00  0.000000e+00  0.000000e+00  0.000000e+00  0.000000e+00
-2.496218  0.000000e+00  0.000000e+00  0.000000e+00  0.000000e+00  0.000000e+00  0.000000e+00
-2.494570  0.000000e+00  0.000000e+00  0.000000e+00  0.000000e+00  0.000000e+00  0.000000e+00
-2.492923  0.000000e+00  0.000000e+00  0.000000e+00  0.000000e+00  0.000000e+00  0.000000e+00
-2.491275  0.000000e+00  0.000000e+00  0.000000e+00  0.000000e+00  0.000000e+00  0.000000e+00
-2.489627  0.000000e+00  0.000000e+00  0.000000e+00  0.000000e+00  0.000000e+00  0.000000e+00
-2.487979  0.000000e+00  0.000000e+00  0.000000e+00  0.000000e+00  0.000000e+00  0.000000e+00
-2.486331  0.000000e+00  0.000000e+00  0.000000e+00  0.000000e+00  0.000000e+00  0.000000e+00
-2.484684  0.000000e+00  0.000000e+00  0.000000e+00  0.000000e+00  0.000000e+00  0.000000e+00
-2.483036  0.000000e+00  0.000000e+00  0.000000e+00  0.000000e+00  0.000000e+00  0.000000e+00
-2.481388  0.000000e+00  0.000000e+00  0.000000e+00  0.000000e+00  0.000000e+00  0.000000e+00
-2.479740  0.000000e+00  0.000000e+00  0.000000e+00  0.000000e+00  0.000000e+00  0.000000e+00
-2.478092  0.000000e+00  0.000000e+00  0.000000e+00  0.000000e+00  0.000000e+00  0.000000e+00
-2.476444  0.000000e+00  0.000000e+00  0.000000e+00  0.000000e+00  0.000000e+00  0.000000e+00
-2.474797  0.000000e+00  0.000000e+00  0.000000e+00  0.000000e+00  0.000000e+00  0.000000e+00
-2.473149  0.000000e+00  0.000000e+00  0.000000e+00  0.000000e+00  0.000000e+00  0.000000e+00
-2.471501  0.000000e+00  0.000000e+00  0.000000e+00  0.000000e+00  0.000000e+00  0.000000e+00
-2.469853  0.000000e+00  0.000000e+00  0.000000e+00  0.000000e+00  0.000000e+00  0.000000e+00
-2.468205  0.000000e+00  0.000000e+00  0.000000e+00  0.000000e+00  0.000000e+00  0.000000e+00
-2.466558  0.000000e+00  0.000000e+00  0.000000e+00  0.000000e+00  0.000000e+00  0.000000e+00
-2.464910  0.000000e+00  0.000000e+00  0.000000e+00  0.000000e+00  0.000000e+00  0.000000e+00
-2.463262  0.000000e+00  0.000000e+00  0.000000e+00  0.000000e+00  0.000000e+00  0.000000e+00
-2.461614  0.000000e+00  0.000000e+00  0.000000e+00  0.000000e+00  0.000000e+00  0.000000e+00
-2.459966  0.000000e+00  0.000000e+00  0.000000e+00  0.000000e+00  0.000000e+00  0.000000e+00
-2.458318  0.000000e+00  0.000000e+00  0.000000e+00  0.000000e+00  0.000000e+00  0.000000e+00
-2.456671  0.000000e+00  0.000000e+00  0.000000e+00  0.000000e+00  0.000000e+00  0.000000e+00
-2.455023  0.000000e+00  0.000000e+00  0.000000e+00  0.000000e+00  0.000000e+00  0.000000e+00
-2.453375  0.000000e+00  0.000000e+00  0.000000e+00  0.000000e+00  0.000000e+00  0.000000e+00
-2.451727  0.000000e+00  0.000000e+00  0.000000e+00  0.000000e+00  0.000000e+00  0.000000e+00
-2.450079  0.000000e+00  0.000000e+00  0.000000e+00  0.000000e+00  0.000000e+00  0.000000e+00
-2.448432  0.000000e+00  0.000000e+00  0.000000e+00  0.000000e+00  0.000000e+00  0.000000e+00
-2.446784  0.000000e+00  0.000000e+00  0.000000e+00  0.000000e+00  0.000000e+00  0.000000e+00
-2.445136  0.000000e+00  0.000000e+00  0.000000e+00  0.000000e+00  0.000000e+00  0.000000e+00
-2.443488  0.000000e+00  0.000000e+00  0.000000e+00  0.000000e+00  0.000000e+00  0.000000e+00
-2.441840  0.000000e+00  0.000000e+00  0.000000e+00  0.000000e+00  0.000000e+00  0.000000e+00
-2.440192  0.000000e+00  0.000000e+00  0.000000e+00  0.000000e+00  0.000000e+00  0.000000e+00
-2.438545  0.000000e+00  0.000000e+00  0.000000e+00  0.000000e+00  0.000000e+00  0.000000e+00
-2.436897  0.000000e+00  0.000000e+00  0.000000e+00  0.000000e+00  0.000000e+00  0.000000e+00
-2.435249  0.000000e+00  0.000000e+00  0.000000e+00  0.000000e+00  0.000000e+00  0.000000e+00
-2.433601  0.000000e+00  0.000000e+00  0.000000e+00  0.000000e+00  0.000000e+00  0.000000e+00
-2.431953  5.149295e-07  5.149295e-07  5.149295e-07  5.149295e-07  5.149295e-07  5.149295e-07
-2.430306  1.172632e-06  1.172632e-06  1.172632e-06  1.172632e-06  1.172632e-06  1.172632e-06
-2.428658  1.962282e-06  1.962282e-06  1.962282e-06  1.962282e-06  1.962282e-06  1.962282e-06
-2.427010  2.883890e-06  2.883890e-06  2.883890e-06  2.883890e-06  2.883890e-06  2.883890e-06
-2.425362  3.937471e-06  3.937471e-06  3.937471e-06  3.937471e-06  3.937471e-06  3.937471e-06
-2.423714  5.123038e-06  5.123038e-06  5.123038e-06  5.123038e-06  5.123038e-06  5.123038e-06
-2.422066  6.440609e-06  6.440609e-06  6.440609e-06  6.440609e-06  6.440609e-06  6.440609e-06
-2.420419  7.890204e-06  7.890204e-06  7.890204e-06  7.890204e-06  7.890204e-06  7.890204e-06
-2.418771  9.471842e-06  9.471842e-06  9.471842e-06  9.471842e-06  9.471842e-06  9.471842e-06
-2.417123  1.118555e-05  1.118555e-05  1.118555e-05  1.118555e-05  1.118555e-05  1.118555e-05
-2.415475  1.303134e-05  1.303134e-05  1.303134e-05  1.303134e-05  1.303134e-05  1.303134e-05
-2.413827  1.500926e-05  1.500926e-05  1.500926e-05  1.500926e-05  1.500926e-05  1.500926e-05
-2.412180  1.711932e-05  1.711932e-05  1.711932e-05  1.711932e-05  1.711932e-05  1.711932e-05
-2.410532  1.936156e-05  1.936156e-05  1.936156e-05  1.936156e-05  1.936156e-05  1.936156e-05
-2.408884  2.173600e-05  2.173600e-05  2.173600e-05  2.173600e-05  2.173600e-05  2.173600e-05
-2.407236  2.424269e-05  2.424269e-05  2.424269e-05  2.424269e-05  2.424269e-05  2.424269e-05
-2.405588  2.688166e-05  2.688166e-05  2.688166e-05  2.688166e-05  2.688166e-05  2.688166e-05
-2.403940  2.965295e-05  2.965295e-05  2.965295e-05  2.965295e-05  2.965295e-05  2.965295e-05
-2.402293  3.255659e-05  3.255659e-05  3.255659e-05  3.255659e-05  3.255659e-05  3.255659e-05
-2.400645  3.559264e-05  3.559264e-05  3.559264e-05  3.559264e-05  3.559264e-05  3.559264e-05
-2.398997  3.876112e-05  3.876112e-05  3.876112e-05  3.876112e-05  3.876112e-05  3.876112e-05
-2.397349  4.206210e-05  4.206210e-05  4.206210e-05  4.206210e-05  4.206210e-05  4.206210e-05
-2.395701  4.549561e-05  4.549561e-05  4.549561e-05  4.549561e-05  4.549561e-05  4.549561e-05
-2.394054  4.906170e-05  4.906170e-05  4.906170e-05  4.906170e-05  4.906170e-05  4.906170e-05
-2.392406  5.276043e-05  5.276043e-05  5.276043e-05  5.276043e-05  5.276043e-05  5.276043e-05
-2.390758  5.659185e-05  5.659185e-05  5.659185e-05  5.659185e-05  5.659185e-05  5.659185e-05
-2.389110  6.055602e-05  6.055602e-05  6.055602e-05  6.055602e-05  6.055602e-05  6.055602e-05
-2.387462  6.465299e-05  6.465299e-05  6.465299e-05  6.465299e-05  6.465299e-05  6.465299e-05
-2.385815  6.888282e-05  6.888282e-05  6.888282e-05  6.888282e-05  6.888282e-05  6.888282e-05
-2.384167  7.324557e-05  7.324557e-05  7.324557e-05  7.324557e-05  7.324557e-05  7.324557e-05
-2.382519  7.774131e-05  7.774131e-05  7.774131e-05  7.774131e-05  7.774131e-05  7.774131e-05
-2.380871  8.237009e-05  8.237009e-05  8.237009e-05  8.237009e-05  8.237009e-05  8.237009e-05
-2.379223  8.713200e-05  8.713200e-05  8.713200e-05  8.713200e-05  8.713200e-05  8.713200e-05
-2.377575  9.202708e-05  9.202708e-05  9.202708e-05  9.202708e-05  9.202708e-05  9.202708e-05
-2.375928  9.705543e-05  9.705543e-05  9.705543e-05  9.705543e-05  9.705543e-05  9.705543e-05
-2.374280  1.022171e-04  1.022171e-04  1.022171e-04  1.022171e-04  1.022171e-04  1.022171e-04
-2.372632  1.075122e-04  1.075122e-04  1.075122e-04  1.075122e-04  1.075122e-04  1.075122e-04
-2.370984  1.129407e-04  1.129407e-04  1.129407e-04  1.129407e-04  1.129407e-04  1.129407e-04
-2.369336  1.185028e-04  1.185028e-04  1.185028e-04  1.185028e-04  1.185028e-04  1.185028e-04
-2.367689  1.241986e-04  1.241986e-04  1.241986e-04  1.241986e-04  1.241986e-04  1.241986e-04
-2.366041  1.300280e-04  1.300280e-04  1.300280e-04  1.300280e-04  1.300280e-04  1.300280e-04
-2.364393  1.359913e-04  1.359913e-04  1.359913e-04  1.359913e-04  1.359913e-04  1.359913e-04
-2.362745  1.420884e-04  1.420884e-04  1.420884e-04  1.420884e-04  1.420884e-04  1.420884e-04
-2.361097  1.483196e-04  1.483196e-04  1.483196e-04  1.483196e-04  1.483196e-04  1.483196e-04
-2.359449  1.546848e-04  1.546848e-04  1.546848e-04  1.546848e-04  1.546848e-04  1.546848e-04
-2.357802  1.611841e-04  1.611841e-04  1.611841e-04  1.611841e-04  1.611841e-04  1.611841e-04
-2.356154  1.678177e-04  1.678177e-04  1.678177e-04  1.678177e-04  1.678177e-04  1.678177e-04
-2.354506  1.745857e-04  1.745857e-04  1.745857e-04  1.745857e-04  1.745857e-04  1.745857e-04
-2.352858  1.814880e-04  1.814880e-04  1.814880e-04  1.814880e-04  1.814880e-04  1.814880e-04
-2.351210  1.885250e-04  1.885250e-04  1.885250e-04  1.885250e-04  1.885250e-04  1.885250e-04
-2.349563  1.956966e-04  1.956966e-04  1.956966e-04  1.956966e-04  1.956966e-04  1.956966e-04
-2.347915  2.030029e-04  2.030029e-04  2.030029e-04  2.030029e-04  2.030029e-04  2.030029e-04
-2.346267  2.104441e-04  2.104441e-04  2.104441e-04  2.104441e-04  2.104441e-04  2.104441e-04
-2.344619  2.180202e-04  2.180202e-04  2.180202e-04  2.180202e-04  2.180202e-04  2.180202e-04
-2.342971  2.257314e-04  2.257314e-04  2.257314e-04  2.257314e-04  2.257314e-04  2.257314e-04
-2.341323  2.335778e-04  2.335778e-04  2.335778e-04  2.335778e-04  2.335778e-04  2.335778e-04
-2.339676  2.415595e-04  2.415595e-04  2.415595e-04  2.415595e-04  2.415595e-04  2.415595e-04
-2.338028  2.496766e-04  2.496766e-04  2.496766e-04  2.496766e-04  2.496766e-04  2.496766e-04
-2.336380  2.579292e-04  2.579292e-04  2.579292e-04  2.579292e-04  2.579292e-04  2.579292e-04
-2.334732  2.663174e-04  2.663174e-04  2.663174e-04  2.663174e-04  2.663174e-04  2.663174e-04
-2.333084  2.748415e-04  2.748415e-04  2.748415e-04  2.748415e-04  2.748415e-04  2.748415e-04
-2.331437  2.835014e-04  2.835014e-04  2.835014e-04  2.835014e-04  2.835014e-04  2.835014e-04
-2.329789  2.922973e-04  2.922973e-04  2.922973e-04  2.922973e-04  2.922973e-04  2.922973e-04
-2.328141  3.012293e-04  3.012293e-04  3.012293e-04  3.012293e-04  3.012293e-04  3.012293e-04
-2.326493  3.102977e-04  3.102977e-04  3.102977e-04  3.102977e-04  3.102977e-04  3.102977e-04
-2.324845  3.195024e-04  3.195024e-04  3.195024e-04  3.195024e-04  3.195024e-04  3.195024e-04
-2.323197  3.288436e-04  3.288436e-04  3.288436e-04  3.288436e-04  3.288436e-04  3.288436e-04
-2.321550  3.383216e-04  3.383216e-04  3.383216e-04  3.383216e-04  3.383216e-04  3.383216e-04
-2.319902  3.479363e-04  3.479363e-04  3.479363e-04  3.479363e-04  3.479363e-04  3.479363e-04
-2.318254  3.576879e-04  3.576879e-04  3.576879e-04  3.576879e-04  3.576879e-04  3.576879e-04
-2.316606  3.675767e-04  3.675767e-04  3.675767e-04  3.675767e-04  3.675767e-04  3.675767e-04
-2.314958  3.776026e-04  3.776026e-04  3.776026e-04  3.776026e-04  3.776026e-04  3.776026e-04
-2.313311  3.877660e-04  3.877660e-04  3.877660e-04  3.877660e-04  3.877660e-04  3.877660e-04
-2.311663  3.980668e-04  3.980668e-04  3.980668e-04  3.980668e-04  3.980668e-04  3.980668e-04
-2.310015  4.085053e-04  4.085053e-04  4.085053e-04  4.085053e-04  4.085053e-04  4.085053e-04
-2.308367  4.190816e-04  4.190816e-04  4.190816e-04  4.190816e-04  4.190816e-04  4.190816e-04
-2.306719  4.297959e-04  4.297959e-04  4.297959e-04  4.297959e-04  4.297959e-04  4.297959e-04
-2.305071  4.406483e-04  4.406483e-04  4.406483e-04  4.406483e-04  4.406483e-04  4.406483e-04
-2.303424  4.516389e-04  4.516389e-04  4.516389e-04  4.516389e-04  4.516389e-04  4.516389e-04
-2.301776  4.627680e-04  4.627680e-04  4.627680e-04  4.627680e-04  4.627680e-04  4.627680e-04
-2.300128  4.740357e-04  4.740357e-04  4.740357e-04  4.740357e-04  4.740357e-04  4.740357e-04
-2.298480  4.854422e-04  4.854422e-04  4.854422e-04  4.854422e-04  4.854422e-04  4.854422e-04
-2.296832  4.969875e-04  4.969875e-04  4.969875e-04  4.969875e-04  4.969875e-04  4.969875e-04
-2.295185  5.086720e-04  5.086720e-04  5.086720e-04  5.086720e-04  5.086720e-04  5.086720e-04
-2.293537  5.204957e-04  5.204957e-04  5.204957e-04  5.204957e-04  5.204957e-04  5.204957e-04
-2.291889  5.324588e-04  5.324588e-04  5.324588e-04  5.324588e-04  5.324588e-04  5.324588e-04
-2.290241  5.445615e-04  5.445615e-04  5.445615e-04  5.445615e-04  5.445615e-04  5.445615e-04
-2.288593  5.568040e-04  5.568040e-04  5.568040e-04  5.568040e-04  5.568040e-04  5.568040e-04
-2.286945  5.691865e-04  5.691865e-04  5.691865e-04  5.691865e-04  5.691865e-04  5.691865e-04
-2.285298  5.817090e-04  5.817090e-04  5.817090e-04  5.817090e-04  5.817090e-04  5.817090e-04
-2.283650  5.943719e-04  5.943719e-04  5.943719e-04  5.943719e-04  5.943719e-04  5.943719e-04
-2.282002  6.071752e-04  6.071752e-04  6.071752e-04  6.071752e-04  6.071752e-04  6.071752e-04
-2.280354  6.201193e-04  6.201193e-04  6.201193e-04  6.201193e-04  6.201193e-04  6.201193e-04
-2.278706  6.332042e-04  6.332042e-04  6.332042e-04  6.332042e-04  6.332042e-04  6.332042e-04
-2.277059  6.464301e-04  6.464301e-04  6.464301e-04  6.464301e-04  6.464301e-04  6.464301e-04
-2.275411  6.597973e-04  6.597973e-04  6.597973e-04  6.597973e-04  6.597973e-04  6.597973e-04
-2.273763  6.733058e-04  6.733058e-04  6.733058e-04  6.733058e-04  6.733058e-04  6.733058e-04
-2.272115  6.869561e-04  6.869561e-04  6.869561e-04  6.869561e-04  6.869561e-04  6.869561e-04
-2.270467  7.007481e-04  7.007481e-04  7.007481e-04  7.007481e-04  7.007481e-04  7.007481e-04
-2.268819  7.146822e-04  7.146822e-04  7.146822e-04  7.146822e-04  7.146822e-04  7.146822e-04
-2.267172  7.287584e-04  7.287584e-04  7.287584e-04  7.287584e-04  7.287584e-04  7.287584e-04
-2.265524  7.429771e-04  7.429771e-04  7.429771e-04  7.429771e-04  7.429771e-04  7.429771e-04
-2.263876  7.573385e-04  7.573385e-04  7.573385e-04  7.573385e-04  7.573385e-04  7.573385e-04
-2.262228  7.718426e-04  7.718426e-04  7.718426e-04  7.718426e-04  7.718426e-04  7.718426e-04
-2.260580  7.864898e-04  7.864898e-04  7.864898e-04  7.864898e-04  7.864898e-04  7.864898e-04
-2.258933  8.012803e-04  8.012803e-04  8.012803e-04  8.012803e-04  8.012803e-04  8.012803e-04
-2.257285  8.162142e-04  8.162142e-04  8.162142e-04  8.162142e-04  8.162142e-04  8.162142e-04
-2.255637  8.312918e-04  8.312918e-04  8.312918e-04  8.312918e-04  8.312918e-04  8.312918e-04
-2.253989  8.465133e-04  8.465133e-04  8.465133e-04  8.465133e-04  8.465133e-04  8.465133e-04
-2.252341  8.618789e-04  8.618789e-04  8.618789e-04  8.618789e-04  8.618789e-04  8.618789e-04
-2.250693  8.773888e-04  8.773888e-04  8.773888e-04  8.773888e-04  8.773888e-04  8.773888e-04
-2.249046  8.930434e-04  8.930434e-04  8.930434e-04  8.930434e-04  8.930434e-04  8.930434e-04
-2.247398  9.088427e-04  9.088427e-04  9.088427e-04  9.088427e-04  9.088427e-04  9.088427e-04
-2.245750  9.247870e-04  9.247870e-04  9.247870e-04  9.247870e-04  9.247870e-04  9.247870e-04
-2.244102  9.408765e-04  9.408765e-04  9.408765e-04  9.408765e-04  9.408765e-04  9.408765e-04
-2.242454  9.571116e-04  9.571116e-04  9.571116e-04  9.571116e-04  9.571116e-04  9.571116e-04
-2.240807  9.734923e-04  9.734923e-04  9.734923e-04  9.734923e-04  9.734923e-04  9.734923e-04
-2.239159  9.900190e-04  9.900190e-04  9.900190e-04  9.900190e-04  9.900190e-04  9.900190e-04
-2.237511  1.006692e-03  1.006692e-03  1.006692e-03  1.006692e-03  1.006692e-03  1.006692e-03
-2.235863  1.023511e-03  1.023511e-03  1.023511e-03  1.023511e-03  1.023511e-03  1.023511e-03
-2.234215  1.040477e-03  1.040477e-03  1.040477e-03  1.040477e-03  1.040477e-03  1.040477e-03
-2.232567  1.057590e-03  1.057590e-03  1.057590e-03  1.057590e-03  1.057590e-03  1.057590e-03
-2.230920  1.074850e-03  1.074850e-03  1.074850e-03  1.074850e-03  1.074850e-03  1.074850e-03
-2.229272  1.092257e-03  1.092257e-03  1.092257e-03  1.092257e-03  1.092257e-03  1.092257e-03
-2.227624  1.109813e-03  1.109813e-03  1.109813e-03  1.109813e-03  1.109813e-03  1.109813e-03
-2.225976  1.127516e-03  1.127516e-03  1.127516e-03  1.127516e-03  1.127516e-03  1.127516e-03
-2.224328  1.145367e-03  1.145367e-03  1.145367e-03  1.145367e-03  1.145367e-03  1.145367e-03
-2.222681  1.163366e-03  1.163366e-03  1.163366e-03  1.163366e-03  1.163366e-03  1.163366e-03
-2.221033  1.181514e-03  1.181514e-03  1.181514e-03  1.181514e-03  1.181514e-03  1.181514e-03
-2.219385  1.199812e-03  1.199812e-03  1.199812e-03  1.199812e-03  1.199812e-03  1.199812e-03
-2.217737  1.218258e-03  1.218258e-03  1.218258e-03  1.218258e-03  1.218258e-03  1.218258e-03
-2.216089  1.236854e-03  1.236854e-03  1.236854e-03  1.236854e-03  1.236854e-03  1.236854e-03
-2.214441  1.255600e-03  1.255600e-03  1.255600e-03  1.255600e-03  1.255600e-03  1.255600e-03
-2.212794  1.274495e-03  1.274495e-03  1.274495e-03  1.274495e-03  1.274495e-03  1.274495e-03
-2.211146  1.293541e-03  1.293541e-03  1.293541e-03  1.293541e-03  1.293541e-03  1.293541e-03
-2.209498  1.312737e-03  1.312737e-03  1.312737e-03  1.312737e-03  1.312737e-03  1.312737e-03
-2.207850  1.332085e-03  1.332085e-03  1.332085e-03  1.332085e-03  1.332085e-03  1.332085e-03
-2.206202  1.351583e-03  1.351583e-03  1.351583e-03  1.351583e-03  1.351583e-03  1.351583e-03
-2.204555  1.371233e-03  1.371233e-03  1.371233e-03  1.371233e-03  1.371233e-03  1.371233e-03
-2.202907  1.391034e-03  1.391034e-03  1.391034e-03  1.391034e-03  1.391034e-03  1.391034e-03
-2.201259  1.410988e-03  1.410988e-03  1.410988e-03  1.410988e-03  1.410988e-03  1.410988e-03
-2.199611  1.431093e-03  1.431093e-03  1.431093e-03  1.431093e-03  1.431093e-03  1.431093e-03
-2.197963  1.451351e-03  1.451351e-03  1.451351e-03  1.451351e-03  1.451351e-03  1.451351e-03
-2.196315  1.471762e-03  1.471762e-03  1.471762e-03  1.471762e-03  1.471762e-03  1.471762e-03
-2.194668  1.492327e-03  1.492327e-03  1.492327e-03  1.492327e-03  1.492327e-03  1.492327e-03
-2.193020  1.513044e-03  1.513044e-03  1.513044e-03  1.513044e-03  1.513044e-03  1.513044e-03
-2.191372  1.533915e-03  1.533915e-03  1.533915e-03  1.533915e-03  1.533915e-03  1.533915e-03
-2.189724  1.554941e-03  1.554941e-03  1.554941e-03  1.554941e-03  1.554941e-03  1.554941e-03
-2.188076  1.576120e-03  1.576120e-03  1.576120e-03  1.576120e-03  1.576120e-03  1.576120e-03
-2.186429  1.597454e-03  1.597454e-03  1.597454e-03  1.597454e-03  1.597454e-03  1.597454e-03
-2.184781  1.618943e-03  1.618943e-03  1.618943e-03  1.618943e-03  1.618943e-03  1.618943e-03
-2.183133  1.640588e-03  1.640588e-03  1.640588e-03  1.640588e-03  1.640588e-03  1.640588e-03
-2.181485  1.662388e-03  1.662388e-03  1.662388e-03  1.662388e-03  1.662388e-03  1.662388e-03
-2.179837  1.684343e-03  1.684343e-03  1.684343e-03  1.684343e-03  1.684343e-03  1.684343e-03
-2.178189  1.706455e-03  1.706455e-03  1.706455e-03  1.706455e-03  1.706455e-03  1.706455e-03
-2.176542  1.728724e-03  1.728724e-03  1.728724e-03  1.728724e-03  1.728724e-03  1.728724e-03
-2.174894  1.751149e-03  1.751149e-03  1.751149e-03  1.751149e-03  1.751149e-03  1.751149e-03
-2.173246  1.773731e-03  1.773731e-03  1.773731e-03  1.773731e-03  1.773731e-03  1.773731e-03
-2.171598  1.796471e-03  1.796471e-03  1.796471e-03  1.796471e-03  1.796471e-03  1.796471e-03
-2.169950  1.819369e-03  1.819369e-03  1.819369e-03  1.819369e-03  1.819369e-03  1.819369e-03
-2.168303  1.842425e-03  1.842425e-03  1.842425e-03  1.842425e-03  1.842425e-03  1.842425e-03
-2.166655  1.865639e-03  1.865639e-03  1.865639e-03  1.865639e-03  1.865639e-03  1.865639e-03
-2.165007  1.889012e-03  1.889012e-03  1.889012e-03  1.889012e-03  1.889012e-03  1.889012e-03
-2.163359  1.912544e-03  1.912544e-03  1.912544e-03  1.912544e-03  1.912544e-03  1.912544e-03
-2.161711  1.936236e-03  1.936236e-03  1.936236e-03  1.936236e-03  1.936236e-03  1.936236e-03
-2.160064  1.960087e-03  1.960087e-03  1.960087e-03  1.960087e-03  1.960087e-03  1.960087e-03
-2.158416  1.984099e-03  1.984099e-03  1.984099e-03  1.984099e-03  1.984099e-03  1.984099e-03
-2.156768  2.008271e-03  2.008271e-03  2.008271e-03  2.008271e-03  2.008271e-03  2.008271e-03
-2.155120  2.032604e-03  2.032604e-03  2.032604e-03  2.032604e-03  2.032604e-03  2.032604e-03
-2.153472  2.057098e-03  2.057098e-03  2.057098e-03  2.057098e-03  2.057098e-03  2.057098e-03
-2.151824  2.081753e-03  2.081753e-03  2.081753e-03  2.081753e-03  2.081753e-03  2.081753e-03
-2.150177  2.106571e-03  2.106571e-03  2.106571e-03  2.106571e-03  2.106571e-03  2.106571e-03
-2.148529  2.131551e-03  2.131551e-03  2.131551e-03  2.131551e-03  2.131551e-03  2.131551e-03
-2.146881  2.156693e-03  2.156693e-03  2.156693e-03  2.156693e-03  2.156693e-03  2.156693e-03
-2.145233  2.181998e-03  2.181998e-03  2.181998e-03  2.181998e-03  2.181998e-03  2.181998e-03
-2.143585  2.207467e-03  2.207467e-03  2.207467e-03  2.207467e-03  2.207467e-03  2.207467e-03
-2.141938  2.233100e-03  2.233100e-03  2.233100e-03  2.233100e-03  2.233100e-03  2.233100e-03
-2.140290  2.258896e-03  2.258896e-03  2.258896e-03  2.258896e-03  2.258896e-03  2.258896e-03
-2.138642  2.284857e-03  2.284857e-03  2.284857e-03  2.284857e-03  2.284857e-03  2.284857e-03
-2.136994  2.310983e-03  2.310983e-03  2.310983e-03  2.310983e-03  2.310983e-03  2.310983e-03
-2.135346  2.337274e-03  2.337274e-03  2.337274e-03  2.337274e-03  2.337274e-03  2.337274e-03
-2.133698  2.363730e-03  2.363730e-03  2.363730e-03  2.363730e-03  2.363730e-03  2.363730e-03
-2.132051  2.390353e-03  2.390353e-03  2.390353e-03  2.390353e-03  2.390353e-03  2.390353e-03
-2.130403  2.417142e-03  2.417142e-03  2.417142e-03  2.417142e-03  2.417142e-03  2.417142e-03
-2.128755  2.444097e-03  2.444097e-03  2.444097e-03  2.444097e-03  2.444097e-03  2.444097e-03
-2.127107  2.471220e-03  2.471220e-03  2.471220e-03  2.471220e-03  2.471220e-03  2.471220e-03
-2.125459  2.498510e-03  2.498510e-03  2.498510e-03  2.498510e-03  2.498510e-03  2.498510e-03
-2.123812  2.525968e-03  2.525968e-03  2.525968e-03  2.525968e-03  2.525968e-03  2.525968e-03
-2.122164  2.553595e-03  2.553595e-03  2.553595e-03  2.553595e-03  2.553595e-03  2.553595e-03
-2.120516  2.581390e-03  2.581390e-03  2.581390e-03  2.581390e-03  2.581390e-03  2.581390e-03
-2.118868  2.609354e-03  2.609354e-03  2.609354e-03  2.609354e-03  2.609354e-03  2.609354e-03
-2.117220  2.637488e-03  2.637488e-03  2.637488e-03  2.637488e-03  2.637488e-03  2.637488e-03
-2.115572  2.665791e-03  2.665791e-03  2.665791e-03  2.665791e-03  2.665791e-03  2.665791e-03
-2.113925  2.694265e-03  2.694265e-03  2.694265e-03  2.694265e-03  2.694265e-03  2.694265e-03
-2.112277  2.722910e-03  2.722910e-03  2.722910e-03  2.722910e-03  2.722910e-03  2.722910e-03
-2.110629  2.751726e-03  2.751726e-03  2.751726e-03  2.751726e-03  2.751726e-03  2.751726e-03
-2.108981  2.780713e-03  2.780713e-03  2.780713e-03  2.780713e-03  2.780713e-03  2.780713e-03
-2.107333  2.809872e-03  2.809872e-03  2.809872e-03  2.809872e-03  2.809872e-03  2.809872e-03
-2.105686  2.839204e-03  2.839204e-03  2.839204e-03  2.839204e-03  2.839204e-03  2.839204e-03
-2.104038  2.868708e-03  2.868708e-03  2.868708e-03  2.868708e-03  2.868708e-03  2.868708e-03
-2.102390  2.898386e-03  2.898386e-03  2.898386e-03  2.898386e-03  2.898386e-03  2.898386e-03
-2.100742  2.928237e-03  2.928237e-03  2.928237e-03  2.928237e-03  2.928237e-03  2.928237e-03
-2.099094  2.958263e-03  2.958263e-03  2.958263e-03  2.958263e-03  2.958263e-03  2.958263e-03
-2.097446  2.988463e-03  2.988463e-03  2.988463e-03  2.988463e-03  2.988463e-03  2.988463e-03
-2.095799  3.018838e-03  3.018838e-03  3.018838e-03  3.018838e-03  3.018838e-03  3.018838e-03
-2.094151  3.049388e-03  3.049388e-03  3.049388e-03  3.049388e-03  3.049388e-03  3.049388e-03
-2.092503  3.080114e-03  3.080114e-03  3.080114e-03  3.080114e-03  3.080114e-03  3.080114e-03
-2.090855  3.111016e-03  3.111016e-03  3.111016e-03  3.111016e-03  3.111016e-03  3.111016e-03
-2.089207  3.142095e-03  3.142095e-03  3.142095e-03  3.142095e-03  3.142095e-03  3.142095e-03
-2.087560  3.173352e-03  3.173352e-03  3.173352e-03  3.173352e-03  3.173352e-03  3.173352e-03
-2.085912  3.204786e-03  3.204786e-03  3.204786e-03  3.204786e-03  3.204786e-03  3.204786e-03
-2.084264  3.236398e-03  3.236398e-03  3.236398e-03  3.236398e-03  3.236398e-03  3.236398e-03
-2.082616  3.268188e-03  3.268188e-03  3.268188e-03  3.268188e-03  3.268188e-03  3.268188e-03
-2.080968  3.300157e-03  3.300157e-03  3.300157e-03  3.300157e-03  3.300157e-03  3.300157e-03
-2.079320  3.332306e-03  3.332306e-03  3.332306e-03  3.332306e-03  3.332306e-03  3.332306e-03
-2.077673  3.364635e-03  3.364635e-03  3.364635e-03  3.364635e-03  3.364635e-03  3.364635e-03
-2.076025  3.397144e-03  3.397144e-03  3.397144e-03  3.397144e-03  3.397144e-03  3.397144e-03
-2.074377  3.429834e-03  3.429834e-03  3.429834e-03  3.429834e-03  3.429834e-03  3.429834e-03
-2.072729  3.462706e-03  3.462706e-03  3.462706e-03  3.462706e-03  3.462706e-03  3.462706e-03
-2.071081  3.495759e-03  3.495759e-03  3.495759e-03  3.495759e-03  3.495759e-03  3.495759e-03
-2.069434  3.528994e-03  3.528994e-03  3.528994e-03  3.528994e-03  3.528994e-03  3.528994e-03
-2.067786  3.562412e-03  3.562412e-03  3.562412e-03  3.562412e-03  3.562412e-03  3.562412e-03
-2.066138  3.596013e-03  3.596013e-03  3.596013e-03  3.596013e-03  3.596013e-03  3.596013e-03
-2.064490  3.629798e-03  3.629798e-03  3.629798e-03  3.629798e-03  3.629798e-03  3.629798e-03
-2.062842  3.663767e-03  3.663767e-03  3.663767e-03  3.663767e-03  3.663767e-03  3.663767e-03
-2.061194  3.697921e-03  3.697921e-03  3.697921e-03  3.697921e-03  3.697921e-03  3.697921e-03
-2.059547  3.732260e-03  3.732260e-03  3.732260e-03  3.732260e-03  3.732260e-03  3.732260e-03
-2.057899  3.766785e-03  3.766785e-03  3.766785e-03  3.766785e-03  3.766785e-03  3.766785e-03
-2.056251  3.801496e-03  3.801496e-03  3.801496e-03  3.801496e-03  3.801496e-03  3.801496e-03
-2.054603  3.836393e-03  3.836393e-03  3.836393e-03  3.836393e-03  3.836393e-03  3.836393e-03
-2.052955  3.871478e-03  3.871478e-03  3.871478e-03  3.871478e-03  3.871478e-03  3.871478e-03
-2.051308  3.906750e-03  3.906750e-03  3.906750e-03  3.906750e-03  3.906750e-03  3.906750e-03
-2.049660  3.942211e-03  3.942211e-03  3.942211e-03  3.942211e-03  3.942211e-03  3.942211e-03
-2.048012  3.977860e-03  3.977860e-03  3.977860e-03  3.977860e-03  3.977860e-03  3.977860e-03
-2.046364  4.013698e-03  4.013698e-03  4.013698e-03  4.013698e-03  4.013698e-03  4.013698e-03
-2.044716  4.049726e-03  4.049726e-03  4.049726e-03  4.049726e-03  4.049726e-03  4.049726e-03
-2.043068  4.085945e-03  4.085945e-03  4.085945e-03  4.085945e-03  4.085945e-03  4.085945e-03
-2.041421  4.122354e-03  4.122354e-03  4.122354e-03  4.122354e-03  4.122354e-03  4.122354e-03
-2.039773  4.158954e-03  4.158954e-03  4.158954e-03  4.158954e-03  4.158954e-03  4.158954e-03
-2.038125  4.195746e-03  4.195746e-03  4.195746e-03  4.195746e-03  4.195746e-03  4.195746e-03
-2.036477  4.232731e-03  4.232731e-03  4.232731e-03  4.232731e-03  4.232731e-03  4.232731e-03
-2.034829  4.269908e-03  4.269908e-03  4.269908e-03  4.269908e-03  4.269908e-03  4.269908e-03
-2.033182  4.307279e-03  4.307279e-03  4.307279e-03  4.307279e-03  4.307279e-03  4.307279e-03
-2.031534  4.344844e-03  4.344844e-03  4.344844e-03  4.344844e-03  4.344844e-03  4.344844e-03
-2.029886  4.382603e-03  4.382603e-03  4.382603e-03  4.382603e-03  4.382603e-03  4.382603e-03
-2.028238  4.420557e-03  4.420557e-03  4.420557e-03  4.420557e-03  4.420557e-03  4.420557e-03
-2.026590  4.458707e-03  4.458707e-03  4.458707e-03  4.458707e-03  4.458707e-03  4.458707e-03
-2.024942  4.497053e-03  4.497053e-03  4.497053e-03  4.497053e-03  4.497053e-03  4.497053e-03
-2.023295  4.535595e-03  4.535595e-03  4.535595e-03  4.535595e-03  4.535595e-03  4.535595e-03
-2.021647  4.574335e-03  4.574335e-03  4.574335e-03  4.574335e-03  4.574335e-03  4.574335e-03
-2.019999  4.613272e-03  4.613272e-03  4.613272e-03  4.613272e-03  4.613272e-03  4.613272e-03
-2.018351  4.652408e-03  4.652408e-03  4.652408e-03  4.652408e-03  4.652408e-03  4.652408e-03
-2.016703  4.691743e-03  4.691743e-03  4.691743e-03  4.691743e-03  4.691743e-03  4.691743e-03
-2.015056  4.731277e-03  4.731277e-03  4.731277e-03  4.731277e-03  4.731277e-03  4.731277e-03
-2.013408  4.771012e-03  4.771012e-03  4.771012e-03  4.771012e-03  4.771012e-03  4.771012e-03
-2.011760  4.810947e-03  4.810947e-03  4.810947e-03  4.810947e-03  4.810947e-03  4.810947e-03
-2.010112  4.851083e-03  4.851083e-03  4.851083e-03  4.851083e-03  4.851083e-03  4.851083e-03
-2.008464  4.891421e-03  4.891421e-03  4.891421e-03  4.891421e-03  4.891421e-03  4.891421e-03
-2.006816  4.931961e-03  4.931961e-03  4.931961e-03  4.931961e-03  4.931961e-03  4.931961e-03
-2.005169  4.972704e-03  4.972704e-03  4.972704e-03  4.972704e-03  4.972704e-03  4.972704e-03
-2.003521  5.013651e-03  5.013651e-03  5.013651e-03  5.013651e-03  5.013651e-03  5.013651e-03
-2.001873  5.054802e-03  5.054802e-03  5.054802e-03  5.054802e-03  5.054802e-03  5.054802e-03
-2.000225  5.096157e-03  5.096157e-03  5.096157e-03  5.096157e-03  5.096157e-03  5.096157e-03
-1.998577  5.137718e-03  5.137718e-03  5.137718e-03  5.137718e-03  5.137718e-03  5.137718e-03
-1.996930  5.179485e-03  5.179485e-03  5.179485e-03  5.179485e-03  5.179485e-03  5.179485e-03
-1.995282  5.221458e-03  5.221458e-03  5.221458e-03  5.221458e-03  5.221458e-03  5.221458e-03
-1.993634  5.263638e-03  5.263638e-03  5.263638e-03  5.263638e-03  5.263638e-03  5.263638e-03
-1.991986  5.306026e-03  5.306026e-03  5.306026e-03  5.306026e-03  5.306026e-03  5.306026e-03
-1.990338  5.348623e-03  5.348623e-03  5.348623e-03  5.348623e-03  5.348623e-03  5.348623e-03
-1.988690  5.391428e-03  5.391428e-03  5.391428e-03  5.391428e-03  5.391428e-03  5.391428e-03
-1.987043  5.434443e-03  5.434443e-03  5.434443e-03  5.434443e-03  5.434443e-03  5.434443e-03
-1.985395  5.477668e-03  5.477668e-03  5.477668e-03  5.477668e-03  5.477668e-03  5.477668e-03
-1.983747  5.521103e-03  5.521103e-03  5.521103e-03  5.521103e-03  5.521103e-03  5.521103e-03
-1.982099  5.564751e-03  5.564751e-03  5.564751e-03  5.564751e-03  5.564751e-03  5.564751e-03
-1.980451  5.608610e-03  5.608610e-03  5.608610e-03  5.608610e-03  5.608610e-03  5.608610e-03
-1.978804  5.652682e-03  5.652682e-03  5.652682e-03  5.652682e-03  5.652682e-03  5.652682e-03
-1.977156  5.696967e-03  5.696967e-03  5.696967e-03  5.696967e-03  5.696967e-03  5.696967e-03
-1.975508  5.741466e-03  5.741466e-03  5.741466e-03  5.741466e-03  5.741466e-03  5.741466e-03
-1.973860  5.786180e-03  5.786180e-03  5.786180e-03  5.786180e-03  5.786180e-03  5.786180e-03
-1.972212  5.831109e-03  5.831109e-03  5.831109e-03  5.831109e-03  5.831109e-03  5.831109e-03
-1.970564  5.876253e-03  5.876253e-03  5.876253e-03  5.876253e-03  5.876253e-03  5.876253e-03
-1.968917  5.921615e-03  5.921615e-03  5.921615e-03  5.921615e-03  5.921615e-03  5.921615e-03
-1.967269  5.967193e-03  5.967193e-03  5.967193e-03  5.967193e-03  5.967193e-03  5.967193e-03
-1.965621  6.012990e-03  6.012990e-03  6.012990e-03  6.012990e-03  6.012990e-03  6.012990e-03
-1.963973  6.059005e-03  6.059005e-03  6.059005e-03  6.059005e-03  6.059005e-03  6.059005e-03
-1.962325  6.105239e-03  6.105239e-03  6.105239e-03  6.105239e-03  6.105239e-03  6.105239e-03
-1.960678  6.151692e-03  6.151692e-03  6.151692e-03  6.151692e-03  6.151692e-03  6.151692e-03
-1.959030  6.198367e-03  6.198367e-03  6.198367e-03  6.198367e-03  6.198367e-03  6.198367e-03
-1.957382  6.245262e-03  6.245262e-03  6.245262e-03  6.245262e-03  6.245262e-03  6.245262e-03
-1.955734  6.292380e-03  6.292380e-03  6.292380e-03  6.292380e-03  6.292380e-03  6.292380e-03
-1.954086  6.339719e-03  6.339719e-03  6.339719e-03  6.339719e-03  6.339719e-03  6.339719e-03
-1.952439  6.387283e-03  6.387283e-03  6.387283e-03  6.387283e-03  6.387283e-03  6.387283e-03
-1.950791  6.435069e-03  6.435069e-03  6.435069e-03  6.435069e-03  6.435069e-03  6.435069e-03
-1.949143  6.483081e-03  6.483081e-03  6.483081e-03  6.483081e-03  6.483081e-03  6.483081e-03
-1.947495  6.531318e-03  6.531318e-03  6.531318e-03  6.531318e-03  6.531318e-03  6.531318e-03
-1.945847  6.579780e-03  6.579780e-03  6.579780e-03  6.579780e-03  6.579780e-03  6.579780e-03
-1.944199  6.628470e-03  6.628470e-03  6.628470e-03  6.628470e-03  6.628470e-03  6.628470e-03
-1.942552  6.677387e-03  6.677387e-03  6.677387e-03  6.677387e-03  6.677387e-03  6.677387e-03
-1.940904  6.726531e-03  6.726531e-03  6.726531e-03  6.726531e-03  6.726531e-03  6.726531e-03
-1.939256  6.775905e-03  6.775905e-03  6.775905e-03  6.775905e-03  6.775905e-03  6.775905e-03
-1.937608  6.825508e-03  6.825508e-03  6.825508e-03  6.825508e-03  6.825508e-03  6.825508e-03
-1.935960  6.875341e-03  6.875341e-03  6.875341e-03  6.875341e-03  6.875341e-03  6.875341e-03
-1.934313  6.925405e-03  6.925405e-03  6.925405e-03  6.925405e-03  6.925405e-03  6.925405e-03
-1.932665  6.975701e-03  6.975701e-03  6.975701e-03  6.975701e-03  6.975701e-03  6.975701e-03
-1.931017  7.026229e-03  7.026229e-03  7.026229e-03  7.026229e-03  7.026229e-03  7.026229e-03
-1.929369  7.076991e-03  7.076991e-03  7.076991e-03  7.076991e-03  7.076991e-03  7.076991e-03
-1.927721  7.127986e-03  7.127986e-03  7.127986e-03  7.127986e-03  7.127986e-03  7.127986e-03
-1.926073  7.179215e-03  7.179215e-03  7.179215e-03  7.179215e-03  7.179215e-03  7.179215e-03
-1.924426  7.230680e-03  7.230680e-03  7.230680e-03  7.230680e-03  7.230680e-03  7.230680e-03
-1.922778  7.282381e-03  7.282381e-03  7.282381e-03  7.282381e-03  7.282381e-03  7.282381e-03
-1.921130  7.334319e-03  7.334319e-03  7.334319e-03  7.334319e-03  7.334319e-03  7.334319e-03
-1.919482  7.386494e-03  7.386494e-03  7.386494e-03  7.386494e-03  7.386494e-03  7.386494e-03
-1.917834  7.438907e-03  7.438907e-03  7.438907e-03  7.438907e-03  7.438907e-03  7.438907e-03
-1.916187  7.491560e-03  7.491560e-03  7.491560e-03  7.491560e-03  7.491560e-03  7.491560e-03
-1.914539  7.544452e-03  7.544452e-03  7.544452e-03  7.544452e-03  7.544452e-03  7.544452e-03
-1.912891  7.597585e-03  7.597585e-03  7.597585e-03  7.597585e-03  7.597585e-03  7.597585e-03
-1.911243  7.650959e-03  7.650959e-03  7.650959e-03  7.650959e-03  7.650959e-03  7.650959e-03
-1.909595  7.704575e-03  7.704575e-03  7.704575e-03  7.704575e-03  7.704575e-03  7.704575e-03
-1.907947  7.758434e-03  7.758434e-03  7.758434e-03  7.758434e-03  7.758434e-03  7.758434e-03
-1.906300  7.812537e-03  7.812537e-03  7.812537e-03  7.812537e-03  7.812537e-03  7.812537e-03
-1.904652  7.866884e-03  7.866884e-03  7.866884e-03  7.866884e-03  7.866884e-03  7.866884e-03
-1.903004  7.921476e-03  7.921476e-03  7.921476e-03  7.921476e-03  7.921476e-03  7.921476e-03
-1.901356  7.976314e-03  7.976314e-03  7.976314e-03  7.976314e-03  7.976314e-03  7.976314e-03
-1.899708  8.031399e-03  8.031399e-03  8.031399e-03  8.031399e-03  8.031399e-03  8.031399e-03
-1.898061  8.086731e-03  8.086731e-03  8.086731e-03  8.086731e-03  8.086731e-03  8.086731e-03
-1.896413  8.142312e-03  8.142312e-03  8.142312e-03  8.142312e-03  8.142312e-03  8.142312e-03
-1.894765  8.198142e-03  8.198142e-03  8.198142e-03  8.198142e-03  8.198142e-03  8.198142e-03
-1.893117  8.254222e-03  8.254222e-03  8.254222e-03  8.254222e-03  8.254222e-03  8.254222e-03
-1.891469  8.310553e-03  8.310553e-03  8.310553e-03  8.310553e-03  8.310553e-03  8.310553e-03
-1.889821  8.367135e-03  8.367135e-03  8.367135e-03  8.367135e-03  8.367135e-03  8.367135e-03
-1.888174  8.423970e-03  8.423970e-03  8.423970e-03  8.423970e-03  8.423970e-03  8.423970e-03
-1.886526  8.481058e-03  8.481058e-03  8.481058e-03  8.481058e-03  8.481058e-03  8.481058e-03
-1.884878  8.538400e-03  8.538400e-03  8.538400e-03  8.538400e-03  8.538400e-03  8.538400e-03
-1.883230  8.595996e-03  8.595996e-03  8.595996e-03  8.595996e-03  8.595996e-03  8.595996e-03
-1.881582  8.653849e-03  8.653849e-03  8.653849e-03  8.653849e-03  8.653849e-03  8.653849e-03
-1.879935  8.711958e-03  8.711958e-03  8.711958e-03  8.711958e-03  8.711958e-03  8.711958e-03
-1.878287  8.770324e-03  8.770324e-03  8.770324e-03  8.770324e-03  8.770324e-03  8.770324e-03
-1.876639  8.828949e-03  8.828949e-03  8.828949e-03  8.828949e-03  8.828949e-03  8.828949e-03
-1.874991  8.887832e-03  8.887832e-03  8.887832e-03  8.887832e-03  8.887832e-03  8.887832e-03
-1.873343  8.946976e-03  8.946976e-03  8.946976e-03  8.946976e-03  8.946976e-03  8.946976e-03
-1.871695  9.006380e-03  9.006380e-03  9.006380e-03  9.006380e-03  9.006380e-03  9.006380e-03
-1.870048  9.066045e-03  9.066045e-03  9.066045e-03  9.066045e-03  9.066045e-03  9.066045e-03
-1.868400  9.125974e-03  9.125974e-03  9.125974e-03  9.125974e-03  9.125974e-03  9.125974e-03
-1.866752  9.186165e-03  9.186165e-03  9.186165e-03  9.186165e-03  9.186165e-03  9.186165e-03
-1.865104  9.246621e-03  9.246621e-03  9.246621e-03  9.246621e-03  9.246621e-03  9.246621e-03
-1.863456  9.307341e-03  9.307341e-03  9.307341e-03  9.307341e-03  9.307341e-03  9.307341e-03
-1.861809  9.368328e-03  9.368328e-03  9.368328e-03  9.368328e-03  9.368328e-03  9.368328e-03
-1.860161  9.429582e-03  9.429582e-03  9.429582e-03  9.429582e-03  9.429582e-03  9.429582e-03
-1.858513  9.491103e-03  9.491103e-03  9.491103e-03  9.491103e-03  9.491103e-03  9.491103e-03
-1.856865  9.552892e-03  9.552892e-03  9.552892e-03  9.552892e-03  9.552892e-03  9.552892e-03
-1.855217  9.614951e-03  9.614951e-03  9.614951e-03  9.614951e-03  9.614951e-03  9.614951e-03
-1.853569  9.677281e-03  9.677281e-03  9.677281e-03  9.677281e-03  9.677281e-03  9.677281e-03
-1.851922  9.739882e-03  9.739882e-03  9.739882e-03  9.739882e-03  9.739882e-03  9.739882e-03
-1.850274  9.802755e-03  9.802755e-03  9.802755e-03  9.802755e-03  9.802755e-03  9.802755e-03
-1.848626  9.865900e-03  9.865900e-03  9.865900e-03  9.865900e-03  9.865900e-03  9.865900e-03
-1.846978  9.929320e-03  9.929320e-03  9.929320e-03  9.929320e-03  9.929320e-03  9.929320e-03
-1.845330  9.993015e-03  9.993015e-03  9.993015e-03  9.993015e-03  9.993015e-03  9.993015e-03
-1.843683  1.005699e-02  1.005699e-02  1.005699e-02  1.005699e-02  1.005699e-02  1.005699e-02
-1.842035  1.012123e-02  1.012123e-02  1.012123e-02  1.012123e-02  1.012123e-02  1.012123e-02
-1.840387  1.018576e-02  1.018576e-02  1.018576e-02  1.018576e-02  1.018576e-02  1.018576e-02
-1.838739  1.025056e-02  1.025056e-02  1.025056e-02  1.025056e-02  1.025056e-02  1.025056e-02
-1.837091  1.031564e-02  1.031564e-02  1.031564e-02  1.031564e-02  1.031564e-02  1.031564e-02
-1.835443  1.038101e-02  1.038101e-02  1.038101e-02  1.038101e-02  1.038101e-02  1.038101e-02
-1.833796  1.044665e-02  1.044665e-02  1.044665e-02  1.044665e-02  1.044665e-02  1.044665e-02
-1.832148  1.051258e-02  1.051258e-02  1.051258e-02  1.051258e-02  1.051258e-02  1.051258e-02
-1.830500  1.057879e-02  1.057879e-02  1.057879e-02  1.057879e-02  1.057879e-02  1.057879e-02
-1.828852  1.064528e-02  1.064528e-02  1.064528e-02  1.064528e-02  1.064528e-02  1.064528e-02
-1.827204  1.071206e-02  1.071206e-02  1.071206e-02  1.071206e-02  1.071206e-02  1.071206e-02
-1.825557  1.077913e-02  1.077913e-02  1.077913e-02  1.077913e-02  1.077913e-02  1.077913e-02
-1.823909  1.084648e-02  1.084648e-02  1.084648e-02  1.084648e-02  1.084648e-02  1.084648e-02
-1.822261  1.091412e-02  1.091412e-02  1.091412e-02  1.091412e-02  1.091412e-02  1.091412e-02
-1.820613  1.098205e-02  1.098205e-02  1.098205e-02  1.098205e-02  1.098205e-02  1.098205e-02
-1.818965  1.105028e-02  1.105028e-02  1.105028e-02  1.105028e-02  1.105028e-02  1.105028e-02
-1.817317  1.111879e-02  1.111879e-02  1.111879e-02  1.111879e-02  1.111879e-02  1.111879e-02
-1.815670  1.118759e-02  1.118759e-02  1.118759e-02  1.118759e-02  1.118759e-02  1.118759e-02
-1.814022  1.125669e-02  1.125669e-02  1.125669e-02  1.125669e-02  1.125669e-02  1.125669e-02
-1.812374  1.132608e-02  1.132608e-02  1.132608e-02  1.132608e-02  1.132608e-02  1.132608e-02
-1.810726  1.139576e-02  1.139576e-02  1.139576e-02  1.139576e-02  1.139576e-02  1.139576e-02
-1.809078  1.146574e-02  1.146574e-02  1.146574e-02  1.146574e-02  1.146574e-02  1.146574e-02
-1.807431  1.153602e-02  1.153602e-02  1.153602e-02  1.153602e-02  1.153602e-02  1.153602e-02
-1.805783  1.160660e-02  1.160660e-02  1.160660e-02  1.160660e-02  1.160660e-02  1.160660e-02
-1.804135  1.167747e-02  1.167747e-02  1.167747e-02  1.167747e-02  1.167747e-02  1.167747e-02
-1.802487  1.174865e-02  1.174865e-02  1.174865e-02  1.174865e-02  1.174865e-02  1.174865e-02
-1.800839  1.182012e-02  1.182012e-02  1.182012e-02  1.182012e-02  1.182012e-02  1.182012e-02
-1.799191  1.189190e-02  1.189190e-02  1.189190e-02  1.189190e-02  1.189190e-02  1.189190e-02
-1.797544  1.196398e-02  1.196398e-02  1.196398e-02  1.196398e-02  1.196398e-02  1.196398e-02
-1.795896  1.203637e-02  1.203637e-02  1.203637e-02  1.203637e-02  1.203637e-02  1.203637e-02
-1.794248  1.210906e-02  1.210906e-02  1.210906e-02  1.210906e-02  1.210906e-02  1.210906e-02
-1.792600  1.218206e-02  1.218206e-02  1.218206e-02  1.218206e-02  1.218206e-02  1.218206e-02
-1.790952  1.225536e-02  1.225536e-02  1.225536e-02  1.225536e-02  1.225536e-02  1.225536e-02
-1.789305  1.232897e-02  1.232897e-02  1.232897e-02  1.232897e-02  1.232897e-02  1.232897e-02
-1.787657  1.240290e-02  1.240290e-02  1.240290e-02  1.240290e-02  1.240290e-02  1.240290e-02
-1.786009  1.247713e-02  1.247713e-02  1.247713e-02  1.247713e-02  1.247713e-02  1.247713e-02
-1.784361  1.255167e-02  1.255167e-02  1.255167e-02  1.255167e-02  1.255167e-02  1.255167e-02
-1.782713  1.262653e-02  1.262653e-02  1.262653e-02  1.262653e-02  1.262653e-02  1.262653e-02
-1.781065  1.270170e-02  1.270170e-02  1.270170e-02  1.270170e-02  1.270170e-02  1.270170e-02
-1.779418  1.277719e-02  1.277719e-02  1.277719e-02  1.277719e-02  1.277719e-02  1.277719e-02
-1.777770  1.285299e-02  1.285299e-02  1.285299e-02  1.285299e-02  1.285299e-02  1.285299e-02
-1.776122  1.292911e-02  1.292911e-02  1.292911e-02  1.292911e-02  1.292911e-02  1.292911e-02
-1.774474  1.300554e-02  1.300554e-02  1.300554e-02  1.300554e-02  1.300554e-02  1.300554e-02
-1.772826  1.308230e-02  1.308230e-02  1.308230e-02  1.308230e-02  1.308230e-02  1.308230e-02
-1.771179  1.315937e-02  1.315937e-02  1.315937e-02  1.315937e-02  1.315937e-02  1.315937e-02
-1.769531  1.323677e-02  1.323677e-02  1.323677e-02  1.323677e-02  1.323677e-02  1.323677e-02
-1.767883  1.331449e-02  1.331449e-02  1.331449e-02  1.331449e-02  1.331449e-02  1.331449e-02
-1.766235  1.339253e-02  1.339253e-02  1.339253e-02  1.339253e-02  1.339253e-02  1.339253e-02
-1.764587  1.347090e-02  1.347090e-02  1.347090e-02  1.347090e-02  1.347090e-02  1.347090e-02
-1.762939  1.354960e-02  1.354960e-02  1.354960e-02  1.354960e-02  1.354960e-02  1.354960e-02
-1.761292  1.362862e-02  1.362862e-02  1.362862e-02  1.362862e-02  1.362862e-02  1.362862e-02
-1.759644  1.370797e-02  1.370797e-02  1.370797e-02  1.370797e-02  1.370797e-02  1.370797e-02
-1.757996  1.378764e-02  1.378764e-02  1.378764e-02  1.378764e-02  1.378764e-02  1.378764e-02
-1.756348  1.386765e-02  1.386765e-02  1.386765e-02  1.386765e-02  1.386765e-02  1.386765e-02
-1.754700  1.394799e-02  1.394799e-02  1.394799e-02  1.394799e-02  1.394799e-02  1.394799e-02
-1.753053  1.402867e-02  1.402867e-02  1.402867e-02  1.402867e-02  1.402867e-02  1.402867e-02
-1.751405  1.410967e-02  1.410967e-02  1.410967e-02  1.410967e-02  1.410967e-02  1.410967e-02
-1.749757  1.419101e-02  1.419101e-02  1.419101e-02  1.419101e-02  1.419101e-02  1.419101e-02
-1.748109  1.427269e-02  1.427269e-02  1.427269e-02  1.427269e-02  1.427269e-02  1.427269e-02
-1.746461  1.435471e-02  1.435471e-02  1.435471e-02  1.435471e-02  1.435471e-02  1.435471e-02
-1.744814  1.443706e-02  1.443706e-02  1.443706e-02  1.443706e-02  1.443706e-02  1.443706e-02
-1.743166  1.451976e-02  1.451976e-02  1.451976e-02  1.451976e-02  1.451976e-02  1.451976e-02
-1.741518  1.460279e-02  1.460279e-02  1.460279e-02  1.460279e-02  1.460279e-02  1.460279e-02
-1.739870  1.468617e-02  1.468617e-02  1.468617e-02  1.468617e-02  1.468617e-02  1.468617e-02
-1.738222  1.476989e-02  1.476989e-02  1.476989e-02  1.476989e-02  1.476989e-02  1.476989e-02
-1.736574  1.485395e-02  1.485395e-02  1.485395e-02  1.485395e-02  1.485395e-02  1.485395e-02
-1.734927  1.493836e-02  1.493836e-02  1.493836e-02  1.493836e-02  1.493836e-02  1.493836e-02
-1.733279  1.502312e-02  1.502312e-02  1.502312e-02  1.502312e-02  1.502312e-02  1.502312e-02
-1.731631  1.510823e-02  1.510823e-02  1.510823e-02  1.510823e-02  1.510823e-02  1.510823e-02
-1.729983  1.519368e-02  1.519368e-02  1.519368e-02  1.519368e-02  1.519368e-02  1.519368e-02
-1.728335  1.527949e-02  1.527949e-02  1.527949e-02  1.527949e-02  1.527949e-02  1.527949e-02
-1.726688  1.536565e-02  1.536565e-02  1.536565e-02  1.536565e-02  1.536565e-02  1.536565e-02
-1.725040  1.545216e-02  1.545216e-02  1.545216e-02  1.545216e-02  1.545216e-02  1.545216e-02
-1.723392  1.553902e-02  1.553902e-02  1.553902e-02  1.553902e-02  1.553902e-02  1.553902e-02
-1.721744  1.562624e-02  1.562624e-02  1.562624e-02  1.562624e-02  1.562624e-02  1.562624e-02
-1.720096  1.571382e-02  1.571382e-02  1.571382e-02  1.571382e-02  1.571382e-02  1.571382e-02
-1.718448  1.580176e-02  1.580176e-02  1.580176e-02  1.580176e-02  1.580176e-02  1.580176e-02
-1.716801  1.589005e-02  1.589005e-02  1.589005e-02  1.589005e-02  1.589005e-02  1.589005e-02
-1.715153  1.597871e-02  1.597871e-02  1.597871e-02  1.597871e-02  1.597871e-02  1.597871e-02
-1.713505  1.606773e-02  1.606773e-02  1.606773e-02  1.606773e-02  1.606773e-02  1.606773e-02
-1.711857  1.615711e-02  1.615711e-02  1.615711e-02  1.615711e-02  1.615711e-02  1.615711e-02
-1.710209  1.624685e-02  1.624685e-02  1.624685e-02  1.624685e-02  1.624685e-02  1.624685e-02
-1.708562  1.633697e-02  1.633697e-02  1.633697e-02  1.633697e-02  1.633697e-02  1.633697e-02
-1.706914  1.642745e-02  1.642745e-02  1.642745e-02  1.642745e-02  1.642745e-02  1.642745e-02
-1.705266  1.651829e-02  1.651829e-02  1.651829e-02  1.651829e-02  1.651829e-02  1.651829e-02
-1.703618  1.660951e-02  1.660951e-02  1.660951e-02  1.660951e-02  1.660951e-02  1.660951e-02
-1.701970  1.670110e-02  1.670110e-02  1.670110e-02  1.670110e-02  1.670110e-02  1.670110e-02
-1.700322  1.679306e-02  1.679306e-02  1.679306e-02  1.679306e-02  1.679306e-02  1.679306e-02
-1.698675  1.688539e-02  1.688539e-02  1.688539e-02  1.688539e-02  1.688539e-02  1.688539e-02
-1.697027  1.697810e-02  1.697810e-02  1.697810e-02  1.697810e-02  1.697810e-02  1.697810e-02
-1.695379  1.707119e-02  1.707119e-02  1.707119e-02  1.707119e-02  1.707119e-02  1.707119e-02
-1.693731  1.716465e-02  1.716465e-02  1.716465e-02  1.716465e-02  1.716465e-02  1.716465e-02
-1.692083  1.725849e-02  1.725849e-02  1.725849e-02  1.725849e-02  1.725849e-02  1.725849e-02
-1.690436  1.735271e-02  1.735271e-02  1.735271e-02  1.735271e-02  1.735271e-02  1.735271e-02
-1.688788  1.744732e-02  1.744732e-02  1.744732e-02  1.744732e-02  1.744732e-02  1.744732e-02
-1.687140  1.754231e-02  1.754231e-02  1.754231e-02  1.754231e-02  1.754231e-02  1.754231e-02
-1.685492  1.763768e-02  1.763768e-02  1.763768e-02  1.763768e-02  1.763768e-02  1.763768e-02
-1.683844  1.773344e-02  1.773344e-02  1.773344e-02  1.773344e-02  1.773344e-02  1.773344e-02
-1.682196  1.782958e-02  1.782958e-02  1.782958e-02  1.782958e-02  1.782958e-02  1.782958e-02
-1.680549  1.792612e-02  1.792612e-02  1.792612e-02  1.792612e-02  1.792612e-02  1.792612e-02
-1.678901  1.802304e-02  1.802304e-02  1.802304e-02  1.802304e-02  1.802304e-02  1.802304e-02
-1.677253  1.812035e-02  1.812035e-02  1.812035e-02  1.812035e-02  1.812035e-02  1.812035e-02
-1.675605  1.821806e-02  1.821806e-02  1.821806e-02  1.821806e-02  1.821806e-02  1.821806e-02
-1.673957  1.831616e-02  1.831616e-02  1.831616e-02  1.831616e-02  1.831616e-02  1.831616e-02
-1.672310  1.841466e-02  1.841466e-02  1.841466e-02  1.841466e-02  1.841466e-02  1.841466e-02
-1.670662  1.851356e-02  1.851356e-02  1.851356e-02  1.851356e-02  1.851356e-02  1.851356e-02
-1.669014  1.861285e-02  1.861285e-02  1.861285e-02  1.861285e-02  1.861285e-02  1.861285e-02
-1.667366  1.871254e-02  1.871254e-02  1.871254e-02  1.871254e-02  1.871254e-02  1.871254e-02
-1.665718  1.881264e-02  1.881264e-02  1.881264e-02  1.881264e-02  1.881264e-02  1.881264e-02
-1.664070  1.891313e-02  1.891313e-02  1.891313e-02  1.891313e-02  1.891313e-02  1.891313e-02
-1.662423  1.901403e-02  1.901403e-02  1.901403e-02  1.901403e-02  1.901403e-02  1.901403e-02
-1.660775  1.911534e-02  1.911534e-02  1.911534e-02  1.911534e-02  1.911534e-02  1.911534e-02
-1.659127  1.921706e-02  1.921706e-02  1.921706e-02  1.921706e-02  1.921706e-02  1.921706e-02
-1.657479  1.931918e-02  1.931918e-02  1.931918e-02  1.931918e-02  1.931918e-02  1.931918e-02
-1.655831  1.942171e-02  1.942171e-02  1.942171e-02  1.942171e-02  1.942171e-02  1.942171e-02
-1.654184  1.952466e-02  1.952466e-02  1.952466e-02  1.952466e-02  1.952466e-02  1.952466e-02
-1.652536  1.962801e-02  1.962801e-02  1.962801e-02  1.962801e-02  1.962801e-02  1.962801e-02
-1.650888  1.973178e-02  1.973178e-02  1.973178e-02  1.973178e-02  1.973178e-02  1.973178e-02
-1.649240  1.983597e-02  1.983597e-02  1.983597e-02  1.983597e-02  1.983597e-02  1.983597e-02
-1.647592  1.994058e-02  1.994058e-02  1.994058e-02  1.994058e-02  1.994058e-02  1.994058e-02
-1.645944  2.004560e-02  2.004560e-02  2.004560e-02  2.004560e-02  2.004560e-02  2.004560e-02
-1.644297  2.015105e-02  2.015105e-02  2.015105e-02  2.015105e-02  2.015105e-02  2.015105e-02
-1.642649  2.025691e-02  2.025691e-02  2.025691e-02  2.025691e-02  2.025691e-02  2.025691e-02
-1.641001  2.036320e-02  2.036320e-02  2.036320e-02  2.036320e-02  2.036320e-02  2.036320e-02
-1.639353  2.046992e-02  2.046992e-02  2.046992e-02  2.046992e-02  2.046992e-02  2.046992e-02
-1.637705  2.057706e-02  2.057706e-02  2.057706e-02  2.057706e-02  2.057706e-02  2.057706e-02
-1.636058  2.068463e-02  2.068463e-02  2.068463e-02  2.068463e-02  2.068463e-02  2.068463e-02
-1.634410  2.079263e-02  2.079263e-02  2.079263e-02  2.079263e-02  2.079263e-02  2.079263e-02
-1.632762  2.090106e-02  2.090106e-02  2.090106e-02  2.090106e-02  2.090106e-02  2.090106e-02
-1.631114  2.100993e-02  2.100993e-02  2.100993e-02  2.100993e-02  2.100993e-02  2.100993e-02
-1.629466  2.111922e-02  2.111922e-02  2.111922e-02  2.111922e-02  2.111922e-02  2.111922e-02
-1.627818  2.122896e-02  2.122896e-02  2.122896e-02  2.122896e-02  2.122896e-02  2.122896e-02
-1.626171  2.133913e-02  2.133913e-02  2.133913e-02  2.133913e-02  2.133913e-02  2.133913e-02
-1.624523  2.144974e-02  2.144974e-02  2.144974e-02  2.144974e-02  2.144974e-02  2.144974e-02
-1.622875  2.156079e-02  2.156079e-02  2.156079e-02  2.156079e-02  2.156079e-02  2.156079e-02
-1.621227  2.167229e-02  2.167229e-02  2.167229e-02  2.167229e-02  2.167229e-02  2.167229e-02
-1.619579  2.178423e-02  2.178423e-02  2.178423e-02  2.178423e-02  2.178423e-02  2.178423e-02
-1.617932  2.189661e-02  2.189661e-02  2.189661e-02  2.189661e-02  2.189661e-02  2.189661e-02
-1.616284  2.200944e-02  2.200944e-02  2.200944e-02  2.200944e-02  2.200944e-02  2.200944e-02
-1.614636  2.212272e-02  2.212272e-02  2.212272e-02  2.212272e-02  2.212272e-02  2.212272e-02
-1.612988  2.223645e-02  2.223645e-02  2.223645e-02  2.223645e-02  2.223645e-02  2.223645e-02
-1.611340  2.235063e-02  2.235063e-02  2.235063e-02  2.235063e-02  2.235063e-02  2.235063e-02
-1.609692  2.246527e-02  2.246527e-02  2.246527e-02  2.246527e-02  2.246527e-02  2.246527e-02
-1.608045  2.258036e-02  2.258036e-02  2.258036e-02  2.258036e-02  2.258036e-02  2.258036e-02
-1.606397  2.269591e-02  2.269591e-02  2.269591e-02  2.269591e-02  2.269591e-02  2.269591e-02
-1.604749  2.281191e-02  2.281191e-02  2.281191e-02  2.281191e-02  2.281191e-02  2.281191e-02
-1.603101  2.292838e-02  2.292838e-02  2.292838e-02  2.292838e-02  2.292838e-02  2.292838e-02
-1.601453  2.304531e-02  2.304531e-02  2.304531e-02  2.304531e-02  2.304531e-02  2.304531e-02
-1.599806  2.316270e-02  2.316270e-02  2.316270e-02  2.316270e-02  2.316270e-02  2.316270e-02
-1.598158  2.328056e-02  2.328056e-02  2.328056e-02  2.328056e-02  2.328056e-02  2.328056e-02
-1.596510  2.339889e-02  2.339889e-02  2.339889e-02  2.339889e-02  2.339889e-02  2.339889e-02
-1.594862  2.351768e-02  2.351768e-02  2.351768e-02  2.351768e-02  2.351768e-02  2.351768e-02
-1.593214  2.363694e-02  2.363694e-02  2.363694e-02  2.363694e-02  2.363694e-02  2.363694e-02
-1.591566  2.375668e-02  2.375668e-02  2.375668e-02  2.375668e-02  2.375668e-02  2.375668e-02
-1.589919  2.387689e-02  2.387689e-02  2.387689e-02  2.387689e-02  2.387689e-02  2.387689e-02
-1.588271  2.399758e-02  2.399758e-02  2.399758e-02  2.399758e-02  2.399758e-02  2.399758e-02
-1.586623  2.411874e-02  2.411874e-02  2.411874e-02  2.411874e-02  2.411874e-02  2.411874e-02
-1.584975  2.424038e-02  2.424038e-02  2.424038e-02  2.424038e-02  2.424038e-02  2.424038e-02
-1.583327  2.436251e-02  2.436251e-02  2.436251e-02  2.436251e-02  2.436251e-02  2.436251e-02
-1.581680  2.448511e-02  2.448511e-02  2.448511e-02  2.448511e-02  2.448511e-02  2.448511e-02
-1.580032  2.460821e-02  2.460821e-02  2.460821e-02  2.460821e-02  2.460821e-02  2.460821e-02
-1.578384  2.473178e-02  2.473178e-02  2.473178e-02  2.473178e-02  2.473178e-02  2.473178e-02
-1.576736  2.485585e-02  2.485585e-02  2.485585e-02  2.485585e-02  2.485585e-02  2.485585e-02
-1.575088  2.498040e-02  2.498040e-02  2.498040e-02  2.498040e-02  2.498040e-02  2.498040e-02
-1.573440  2.510545e-02  2.510545e-02  2.510545e-02  2.510545e-02  2.510545e-02  2.510545e-02
-1.571793  2.523099e-02  2.523099e-02  2.523099e-02  2.523099e-02  2.523099e-02  2.523099e-02
-1.570145  2.535702e-02  2.535702e-02  2.535702e-02  2.535702e-02  2.535702e-02  2.535702e-02
-1.568497  2.548355e-02  2.548355e-02  2.548355e-02  2.548355e-02  2.548355e-02  2.548355e-02
-1.566849  2.561059e-02  2.561059e-02  2.561059e-02  2.561059e-02  2.561059e-02  2.561059e-02
-1.565201  2.573812e-02  2.573812e-02  2.573812e-02  2.573812e-02  2.573812e-02  2.573812e-02
-1.563554  2.586615e-02  2.586615e-02  2.586615e-02  2.586615e-02  2.586615e-02  2.586615e-02
-1.561906  2.599469e-02  2.599469e-02  2.599469e-02  2.599469e-02  2.599469e-02  2.599469e-02
-1.560258  2.612373e-02  2.612373e-02  2.612373e-02  2.612373e-02  2.612373e-02  2.612373e-02
-1.558610  2.625329e-02  2.625329e-02  2.625329e-02  2.625329e-02  2.625329e-02  2.625329e-02
-1.556962  2.638335e-02  2.638335e-02  2.638335e-02  2.638335e-02  2.638335e-02  2.638335e-02
-1.555314  2.651392e-02  2.651392e-02  2.651392e-02  2.651392e-02  2.651392e-02  2.651392e-02
-1.553667  2.664501e-02  2.664501e-02  2.664501e-02  2.664501e-02  2.664501e-02  2.664501e-02
-1.552019  2.677661e-02  2.677661e-02  2.677661e-02  2.677661e-02  2.677661e-02  2.677661e-02
-1.550371  2.690873e-02  2.690873e-02  2.690873e-02  2.690873e-02  2.690873e-02  2.690873e-02
-1.548723  2.704137e-02  2.704137e-02  2.704137e-02  2.704137e-02  2.704137e-02  2.704137e-02
-1.547075  2.717453e-02  2.717453e-02  2.717453e-02  2.717453e-02  2.717453e-02  2.717453e-02
-1.545428  2.730822e-02  2.730822e-02  2.730822e-02  2.730822e-02  2.730822e-02  2.730822e-02
-1.543780  2.744243e-02  2.744243e-02  2.744243e-02  2.744243e-02  2.744243e-02  2.744243e-02
-1.542132  2.757716e-02  2.757716e-02  2.757716e-02  2.757716e-02  2.757716e-02  2.757716e-02
-1.540484  2.771243e-02  2.771243e-02  2.771243e-02  2.771243e-02  2.771243e-02  2.771243e-02
-1.538836  2.784822e-02  2.784822e-02  2.784822e-02  2.784822e-02  2.784822e-02  2.784822e-02
-1.537188  2.798455e-02  2.798455e-02  2.798455e-02  2.798455e-02  2.798455e-02  2.798455e-02
-1.535541  2.812142e-02  2.812142e-02  2.812142e-02  2.812142e-02  2.812142e-02  2.812142e-02
-1.533893  2.825882e-02  2.825882e-02  2.825882e-02  2.825882e-02  2.825882e-02  2.825882e-02
-1.532245  2.839676e-02  2.839676e-02  2.839676e-02  2.839676e-02  2.839676e-02  2.839676e-02
-1.530597  2.853524e-02  2.853524e-02  2.853524e-02  2.853524e-02  2.853524e-02  2.853524e-02
-1.528949  2.867426e-02  2.867426e-02  2.867426e-02  2.867426e-02  2.867426e-02  2.867426e-02
-1.527302  2.881383e-02  2.881383e-02  2.881383e-02  2.881383e-02  2.881383e-02  2.881383e-02
-1.525654  2.895394e-02  2.895394e-02  2.895394e-02  2.895394e-02  2.895394e-02  2.895394e-02
-1.524006  2.909460e-02  2.909460e-02  2.909460e-02  2.909460e-02  2.909460e-02  2.909460e-02
-1.522358  2.923582e-02  2.923582e-02  2.923582e-02  2.923582e-02  2.923582e-02  2.923582e-02
-1.520710  2.937758e-02  2.937758e-02  2.937758e-02  2.937758e-02  2.937758e-02  2.937758e-02
-1.519063  2.951990e-02  2.951990e-02  2.951990e-02  2.951990e-02  2.951990e-02  2.951990e-02
-1.517415  2.966278e-02  2.966278e-02  2.966278e-02  2.966278e-02  2.966278e-02  2.966278e-02
-1.515767  2.980622e-02  2.980622e-02  2.980622e-02  2.980622e-02  2.980622e-02  2.980622e-02
-1.514119  2.995022e-02  2.995022e-02  2.995022e-02  2.995022e-02  2.995022e-02  2.995022e-02
-1.512471  3.009478e-02  3.009478e-02  3.009478e-02  3.009478e-02  3.009478e-02  3.009478e-02
-1.510823  3.023991e-02  3.023991e-02  3.023991e-02  3.023991e-02  3.023991e-02  3.023991e-02
-1.509176  3.038560e-02  3.038560e-02  3.038560e-02  3.038560e-02  3.038560e-02  3.038560e-02
-1.507528  3.053186e-02  3.053186e-02  3.053186e-02  3.053186e-02  3.053186e-02  3.053186e-02
-1.505880  3.067870e-02  3.067870e-02  3.067870e-02  3.067870e-02  3.067870e-02  3.067870e-02
-1.504232  3.082610e-02  3.082610e-02  3.082610e-02  3.082610e-02  3.082610e-02  3.082610e-02
-1.502584  3.097409e-02  3.097409e-02  3.097409e-02  3.097409e-02  3.097409e-02  3.097409e-02
-1.500937  3.112265e-02  3.112265e-02  3.112265e-02  3.112265e-02  3.112265e-02  3.112265e-02
-1.499289  3.127179e-02  3.127179e-02  3.127179e-02  3.127179e-02  3.127179e-02  3.127179e-02
-1.497641  3.142152e-02  3.142152e-02  3.142152e-02  3.142152e-02  3.142152e-02  3.142152e-02
-1.495993  3.157182e-02  3.157182e-02  3.157182e-02  3.157182e-02  3.157182e-02  3.157182e-02
-1.494345  3.172272e-02  3.172272e-02  3.172272e-02  3.172272e-02  3.172272e-02  3.172272e-02
-1.492697  3.187420e-02  3.187420e-02  3.187420e-02  3.187420e-02  3.187420e-02  3.187420e-02
-1.491050  3.202628e-02  3.202628e-02  3.202628e-02  3.202628e-02  3.202628e-02  3.202628e-02
-1.489402  3.217894e-02  3.217894e-02  3.217894e-02  3.217894e-02  3.217894e-02  3.217894e-02
-1.487754  3.233221e-02  3.233221e-02  3.233221e-02  3.233221e-02  3.233221e-02  3.233221e-02
-1.486106  3.248607e-02  3.248607e-02  3.248607e-02  3.248607e-02  3.248607e-02  3.248607e-02
-1.484458  3.264052e-02  3.264052e-02  3.264052e-02  3.264052e-02  3.264052e-02  3.264052e-02
-1.482811  3.279559e-02  3.279559e-02  3.279559e-02  3.279559e-02  3.279559e-02  3.279559e-02
-1.481163  3.295125e-02  3.295125e-02  3.295125e-02  3.295125e-02  3.295125e-02  3.295125e-02
-1.479515  3.310752e-02  3.310752e-02  3.310752e-02  3.310752e-02  3.310752e-02  3.310752e-02
-1.477867  3.326440e-02  3.326440e-02  3.326440e-02  3.326440e-02  3.326440e-02  3.326440e-02
-1.476219  3.342189e-02  3.342189e-02  3.342189e-02  3.342189e-02  3.342189e-02  3.342189e-02
-1.474571  3.358000e-02  3.358000e-02  3.358000e-02  3.358000e-02  3.358000e-02  3.358000e-02
-1.472924  3.373872e-02  3.373872e-02  3.373872e-02  3.373872e-02  3.373872e-02  3.373872e-02
-1.471276  3.389805e-02  3.389805e-02  3.389805e-02  3.389805e-02  3.389805e-02  3.389805e-02
-1.469628  3.405801e-02  3.405801e-02  3.405801e-02  3.405801e-02  3.405801e-02  3.405801e-02
-1.467980  3.421859e-02  3.421859e-02  3.421859e-02  3.421859e-02  3.421859e-02  3.421859e-02
-1.466332  3.437979e-02  3.437979e-02  3.437979e-02  3.437979e-02  3.437979e-02  3.437979e-02
-1.464685  3.454162e-02  3.454162e-02  3.454162e-02  3.454162e-02  3.454162e-02  3.454162e-02
-1.463037  3.470408e-02  3.470408e-02  3.470408e-02  3.470408e-02  3.470408e-02  3.470408e-02
-1.461389  3.486717e-02  3.486717e-02  3.486717e-02  3.486717e-02  3.486717e-02  3.486717e-02
-1.459741  3.503090e-02  3.503090e-02  3.503090e-02  3.503090e-02  3.503090e-02  3.503090e-02
-1.458093  3.519526e-02  3.519526e-02  3.519526e-02  3.519526e-02  3.519526e-02  3.519526e-02
-1.456445  3.536026e-02  3.536026e-02  3.536026e-02  3.536026e-02  3.536026e-02  3.536026e-02
-1.454798  3.552590e-02  3.552590e-02  3.552590e-02  3.552590e-02  3.552590e-02  3.552590e-02
-1.453150  3.569218e-02  3.569218e-02  3.569218e-02  3.569218e-02  3.569218e-02  3.569218e-02
-1.451502  3.585911e-02  3.585911e-02  3.585911e-02  3.585911e-02  3.585911e-02  3.585911e-02
-1.449854  3.602669e-02  3.602669e-02  3.602669e-02  3.602669e-02  3.602669e-02  3.602669e-02
-1.448206  3.619492e-02  3.619492e-02  3.619492e-02  3.619492e-02  3.619492e-02  3.619492e-02
-1.446559  3.636380e-02  3.636380e-02  3.636380e-02  3.636380e-02  3.636380e-02  3.636380e-02
-1.444911  3.653334e-02  3.653334e-02  3.653334e-02  3.653334e-02  3.653334e-02  3.653334e-02
-1.443263  3.670354e-02  3.670354e-02  3.670354e-02  3.670354e-02  3.670354e-02  3.670354e-02
-1.441615  3.687439e-02  3.687439e-02  3.687439e-02  3.687439e-02  3.687439e-02  3.687439e-02
-1.439967  3.704591e-02  3.704591e-02  3.704591e-02  3.704591e-02  3.704591e-02  3.704591e-02
-1.438319  3.721809e-02  3.721809e-02  3.721809e-02  3.721809e-02  3.721809e-02  3.721809e-02
-1.436672  3.739094e-02  3.739094e-02  3.739094e-02  3.739094e-02  3.739094e-02  3.739094e-02
-1.435024  3.756447e-02  3.756447e-02  3.756447e-02  3.756447e-02  3.756447e-02  3.756447e-02
-1.433376  3.773866e-02  3.773866e-02  3.773866e-02  3.773866e-02  3.773866e-02  3.773866e-02
-1.431728  3.791353e-02  3.791353e-02  3.791353e-02  3.791353e-02  3.791353e-02  3.791353e-02
-1.430080  3.808908e-02  3.808908e-02  3.808908e-02  3.808908e-02  3.808908e-02  3.808908e-02
-1.428433  3.826530e-02  3.826530e-02  3.826530e-02  3.826530e-02  3.826530e-02  3.826530e-02
-1.426785  3.844221e-02  3.844221e-02  3.844221e-02  3.844221e-02  3.844221e-02  3.844221e-02
-1.425137  3.861981e-02  3.861981e-02  3.861981e-02  3.861981e-02  3.861981e-02  3.861981e-02
-1.423489  3.879809e-02  3.879809e-02  3.879809e-02  3.879809e-02  3.879809e-02  3.879809e-02
-1.421841  3.897707e-02  3.897707e-02  3.897707e-02  3.897707e-02  3.897707e-02  3.897707e-02
-1.420193  3.915673e-02  3.915673e-02  3.915673e-02  3.915673e-02  3.915673e-02  3.915673e-02
-1.418546  3.933710e-02  3.933710e-02  3.933710e-02  3.933710e-02  3.933710e-02  3.933710e-02
-1.416898  3.951816e-02  3.951816e-02  3.951816e-02  3.951816e-02  3.951816e-02  3.951816e-02
-1.415250  3.969992e-02  3.969992e-02  3.969992e-02  3.969992e-02  3.969992e-02  3.969992e-02
-1.413602  3.988238e-02  3.988238e-02  3.988238e-02  3.988238e-02  3.988238e-02  3.988238e-02
-1.411954  4.006556e-02  4.006556e-02  4.006556e-02  4.006556e-02  4.006556e-02  4.006556e-02
-1.410307  4.024944e-02  4.024944e-02  4.024944e-02  4.024944e-02  4.024944e-02  4.024944e-02
-1.408659  4.043403e-02  4.043403e-02  4.043403e-02  4.043403e-02  4.043403e-02  4.043403e-02
-1.407011  4.061933e-02  4.061933e-02  4.061933e-02  4.061933e-02  4.061933e-02  4.061933e-02
-1.405363  4.080535e-02  4.080535e-02  4.080535e-02  4.080535e-02  4.080535e-02  4.080535e-02
-1.403715  4.099210e-02  4.099210e-02  4.099210e-02  4.099210e-02  4.099210e-02  4.099210e-02
-1.402067  4.117956e-02  4.117956e-02  4.117956e-02  4.117956e-02  4.117956e-02  4.117956e-02
-1.400420  4.136775e-02  4.136775e-02  4.136775e-02  4.136775e-02  4.136775e-02  4.136775e-02
-1.398772  4.155666e-02  4.155666e-02  4.155666e-02  4.155666e-02  4.155666e-02  4.155666e-02
-1.397124  4.174631e-02  4.174631e-02  4.174631e-02  4.174631e-02  4.174631e-02  4.174631e-02
-1.395476  4.193669e-02  4.193669e-02  4.193669e-02  4.193669e-02  4.193669e-02  4.193669e-02
-1.393828  4.212780e-02  4.212780e-02  4.212780e-02  4.212780e-02  4.212780e-02  4.212780e-02
-1.392181  4.231966e-02  4.231966e-02  4.231966e-02  4.231966e-02  4.231966e-02  4.231966e-02
-1.390533  4.251225e-02  4.251225e-02  4.251225e-02  4.251225e-02  4.251225e-02  4.251225e-02
-1.388885  4.270559e-02  4.270559e-02  4.270559e-02  4.270559e-02  4.270559e-02  4.270559e-02
-1.387237  4.289967e-02  4.289967e-02  4.289967e-02  4.289967e-02  4.289967e-02  4.289967e-02
-1.385589  4.309451e-02  4.309451e-02  4.309451e-02  4.309451e-02  4.309451e-02  4.309451e-02
-1.383941  4.329009e-02  4.329009e-02  4.329009e-02  4.329009e-02  4.329009e-02  4.329009e-02
-1.382294  4.348644e-02  4.348644e-02  4.348644e-02  4.348644e-02  4.348644e-02  4.348644e-02
-1.380646  4.368354e-02  4.368354e-02  4.368354e-02  4.368354e-02  4.368354e-02  4.368354e-02
-1.378998  4.388140e-02  4.388140e-02  4.388140e-02  4.388140e-02  4.388140e-02  4.388140e-02
-1.377350  4.408002e-02  4.408002e-02  4.408002e-02  4.408002e-02  4.408002e-02  4.408002e-02
-1.375702  4.427941e-02  4.427941e-02  4.427941e-02  4.427941e-02  4.427941e-02  4.427941e-02
-1.374055  4.447957e-02  4.447957e-02  4.447957e-02  4.447957e-02  4.447957e-02  4.447957e-02
-1.372407  4.468050e-02  4.468050e-02  4.468050e-02  4.468050e-02  4.468050e-02  4.468050e-02
-1.370759  4.488221e-02  4.488221e-02  4.488221e-02  4.488221e-02  4.488221e-02  4.488221e-02
-1.369111  4.508470e-02  4.508470e-02  4.508470e-02  4.508470e-02  4.508470e-02  4.508470e-02
-1.367463  4.528796e-02  4.528796e-02  4.528796e-02  4.528796e-02  4.528796e-02  4.528796e-02
-1.365815  4.549201e-02  4.549201e-02  4.549201e-02  4.549201e-02  4.549201e-02  4.549201e-02
-1.364168  4.569685e-02  4.569685e-02  4.569685e-02  4.569685e-02  4.569685e-02  4.569685e-02
-1.362520  4.590248e-02  4.590248e-02  4.590248e-02  4.590248e-02  4.590248e-02  4.590248e-02
-1.360872  4.610890e-02  4.610890e-02  4.610890e-02  4.610890e-02  4.610890e-02  4.610890e-02
-1.359224  4.631612e-02  4.631612e-02  4.631612e-02  4.631612e-02  4.631612e-02  4.631612e-02
-1.357576  4.652413e-02  4.652413e-02  4.652413e-02  4.652413e-02  4.652413e-02  4.652413e-02
-1.355929  4.673295e-02  4.673295e-02  4.673295e-02  4.673295e-02  4.673295e-02  4.673295e-02
-1.354281  4.694257e-02  4.694257e-02  4.694257e-02  4.694257e-02  4.694257e-02  4.694257e-02
-1.352633  4.715300e-02  4.715300e-02  4.715300e-02  4.715300e-02  4.715300e-02  4.715300e-02
-1.350985  4.736423e-02  4.736423e-02  4.736423e-02  4.736423e-02  4.736423e-02  4.736423e-02
-1.349337  4.757629e-02  4.757629e-02  4.757629e-02  4.757629e-02  4.757629e-02  4.757629e-02
-1.347689  4.778916e-02  4.778916e-02  4.778916e-02  4.778916e-02  4.778916e-02  4.778916e-02
-1.346042  4.800285e-02  4.800285e-02  4.800285e-02  4.800285e-02  4.800285e-02  4.800285e-02
-1.344394  4.821736e-02  4.821736e-02  4.821736e-02  4.821736e-02  4.821736e-02  4.821736e-02
-1.342746  4.843270e-02  4.843270e-02  4.843270e-02  4.843270e-02  4.843270e-02  4.843270e-02
-1.341098  4.864887e-02  4.864887e-02  4.864887e-02  4.864887e-02  4.864887e-02  4.864887e-02
-1.339450  4.886587e-02  4.886587e-02  4.886587e-02  4.886587e-02  4.886587e-02  4.886587e-02
-1.337803  4.908370e-02  4.908370e-02  4.908370e-02  4.908370e-02  4.908370e-02  4.908370e-02
-1.336155  4.930238e-02  4.930238e-02  4.930238e-02  4.930238e-02  4.930238e-02  4.930238e-02
-1.334507  4.952189e-02  4.952189e-02  4.952189e-02  4.952189e-02  4.952189e-02  4.952189e-02
-1.332859  4.974225e-02  4.974225e-02  4.974225e-02  4.974225e-02  4.974225e-02  4.974225e-02
-1.331211  4.996346e-02  4.996346e-02  4.996346e-02  4.996346e-02  4.996346e-02  4.996346e-02
-1.329563  5.018552e-02  5.018552e-02  5.018552e-02  5.018552e-02  5.018552e-02  5.018552e-02
-1.327916  5.040844e-02  5.040844e-02  5.040844e-02  5.040844e-02  5.040844e-02  5.040844e-02
-1.326268  5.063221e-02  5.063221e-02  5.063221e-02  5.063221e-02  5.063221e-02  5.063221e-02
-1.324620  5.085684e-02  5.085684e-02  5.085684e-02  5.085684e-02  5.085684e-02  5.085684e-02
-1.322972  5.108234e-02  5.108234e-02  5.108234e-02  5.108234e-02  5.108234e-02  5.108234e-02
-1.321324  5.130871e-02  5.130871e-02  5.130871e-02  5.130871e-02  5.130871e-02  5.130871e-02
-1.319677  5.153594e-02  5.153594e-02  5.153594e-02  5.153594e-02  5.153594e-02  5.153594e-02
-1.318029  5.176405e-02  5.176405e-02  5.176405e-02  5.176405e-02  5.176405e-02  5.176405e-02
-1.316381  5.199304e-02  5.199304e-02  5.199304e-02  5.199304e-02  5.199304e-02  5.199304e-02
-1.314733  5.222290e-02  5.222290e-02  5.222290e-02  5.222290e-02  5.222290e-02  5.222290e-02
-1.313085  5.245365e-02  5.245365e-02  5.245365e-02  5.245365e-02  5.245365e-02  5.245365e-02
-1.311438  5.268529e-02  5.268529e-02  5.268529e-02  5.268529e-02  5.268529e-02  5.268529e-02
-1.309790  5.291782e-02  5.291782e-02  5.291782e-02  5.291782e-02  5.291782e-02  5.291782e-02
-1.308142  5.315124e-02  5.315124e-02  5.315124e-02  5.315124e-02  5.315124e-02  5.315124e-02
-1.306494  5.338556e-02  5.338556e-02  5.338556e-02  5.338556e-02  5.338556e-02  5.338556e-02
-1.304846  5.362078e-02  5.362078e-02  5.362078e-02  5.362078e-02  5.362078e-02  5.362078e-02
-1.303198  5.385690e-02  5.385690e-02  5.385690e-02  5.385690e-02  5.385690e-02  5.385690e-02
-1.301551  5.409393e-02  5.409393e-02  5.409393e-02  5.409393e-02  5.409393e-02  5.409393e-02
-1.299903  5.433187e-02  5.433187e-02  5.433187e-02  5.433187e-02  5.433187e-02  5.433187e-02
-1.298255  5.457073e-02  5.457073e-02  5.457073e-02  5.457073e-02  5.457073e-02  5.457073e-02
-1.296607  5.481050e-02  5.481050e-02  5.481050e-02  5.481050e-02  5.481050e-02  5.481050e-02
-1.294959  5.505119e-02  5.505119e-02  5.505119e-02  5.505119e-02  5.505119e-02  5.505119e-02
-1.293312  5.529281e-02  5.529281e-02  5.529281e-02  5.529281e-02  5.529281e-02  5.529281e-02
-1.291664  5.553536e-02  5.553536e-02  5.553536e-02  5.553536e-02  5.553536e-02  5.553536e-02
-1.290016  5.577883e-02  5.577883e-02  5.577883e-02  5.577883e-02  5.577883e-02  5.577883e-02
-1.288368  5.602325e-02  5.602325e-02  5.602325e-02  5.602325e-02  5.602325e-02  5.602325e-02
-1.286720  5.626860e-02  5.626860e-02  5.626860e-02  5.626860e-02  5.626860e-02  5.626860e-02
-1.285072  5.651489e-02  5.651489e-02  5.651489e-02  5.651489e-02  5.651489e-02  5.651489e-02
-1.283425  5.676213e-02  5.676213e-02  5.676213e-02  5.676213e-02  5.676213e-02  5.676213e-02
-1.281777  5.701031e-02  5.701031e-02  5.701031e-02  5.701031e-02  5.701031e-02  5.701031e-02
-1.280129  5.725945e-02  5.725945e-02  5.725945e-02  5.725945e-02  5.725945e-02  5.725945e-02
-1.278481  5.750955e-02  5.750955e-02  5.750955e-02  5.750955e-02  5.750955e-02  5.750955e-02
-1.276833  5.776061e-02  5.776061e-02  5.776061e-02  5.776061e-02  5.776061e-02  5.776061e-02
-1.275186  5.801263e-02  5.801263e-02  5.801263e-02  5.801263e-02  5.801263e-02  5.801263e-02
-1.273538  5.826561e-02  5.826561e-02  5.826561e-02  5.826561e-02  5.826561e-02  5.826561e-02
-1.271890  5.851957e-02  5.851957e-02  5.851957e-02  5.851957e-02  5.851957e-02  5.851957e-02
-1.270242  5.877450e-02  5.877450e-02  5.877450e-02  5.877450e-02  5.877450e-02  5.877450e-02
-1.268594  5.903041e-02  5.903041e-02  5.903041e-02  5.903041e-02  5.903041e-02  5.903041e-02
-1.266946  5.928730e-02  5.928730e-02  5.928730e-02  5.928730e-02  5.928730e-02  5.928730e-02
-1.265299  5.954518e-02  5.954518e-02  5.954518e-02  5.954518e-02  5.954518e-02  5.954518e-02
-1.263651  5.980405e-02  5.980405e-02  5.980405e-02  5.980405e-02  5.980405e-02  5.980405e-02
-1.262003  6.006391e-02  6.006391e-02  6.006391e-02  6.006391e-02  6.006391e-02  6.006391e-02
-1.260355  6.032476e-02  6.032476e-02  6.032476e-02  6.032476e-02  6.032476e-02  6.032476e-02
-1.258707  6.058662e-02  6.058662e-02  6.058662e-02  6.058662e-02  6.058662e-02  6.058662e-02
-1.257060  6.084948e-02  6.084948e-02  6.084948e-02  6.084948e-02  6.084948e-02  6.084948e-02
-1.255412  6.111335e-02  6.111335e-02  6.111335e-02  6.111335e-02  6.111335e-02  6.111335e-02
-1.253764  6.137823e-02  6.137823e-02  6.137823e-02  6.137823e-02  6.137823e-02  6.137823e-02
-1.252116  6.164412e-02  6.164412e-02  6.164412e-02  6.164412e-02  6.164412e-02  6.164412e-02
-1.250468  6.191104e-02  6.191104e-02  6.191104e-02  6.191104e-02  6.191104e-02  6.191104e-02
-1.248820  6.217898e-02  6.217898e-02  6.217898e-02  6.217898e-02  6.217898e-02  6.217898e-02
-1.247173  6.244794e-02  6.244794e-02  6.244794e-02  6.244794e-02  6.244794e-02  6.244794e-02
-1.245525  6.271794e-02  6.271794e-02  6.271794e-02  6.271794e-02  6.271794e-02  6.271794e-02
-1.243877  6.298897e-02  6.298897e-02  6.298897e-02  6.298897e-02  6.298897e-02  6.298897e-02
-1.242229  6.326104e-02  6.326104e-02  6.326104e-02  6.326104e-02  6.326104e-02  6.326104e-02
-1.240581  6.353415e-02  6.353415e-02  6.353415e-02  6.353415e-02  6.353415e-02  6.353415e-02
-1.238934  6.380831e-02  6.380831e-02  6.380831e-02  6.380831e-02  6.380831e-02  6.380831e-02
-1.237286  6.408352e-02  6.408352e-02  6.408352e-02  6.408352e-02  6.408352e-02  6.408352e-02
-1.235638  6.435978e-02  6.435978e-02  6.435978e-02  6.435978e-02  6.435978e-02  6.435978e-02
-1.233990  6.463711e-02  6.463711e-02  6.463711e-02  6.463711e-02  6.463711e-02  6.463711e-02
-1.232342  6.491549e-02  6.491549e-02  6.491549e-02  6.491549e-02  6.491549e-02  6.491549e-02
-1.230694  6.519494e-02  6.519494e-02  6.519494e-02  6.519494e-02  6.519494e-02  6.519494e-02
-1.229047  6.547546e-02  6.547546e-02  6.547546e-02  6.547546e-02  6.547546e-02  6.547546e-02
-1.227399  6.575706e-02  6.575706e-02  6.575706e-02  6.575706e-02  6.575706e-02  6.575706e-02
-1.225751  6.603973e-02  6.603973e-02  6.603973e-02  6.603973e-02  6.603973e-02  6.603973e-02
-1.224103  6.632349e-02  6.632349e-02  6.632349e-02  6.632349e-02  6.632349e-02  6.632349e-02
-1.222455  6.660834e-02  6.660834e-02  6.660834e-02  6.660834e-02  6.660834e-02  6.660834e-02
-1.220808  6.689427e-02  6.689427e-02  6.689427e-02  6.689427e-02  6.689427e-02  6.689427e-02
-1.219160  6.718130e-02  6.718130e-02  6.718130e-02  6.718130e-02  6.718130e-02  6.718130e-02
-1.217512  6.746943e-02  6.746943e-02  6.746943e-02  6.746943e-02  6.746943e-02  6.746943e-02
-1.215864  6.775866e-02  6.775866e-02  6.775866e-02  6.775866e-02  6.775866e-02  6.775866e-02
-1.214216  6.804900e-02  6.804900e-02  6.804900e-02  6.804900e-02  6.804900e-02  6.804900e-02
-1.212568  6.834046e-02  6.834046e-02  6.834046e-02  6.834046e-02  6.834046e-02  6.834046e-02
-1.210921  6.863302e-02  6.863302e-02  6.863302e-02  6.863302e-02  6.863302e-02  6.863302e-02
-1.209273  6.892671e-02  6.892671e-02  6.892671e-02  6.892671e-02  6.892671e-02  6.892671e-02
-1.207625  6.922152e-02  6.922152e-02  6.922152e-02  6.922152e-02  6.922152e-02  6.922152e-02
-1.205977  6.951746e-02  6.951746e-02  6.951746e-02  6.951746e-02  6.951746e-02  6.951746e-02
-1.204329  6.981453e-02  6.981453e-02  6.981453e-02  6.981453e-02  6.981453e-02  6.981453e-02
-1.202682  7.011274e-02  7.011274e-02  7.011274e-02  7.011274e-02  7.011274e-02  7.011274e-02
-1.201034  7.041209e-02  7.041209e-02  7.041209e-02  7.041209e-02  7.041209e-02  7.041209e-02
-1.199386  7.071259e-02  7.071259e-02  7.071259e-02  7.071259e-02  7.071259e-02  7.071259e-02
-1.197738  7.101424e-02  7.101424e-02  7.101424e-02  7.101424e-02  7.101424e-02  7.101424e-02
-1.196090  7.131704e-02  7.131704e-02  7.131704e-02  7.131704e-02  7.131704e-02  7.131704e-02
-1.194442  7.162100e-02  7.162100e-02  7.162100e-02  7.162100e-02  7.162100e-02  7.162100e-02
-1.192795  7.192612e-02  7.192612e-02  7.192612e-02  7.192612e-02  7.192612e-02  7.192612e-02
-1.191147  7.223241e-02  7.223241e-02  7.223241e-02  7.223241e-02  7.223241e-02  7.223241e-02
-1.189499  7.253987e-02  7.253987e-02  7.253987e-02  7.253987e-02  7.253987e-02  7.253987e-02
-1.187851  7.284851e-02  7.284851e-02  7.284851e-02  7.284851e-02  7.284851e-02  7.284851e-02
-1.186203  7.315833e-02  7.315833e-02  7.315833e-02  7.315833e-02  7.315833e-02  7.315833e-02
-1.184556  7.346933e-02  7.346933e-02  7.346933e-02  7.346933e-02  7.346933e-02  7.346933e-02
-1.182908  7.378153e-02  7.378153e-02  7.378153e-02  7.378153e-02  7.378153e-02  7.378153e-02
-1.181260  7.409491e-02  7.409491e-02  7.409491e-02  7.409491e-02  7.409491e-02  7.409491e-02
-1.179612  7.440950e-02  7.440950e-02  7.440950e-02  7.440950e-02  7.440950e-02  7.440950e-02
-1.177964  7.472529e-02  7.472529e-02  7.472529e-02  7.472529e-02  7.472529e-02  7.472529e-02
-1.176316  7.504228e-02  7.504228e-02  7.504228e-02  7.504228e-02  7.504228e-02  7.504228e-02
-1.174669  7.536049e-02  7.536049e-02  7.536049e-02  7.536049e-02  7.536049e-02  7.536049e-02
-1.173021  7.567992e-02  7.567992e-02  7.567992e-02  7.567992e-02  7.567992e-02  7.567992e-02
-1.171373  7.600057e-02  7.600057e-02  7.600057e-02  7.600057e-02  7.600057e-02  7.600057e-02
-1.169725  7.632244e-02  7.632244e-02  7.632244e-02  7.632244e-02  7.632244e-02  7.632244e-02
-1.168077  7.664555e-02  7.664555e-02  7.664555e-02  7.664555e-02  7.664555e-02  7.664555e-02
-1.166430  7.696988e-02  7.696988e-02  7.696988e-02  7.696988e-02  7.696988e-02  7.696988e-02
-1.164782  7.729546e-02  7.729546e-02  7.729546e-02  7.729546e-02  7.729546e-02  7.729546e-02
-1.163134  7.762229e-02  7.762229e-02  7.762229e-02  7.762229e-02  7.762229e-02  7.762229e-02
-1.161486  7.795036e-02  7.795036e-02  7.795036e-02  7.795036e-02  7.795036e-02  7.795036e-02
-1.159838  7.827969e-02  7.827969e-02  7.827969e-02  7.827969e-02  7.827969e-02  7.827969e-02
-1.158190  7.861028e-02  7.861028e-02  7.861028e-02  7.861028e-02  7.861028e-02  7.861028e-02
-1.156543  7.894213e-02  7.894213e-02  7.894213e-02  7.894213e-02  7.894213e-02  7.894213e-02
-1.154895  7.927525e-02  7.927525e-02  7.927525e-02  7.927525e-02  7.927525e-02  7.927525e-02
-1.153247  7.960964e-02  7.960964e-02  7.960964e-02  7.960964e-02  7.960964e-02  7.960964e-02
-1.151599  7.994531e-02  7.994531e-02  7.994531e-02  7.994531e-02  7.994531e-02  7.994531e-02
-1.149951  8.028226e-02  8.028226e-02  8.028226e-02  8.028226e-02  8.028226e-02  8.028226e-02
-1.148304  8.062050e-02  8.062050e-02  8.062050e-02  8.062050e-02  8.062050e-02  8.062050e-02
-1.146656  8.096003e-02  8.096003e-02  8.096003e-02  8.096003e-02  8.096003e-02  8.096003e-02
-1.145008  8.130086e-02  8.130086e-02  8.130086e-02  8.130086e-02  8.130086e-02  8.130086e-02
-1.143360  8.164300e-02  8.164300e-02  8.164300e-02  8.164300e-02  8.164300e-02  8.164300e-02
-1.141712  8.198644e-02  8.198644e-02  8.198644e-02  8.198644e-02  8.198644e-02  8.198644e-02
-1.140064  8.233119e-02  8.233119e-02  8.233119e-02  8.233119e-02  8.233119e-02  8.233119e-02
-1.138417  8.267726e-02  8.267726e-02  8.267726e-02  8.267726e-02  8.267726e-02  8.267726e-02
-1.136769  8.302465e-02  8.302465e-02  8.302465e-02  8.302465e-02  8.302465e-02  8.302465e-02
-1.135121  8.337337e-02  8.337337e-02  8.337337e-02  8.337337e-02  8.337337e-02  8.337337e-02
-1.133473  8.372342e-02  8.372342e-02  8.372342e-02  8.372342e-02  8.372342e-02  8.372342e-02
-1.131825  8.407481e-02  8.407481e-02  8.407481e-02  8.407481e-02  8.407481e-02  8.407481e-02
-1.130178  8.442754e-02  8.442754e-02  8.442754e-02  8.442754e-02  8.442754e-02  8.442754e-02
-1.128530  8.478162e-02  8.478162e-02  8.478162e-02  8.478162e-02  8.478162e-02  8.478162e-02
-1.126882  8.513705e-02  8.513705e-02  8.513705e-02  8.513705e-02  8.513705e-02  8.513705e-02
-1.125234  8.549383e-02  8.549383e-02  8.549383e-02  8.549383e-02  8.549383e-02  8.549383e-02
-1.123586  8.585198e-02  8.585198e-02  8.585198e-02  8.585198e-02  8.585198e-02  8.585198e-02
-1.121938  8.621150e-02  8.621150e-02  8.621150e-02  8.621150e-02  8.621150e-02  8.621150e-02
-1.120291  8.657239e-02  8.657239e-02  8.657239e-02  8.657239e-02  8.657239e-02  8.657239e-02
-1.118643  8.693466e-02  8.693466e-02  8.693466e-02  8.693466e-02  8.693466e-02  8.693466e-02
-1.116995  8.729832e-02  8.729832e-02  8.729832e-02  8.729832e-02  8.729832e-02  8.729832e-02
-1.115347  8.766336e-02  8.766336e-02  8.766336e-02  8.766336e-02  8.766336e-02  8.766336e-02
-1.113699  8.802980e-02  8.802980e-02  8.802980e-02  8.802980e-02  8.802980e-02  8.802980e-02
-1.112052  8.839763e-02  8.839763e-02  8.839763e-02  8.839763e-02  8.839763e-02  8.839763e-02
-1.110404  8.876687e-02  8.876687e-02  8.876687e-02  8.876687e-02  8.876687e-02  8.876687e-02
-1.108756  8.913752e-02  8.913752e-02  8.913752e-02  8.913752e-02  8.913752e-02  8.913752e-02
-1.107108  8.950959e-02  8.950959e-02  8.950959e-02  8.950959e-02  8.950959e-02  8.950959e-02
-1.105460  8.988307e-02  8.988307e-02  8.988307e-02  8.988307e-02  8.988307e-02  8.988307e-02
-1.103813  9.025798e-02  9.025798e-02  9.025798e-02  9.025798e-02  9.025798e-02  9.025798e-02
-1.102165  9.063432e-02  9.063432e-02  9.063432e-02  9.063432e-02  9.063432e-02  9.063432e-02
-1.100517  9.101210e-02  9.101210e-02  9.101210e-02  9.101210e-02  9.101210e-02  9.101210e-02
-1.098869  9.139133e-02  9.139133e-02  9.139133e-02  9.139133e-02  9.139133e-02  9.139133e-02
-1.097221  9.177199e-02  9.177199e-02  9.177199e-02  9.177199e-02  9.177199e-02  9.177199e-02
-1.095573  9.215412e-02  9.215412e-02  9.215412e-02  9.215412e-02  9.215412e-02  9.215412e-02
-1.093926  9.253770e-02  9.253770e-02  9.253770e-02  9.253770e-02  9.253770e-02  9.253770e-02
-1.092278  9.292274e-02  9.292274e-02  9.292274e-02  9.292274e-02  9.292274e-02  9.292274e-02
-1.090630  9.330926e-02  9.330926e-02  9.330926e-02  9.330926e-02  9.330926e-02  9.330926e-02
-1.088982  9.369725e-02  9.369725e-02  9.369725e-02  9.369725e-02  9.369725e-02  9.369725e-02
-1.087334  9.408672e-02  9.408672e-02  9.408672e-02  9.408672e-02  9.408672e-02  9.408672e-02
-1.085687  9.447767e-02  9.447767e-02  9.447767e-02  9.447767e-02  9.447767e-02  9.447767e-02
-1.084039  9.487012e-02  9.487012e-02  9.487012e-02  9.487012e-02  9.487012e-02  9.487012e-02
-1.082391  9.526407e-02  9.526407e-02  9.526407e-02  9.526407e-02  9.526407e-02  9.526407e-02
-1.080743  9.565952e-02  9.565952e-02  9.565952e-02  9.565952e-02  9.565952e-02  9.565952e-02
-1.079095  9.605648e-02  9.605648e-02  9.605648e-02  9.605648e-02  9.605648e-02  9.605648e-02
-1.077447  9.645495e-02  9.645495e-02  9.645495e-02  9.645495e-02  9.645495e-02  9.645495e-02
-1.075800  9.685495e-02  9.685495e-02  9.685495e-02  9.685495e-02  9.685495e-02  9.685495e-02
-1.074152  9.725647e-02  9.725647e-02  9.725647e-02  9.725647e-02  9.725647e-02  9.725647e-02
-1.072504  9.765952e-02  9.765952e-02  9.765952e-02  9.765952e-02  9.765952e-02  9.765952e-02
-1.070856  9.806411e-02  9.806411e-02  9.806411e-02  9.806411e-02  9.806411e-02  9.806411e-02
-1.069208  9.847025e-02  9.847025e-02  9.847025e-02  9.847025e-02  9.847025e-02  9.847025e-02
-1.067561  9.887793e-02  9.887793e-02  9.887793e-02  9.887793e-02  9.887793e-02  9.887793e-02
-1.065913  9.928717e-02  9.928717e-02  9.928717e-02  9.928717e-02  9.928717e-02  9.928717e-02
-1.064265  9.969797e-02  9.969797e-02  9.969797e-02  9.969797e-02  9.969797e-02  9.969797e-02
-1.062617  1.001103e-01  1.001103e-01  1.001103e-01  1.001103e-01  1.001103e-01  1.001103e-01
-1.060969  1.005243e-01  1.005243e-01  1.005243e-01  1.005243e-01  1.005243e-01  1.005243e-01
-1.059321  1.009398e-01  1.009398e-01  1.009398e-01  1.009398e-01  1.009398e-01  1.009398e-01
-1.057674  1.013569e-01  1.013569e-01  1.013569e-01  1.013569e-01  1.013569e-01  1.013569e-01
-1.056026  1.017756e-01  1.017756e-01  1.017756e-01  1.017756e-01  1.017756e-01  1.017756e-01
-1.054378  1.021959e-01  1.021959e-01  1.021959e-01  1.021959e-01  1.021959e-01  1.021959e-01
-1.052730  1.026178e-01  1.026178e-01  1.026178e-01  1.026178e-01  1.026178e-01  1.026178e-01
-1.051082  1.030413e-01  1.030413e-01  1.030413e-01  1.030413e-01  1.030413e-01  1.030413e-01
-1.049435  1.034664e-01  1.034664e-01  1.034664e-01  1.034664e-01  1.034664e-01  1.034664e-01
-1.047787  1.038932e-01  1.038932e-01  1.038932e-01  1.038932e-01  1.038932e-01  1.038932e-01
-1.046139  1.043215e-01  1.043215e-01  1.043215e-01  1.043215e-01  1.043215e-01  1.043215e-01
-1.044491  1.047515e-01  1.047515e-01  1.047515e-01  1.047515e-01  1.047515e-01  1.047515e-01
-1.042843  1.051832e-01  1.051832e-01  1.051832e-01  1.051832e-01  1.051832e-01  1.051832e-01
-1.041195  1.056165e-01  1.056165e-01  1.056165e-01  1.056165e-01  1.056165e-01  1.056165e-01
-1.039548  1.060514e-01  1.060514e-01  1.060514e-01  1.060514e-01  1.060514e-01  1.060514e-01
-1.037900  1.064880e-01  1.064880e-01  1.064880e-01  1.064880e-01  1.064880e-01  1.064880e-01
-1.036252  1.069263e-01  1.069263e-01  1.069263e-01  1.069263e-01  1.069263e-01  1.069263e-01
-1.034604  1.073662e-01  1.073662e-01  1.073662e-01  1.073662e-01  1.073662e-01  1.073662e-01
-1.032956  1.078078e-01  1.078078e-01  1.078078e-01  1.078078e-01  1.078078e-01  1.078078e-01
-1.031309  1.082511e-01  1.082511e-01  1.082511e-01  1.082511e-01  1.082511e-01  1.082511e-01
-1.029661  1.086961e-01  1.086961e-01  1.086961e-01  1.086961e-01  1.086961e-01  1.086961e-01
-1.028013  1.091428e-01  1.091428e-01  1.091428e-01  1.091428e-01  1.091428e-01  1.091428e-01
-1.026365  1.095912e-01  1.095912e-01  1.095912e-01  1.095912e-01  1.095912e-01  1.095912e-01
-1.024717  1.100413e-01  1.100413e-01  1.100413e-01  1.100413e-01  1.100413e-01  1.100413e-01
-1.023069  1.104931e-01  1.104931e-01  1.104931e-01  1.104931e-01  1.104931e-01  1.104931e-01
-1.021422  1.109466e-01  1.109466e-01  1.109466e-01  1.109466e-01  1.109466e-01  1.109466e-01
-1.019774  1.114019e-01  1.114019e-01  1.114019e-01  1.114019e-01  1.114019e-01  1.114019e-01
-1.018126  1.118589e-01  1.118589e-01  1.118589e-01  1.118589e-01  1.118589e-01  1.118589e-01
-1.016478  1.123177e-01  1.123177e-01  1.123177e-01  1.123177e-01  1.123177e-01  1.123177e-01
-1.014830  1.127782e-01  1.127782e-01  1.127782e-01  1.127782e-01  1.127782e-01  1.127782e-01
-1.013183  1.132404e-01  1.132404e-01  1.132404e-01  1.132404e-01  1.132404e-01  1.132404e-01
-1.011535  1.137044e-01  1.137044e-01  1.137044e-01  1.137044e-01  1.137044e-01  1.137044e-01
-1.009887  1.141702e-01  1.141702e-01  1.141702e-01  1.141702e-01  1.141702e-01  1.141702e-01
-1.008239  1.146378e-01  1.146378e-01  1.146378e-01  1.146378e-01  1.146378e-01  1.146378e-01
-1.006591  1.151071e-01  1.151071e-01  1.151071e-01  1.151071e-01  1.151071e-01  1.151071e-01
-1.004943  1.155782e-01  1.155782e-01  1.155782e-01  1.155782e-01  1.155782e-01  1.155782e-01
-1.003296  1.160511e-01  1.160511e-01  1.160511e-01  1.160511e-01  1.160511e-01  1.160511e-01
-1.001648  1.165259e-01  1.165259e-01  1.165259e-01  1.165259e-01  1.165259e-01  1.165259e-01
-1.000000  1.170024e-01  1.170024e-01  1.170024e-01  1.170024e-01  1.170024e-01  1.170024e-01
