-2.30103 0 0 0 0.000568 0 0
-2.29973 0 0 0 0.000583587 0 0
-2.29843 0 0 0 0.000599388 0 0
-2.29712 0 0 0 0.000615409 0 0
-2.29582 0 0 0 0.000631655 0 0
-2.29452 0 0 0 0.000648131 0 0
-2.29322 0 0 0 0.000664844 0 0
-2.29191 0 0 0 0.000681798 0 0
-2.29061 0 0 0 0.000698998 0 0
-2.28931 0 0 0 0.000716452 0 0
-2.28801 0 0 0 0.000734164 0 0
-2.2867 0 0 0 0.00075214 0 0
-2.2854 0 0 0 0.000770386 0 0
-2.2841 0 0 0 0.000788908 0 0
-2.2828 0 0 0 0.000807709 0 0
-2.2815 0 0 0 0.000826788 0 0
-2.28019 0 0 0 0.00084614 0 0
-2.27889 0 0 0 0.00086576 0 0
-2.27759 0 0 0 0.000885644 0 0
-2.27629 0 0 0 0.000905787 0 0
-2.27498 0 0 0 0.000926184 0 0
-2.27368 0 0 0 0.000946831 0 0
-2.27238 0 0 0 0.000967723 0 0
-2.27108 0 0 0 0.000988854 0 0
-2.26977 0 0 0 0.00101022 0 0
-2.26847 0 0 0 0.00103182 0 0
-2.26717 0 0 0 0.00105364 0 0
-2.26587 0 0 0 0.00107569 0 0
-2.26456 0 0 0 0.00109797 0 0
-2.26326 0 0 0 0.0011205 0 0
-2.26196 0 0 0 0.00114328 0 0
-2.26066 0 0 0 0.00116631 0 0
-2.25936 0 0 0 0.00118962 0 0
-2.25805 0 0 0 0.0012132 0 0
-2.25675 0 0 0 0.00123707 0 0
-2.25545 0 0 0 0.00126124 0 0
-2.25415 0 0 0 0.00128571 0 0
-2.25284 0 0 0 0.00131049 0 0
-2.25154 0 0 0 0.0013356 0 0
-2.25024 0 0 0 0.00136104 0 0
-2.24894 0 0 0 0.00138679 0 0
-2.24763 0 0 0 0.00141284 0 0
-2.24633 0 0 0 0.00143919 0 0
-2.24503 0 0 0 0.00146582 0 0
-2.24373 0 0 0 0.00149273 0 0
-2.24243 0 0 0 0.00151989 0 0
-2.24112 0 0 0 0.00154729 0 0
-2.23982 0 0 0 0.00157494 0 0
-2.23852 0 0 0 0.0016028 0 0
-2.23722 0 0 0 0.00163088 0 0
-2.23591 0 0 0 0.00165915 0 0
-2.23461 0 0 0 0.00168763 0 0
-2.23331 0 0 0 0.00171635 0 0
-2.23201 0 0 0 0.00174533 0 0
-2.2307 0 0 0 0.00177459 0 0
-2.2294 0 0 0 0.00180417 0 0
-2.2281 0 0 0 0.00183409 0 0
-2.2268 0 0 0 0.00186438 0 0
-2.22549 0 0 0 0.00189506 0 0
-2.22419 0 0 0 0.00192618 0 0
-2.22289 0 0 0 0.00195775 0 0
-2.22159 0 0 0 0.0019898 0 0
-2.22029 0 0 0 0.00202234 0 0
-2.21898 0 0 0 0.00205532 0 0
-2.21768 0 0 0 0.00208871 0 0
-2.21638 0 0 0 0.00212244 0 0
-2.21508 0 0 0 0.00215647 0 0
-2.21377 0 0 0 0.00219074 0 0
-2.21247 0 0 0 0.00222522 0 0
-2.21117 0 0 0 0.00225984 0 0
-2.20987 0 0 0 0.00229456 0 0
-2.20856 0 0 0 0.00232932 0 0
-2.20726 0 0 0 0.00236408 0 0
-2.20596 0 0 0 0.00239881 0 0
-2.20466 0 0 0 0.00243359 0 0
-2.20336 0 0 0 0.00246849 0 0
-2.20205 0 0 0 0.00250358 0 0
-2.20075 0 0 0 0.00253892 0 0
-2.19945 0 0 0 0.0025746 0 0
-2.19815 0 0 0 0.00261068 0 0
-2.19684 0 0 0 0.00264724 0 0
-2.19554 0 0 0 0.00268435 0 0
-2.19424 0 0 0 0.0027221 0 0
-2.19294 0 0 0 0.00276053 0 0
-2.19163 0 0 0 0.00279964 0 0
-2.19033 0 0 0 0.00283934 0 0
-2.18903 0 0 0 0.00287956 0 0
-2.18773 0 0 0 0.00292021 0 0
-2.18642 0 0 0 0.00296123 0 0
-2.18512 0 0 0 0.00300252 0 0
-2.18382 0 0 0 0.00304401 0 0
-2.18252 0 0 0 0.00308561 0 0
-2.18122 0 0 0 0.00312725 0 0
-2.17991 0 0 0 0.00316885 0 0
-2.17861 0 0 0 0.00321038 0 0
-2.17731 0 0 0 0.00325193 0 0
-2.17601 0 0 0 0.00329357 0 0
-2.1747 0 0 0 0.00333538 0 0
-2.1734 0 0 0 0.00337743 0 0
-2.1721 0 0 0 0.00341981 0 0
-2.1708 0 0 0 0.00346259 0 0
-2.16949 0 0 0 0.00350585 0 0
-2.16819 0 0 0 0.00354968 0 0
-2.16689 0 0 0 0.00359414 0 0
-2.16559 0 0 0 0.00363927 0 0
-2.16429 0 0 0 0.00368501 0 0
-2.16298 0 0 0 0.00373133 0 0
-2.16168 0 0 0 0.00377817 0 0
-2.16038 0 0 0 0.00382548 0 0
-2.15908 0 0 0 0.00387323 0 0
-2.15777 0 0 0 0.00392135 0 0
-2.15647 0 0 0 0.00396981 0 0
-2.15517 0 0 0 0.00401855 0 0
-2.15387 0 0 0 0.00406754 0 0
-2.15256 0 0 0 0.00411676 0 0
-2.15126 0 0 0 0.00416623 0 0
-2.14996 0 0 0 0.00421596 0 0
-2.14866 0 0 0 0.00426598 0 0
-2.14735 0 0 0 0.00431629 0 0
-2.14605 0 0 0 0.0043669 0 0
-2.14475 0 0 0 0.00441784 0 0
-2.14345 0 0 0 0.00446911 0 0
-2.14215 0 0 0 0.00452074 0 0
-2.14084 0 0 0 0.00457272 0 0
-2.13954 0 0 0 0.00462506 0 0
-2.13824 0 0 0 0.00467774 0 0
-2.13694 0 0 0 0.00473077 0 0
-2.13563 0 0 0 0.00478415 0 0
-2.13433 0 0 0 0.00483786 0 0
-2.13303 0 0 0 0.0048919 0 0
-2.13173 0 0 0 0.00494626 0 0
-2.13042 0 0 0 0.00500096 0 0
-2.12912 0 0 0 0.00505597 0 0
-2.12782 0 0 0 0.00511131 0 0
-2.12652 0 0 0 0.00516698 0 0
-2.12522 0 0 0 0.00522299 0 0
-2.12391 0 0 0 0.00527935 0 0
-2.12261 0 0 0 0.00533605 0 0
-2.12131 0 0 0 0.00539311 0 0
-2.12001 0 0 0 0.00545053 0 0
-2.1187 0 0 0 0.00550831 0 0
-2.1174 0 0 0 0.00556646 0 0
-2.1161 0 0 0 0.00562496 0 0
-2.1148 0 0 0 0.00568379 0 0
-2.11349 0 0 0 0.00574294 0 0
-2.11219 0 0 0 0.00580239 0 0
-2.11089 0 0 0 0.00586212 0 0
-2.10959 0 0 0 0.00592213 0 0
-2.10828 0 0 0 0.0059824 0 0
-2.10698 0 0 0 0.00604291 0 0
-2.10568 0 0 0 0.00610369 0 0
-2.10438 0 0 0 0.00616482 0 0
-2.10308 0 0 0 0.00622634 0 0
-2.10177 0 0 0 0.00628834 0 0
-2.10047 0 0 0 0.00635086 0 0
-2.09917 0 0 0 0.00641397 0 0
-2.09787 0 0 0 0.00647773 0 0
-2.09656 0 0 0 0.00654221 0 0
-2.09526 0 0 0 0.00660742 0 0
-2.09396 0 0 0 0.00667326 0 0
-2.09266 0 0 0 0.00673961 0 0
-2.09135 0 0 0 0.00680637 0 0
-2.09005 0 0 0 0.00687343 0 0
-2.08875 0 0 0 0.00694068 0 0
-2.08745 0 0 0 0.007008 0 0
-2.08615 0 0 0 0.00707529 0 0
-2.08484 0 0 0 0.00714246 0 0
-2.08354 0 0 0 0.00720961 0 0
-2.08224 0 0 0 0.00727685 0 0
-2.08094 0 0 0 0.00734431 0 0
-2.07963 0 0 0 0.00741211 0 0
-2.07833 0 0 0 0.00748036 0 0
-2.07703 0 0 0 0.0075492 0 0
-2.07573 0 0 0 0.00761874 0 0
-2.07442 0 0 0 0.00768907 0 0
-2.07312 0 0 0 0.00776014 0 0
-2.07182 0 0 0 0.00783186 0 0
-2.07052 0 0 0 0.00790414 0 0
-2.06921 0 0 0 0.00797689 0 0
-2.06791 0 0 0 0.00805001 0 0
-2.06661 0 0 0 0.00812341 0 0
-2.06531 0 0 0 0.008197 0 0
-2.06401 0 0 0 0.00827074 0 0
-2.0627 0 0 0 0.0083447 0 0
-2.0614 0 0 0 0.00841898 0 0
-2.0601 0 0 0 0.00849369 0 0
-2.0588 0 0 0 0.00856892 0 0
-2.05749 0 0 0 0.00864479 0 0
-2.05619 0 0 0 0.00872139 0 0
-2.05489 0 0 0 0.00879882 0 0
-2.05359 0 0 0 0.00887705 0 0
-2.05228 0 0 0 0.00895595 0 0
-2.05098 0 0 0 0.00903533 0 0
-2.04968 0 0 0 0.00911505 0 0
-2.04838 0 0 0 0.00919495 0 0
-2.04708 0 0 0 0.00927486 0 0
-2.04577 0 0 0 0.00935462 0 0
-2.04447 0 0 0 0.00943412 0 0
-2.04317 0 0 0 0.00951353 0 0
-2.04187 0 0 0 0.00959308 0 0
-2.04056 0 0 0 0.00967299 0 0
-2.03926 0 0 0 0.0097535 0 0
-2.03796 0 0 0 0.00983484 0 0
-2.03666 0 0 0 0.00991725 0 0
-2.03535 0 0 0 0.0100009 0 0
-2.03405 0 0 0 0.0100857 0 0
-2.03275 0 0 0 0.0101711 0 0
-2.03145 0 0 0 0.0102568 0 0
-2.03014 0 0 0 0.0103423 0 0
-2.02884 0 0 0 0.0104271 0 0
-2.02754 0 0 0 0.0105108 0 0
-2.02624 0 0 0 0.010593 0 0
-2.02494 0 0 0 0.010674 0 0
-2.02363 0 0 0 0.0107548 0 0
-2.02233 0 0 0 0.0108363 0 0
-2.02103 0 0 0 0.0109196 0 0
-2.01973 0 0 0 0.0110058 0 0
-2.01842 0 0 0 0.0110958 0 0
-2.01712 0 0 0 0.0111907 0 0
-2.01582 0 0 0 0.0112903 0 0
-2.01452 0 0 0 0.0113928 0 0
-2.01321 0 0 0 0.0114966 0 0
-2.01191 0 0 0 0.0116 0 0
-2.01061 0 0 0 0.0117012 0 0
-2.00931 0 0 0 0.0117984 0 0
-2.00801 0 0 0 0.0118901 0 0
-2.0067 0 0 0 0.0119764 0 0
-2.0054 0 0 0 0.012059 0 0
-2.0041 0 0 0 0.0121397 0 0
-2.0028 0 0 0 0.01222 0 0
-2.00149 0 0 0 0.012302 0 0
-2.00019 0 0 0 0.0123871 0 0
-1.99889 0 0 0 0.012477 0 0
-1.99759 0 0 0 0.0125711 0 0
-1.99628 0 0 0 0.0126683 0 0
-1.99498 0 0 0 0.0127673 0 0
-1.99368 0 0 0 0.012867 0 0
-1.99238 0 0 0 0.012966 0 0
-1.99107 0 0 0 0.0130632 0 0
-1.98977 0 0 0 0.0131581 0 0
-1.98847 0 0 0 0.0132515 0 0
-1.98717 0 0 0 0.0133444 0 0
-1.98587 0 0 0 0.013438 0 0
-1.98456 0 0 0 0.0135332 0 0
-1.98326 0 0 0 0.0136312 0 0
-1.98196 0 0 0 0.0137329 0 0
-1.98066 0 0 0 0.013838 0 0
-1.97935 0 0 0 0.0139457 0 0
-1.97805 0 0 0 0.0140551 0 0
-1.97675 0 0 0 0.0141656 0 0
-1.97545 0 0 0 0.014276 0 0
-1.97414 0 0 0 0.0143858 0 0
-1.97284 0 0 0 0.0144943 0 0
-1.97154 0 0 0 0.0146017 0 0
-1.97024 0 0 0 0.0147078 0 0
-1.96894 0 0 0 0.0148128 0 0
-1.96763 0 0 0 0.0149166 0 0
-1.96633 0 0 0 0.0150193 0 0
-1.96503 0 0 0 0.0151211 0 0
-1.96373 0 0 0 0.0152227 0 0
-1.96242 0 0 0 0.0153251 0 0
-1.96112 0 0 0 0.0154288 0 0
-1.95982 0 0 0 0.0155349 0 0
-1.95852 0 0 0 0.0156441 0 0
-1.95721 0 0 0 0.0157569 0 0
-1.95591 0 0 0 0.0158726 0 0
-1.95461 0 0 0 0.0159903 0 0
-1.95331 0 0 0 0.0161091 0 0
-1.952 0 0 0 0.0162281 0 0
-1.9507 0 0 0 0.0163465 0 0
-1.9494 0 0 0 0.0164634 0 0
-1.9481 0 0 0 0.016579 0 0
-1.9468 0 0 0 0.0166938 0 0
-1.94549 0 0 0 0.0168079 0 0
-1.94419 0 0 0 0.0169217 0 0
-1.94289 0 0 0 0.0170356 0 0
-1.94159 0 0 0 0.0171497 0 0
-1.94028 0 0 0 0.0172637 0 0
-1.93898 0 0 0 0.0173772 0 0
-1.93768 0 0 0 0.01749 0 0
-1.93638 0 0 0 0.0176016 0 0
-1.93507 0 0 0 0.0177118 0 0
-1.93377 0 0 0 0.0178207 0 0
-1.93247 0 0 0 0.0179293 0 0
-1.93117 0 0 0 0.0180389 0 0
-1.92987 0 0 0 0.0181504 0 0
-1.92856 0 0 0 0.018265 0 0
-1.92726 0 0 0 0.0183837 0 0
-1.92596 0 0 0 0.0185061 0 0
-1.92466 0 0 0 0.018631 0 0
-1.92335 0 0 0 0.0187569 0 0
-1.92205 0 0 0 0.0188825 0 0
-1.92075 0 0 0 0.0190066 0 0
-1.91945 0 0 0 0.0191282 0 0
-1.91814 0 0 0 0.0192484 0 0
-1.91684 0 0 0 0.0193685 0 0
-1.91554 0 0 0 0.0194899 0 0
-1.91424 0 0 0 0.019614 0 0
-1.91293 0 0 0 0.0197421 0 0
-1.91163 0 0 0 0.0198742 0 0
-1.91033 0 0 0 0.0200092 0 0
-1.90903 0 0 0 0.0201459 0 0
-1.90773 0 0 0 0.020283 0 0
-1.90642 0 0 0 0.0204194 0 0
-1.90512 0 0 0 0.0205541 0 0
-1.90382 0 0 0 0.0206875 0 0
-1.90252 0 0 0 0.0208198 0 0
-1.90121 0 0 0 0.0209514 0 0
-1.89991 0 0 0 0.0210827 0 0
-1.89861 0 0 0 0.021214 0 0
-1.89731 0 0 0 0.0213453 0 0
-1.896 0 0 0 0.0214762 0 0
-1.8947 0 0 0 0.0216067 0 0
-1.8934 0 0 0 0.0217365 0 0
-1.8921 0 0 0 0.0218652 0 0
-1.8908 0 0 0 0.0219931 0 0
-1.88949 0 0 0 0.0221209 0 0
-1.88819 0 0 0 0.0222491 0 0
-1.88689 0 0 0 0.0223782 0 0
-1.88559 0 0 0 0.022509 0 0
-1.88428 0 0 0 0.0226418 0 0
-1.88298 0 0 0 0.0227763 0 0
-1.88168 0 0 0 0.0229125 0 0
-1.88038 0 0 0 0.0230503 0 0
-1.87907 0 0 0 0.0231895 0 0
-1.87777 0 0 0 0.0233298 0 0
-1.87647 0 0 0 0.0234713 0 0
-1.87517 0 0 0 0.0236137 0 0
-1.87386 0 0 0 0.0237569 0 0
-1.87256 0 0 0 0.0239008 0 0
-1.87126 0 0 0 0.0240451 0 0
-1.86996 0 0 0 0.0241898 0 0
-1.86866 0 0 0 0.0243346 0 0
-1.86735 0 0 0 0.0244797 0 0
-1.86605 0 0 0 0.0246249 0 0
-1.86475 0 0 0 0.0247704 0 0
-1.86345 0 0 0 0.0249162 0 0
-1.86214 0 0 0 0.0250622 0 0
-1.86084 0 0 0 0.0252087 0 0
-1.85954 0 0 0 0.0253555 0 0
-1.85824 0 0 0 0.0255028 0 0
-1.85693 0 0 0 0.0256505 0 0
-1.85563 0 0 0 0.0257988 0 0
-1.85433 0 0 0 0.0259475 0 0
-1.85303 0 0 0 0.0260969 0 0
-1.85173 0 0 0 0.0262469 0 0
-1.85042 0 0 0 0.0263975 0 0
-1.84912 0 0 0 0.0265487 0 0
-1.84782 0 0 0 0.0267006 0 0
-1.84652 0 0 0 0.0268533 0 0
-1.84521 0 0 0 0.0270066 0 0
-1.84391 0 0 0 0.0271606 0 0
-1.84261 0 0 0 0.0273155 0 0
-1.84131 0 0 0 0.027471 0 0
-1.84 0 0 0 0.0276274 0 0
-1.8387 0 0 0 0.0277846 0 0
-1.8374 0 0 0 0.0279426 0 0
-1.8361 0 0 0 0.0281014 0 0
-1.8348 0 0 0 0.0282608 0 0
-1.83349 0 0 0 0.0284206 0 0
-1.83219 0 0 0 0.0285808 0 0
-1.83089 0 0 0 0.0287412 0 0
-1.82959 0 0 0 0.0289018 0 0
-1.82828 0 0 0 0.0290624 0 0
-1.82698 0 0 0 0.0292228 0 0
-1.82568 0 0 0 0.029383 0 0
-1.82438 0 0 0 0.0295427 0 0
-1.82307 0 0 0 0.029702 0 0
-1.82177 0 0 0 0.0298609 0 0
-1.82047 0 0 0 0.0300195 0 0
-1.81917 0 0 0 0.0301782 0 0
-1.81786 0 0 0 0.030337 0 0
-1.81656 0 0 0 0.0304963 0 0
-1.81526 0 0 0 0.0306562 0 0
-1.81396 0 0 0 0.0308169 0 0
-1.81266 0 0 0 0.0309786 0 0
-1.81135 0 0 0 0.0311417 0 0
-1.81005 0 0 0 0.0313062 0 0
-1.80875 0 0 0 0.0314724 0 0
-1.80745 0 0 0 0.0316403 0 0
-1.80614 0 0 0 0.0318098 0 0
-1.80484 0 0 0 0.0319808 0 0
-1.80354 0 0 0 0.0321531 0 0
-1.80224 0 0 0 0.0323266 0 0
-1.80093 0 0 0 0.0325012 0 0
-1.79963 0 0 0 0.0326769 0 0
-1.79833 0 0 0 0.0328534 0 0
-1.79703 0 0 0 0.0330307 0 0
-1.79573 0 0 0 0.0332087 0 0
-1.79442 0 0 0 0.0333872 0 0
-1.79312 0 0 0 0.0335662 0 0
-1.79182 0 0 0 0.0337455 0 0
-1.79052 0 0 0 0.0339251 0 0
-1.78921 0 0 0 0.034105 0 0
-1.78791 0 0 0 0.034285 0 0
-1.78661 0 0 0 0.034465 0 0
-1.78531 0 0 0 0.0346451 0 0
-1.784 0 0 0 0.034825 0 0
-1.7827 0 0 0 0.0350047 0 0
-1.7814 0 0 0 0.0351842 0 0
-1.7801 0 0 0 0.0353635 0 0
-1.77879 0 0 0 0.0355427 0 0
-1.77749 0 0 0 0.035722 0 0
-1.77619 0 0 0 0.0359014 0 0
-1.77489 0 0 0 0.0360812 0 0
-1.77359 0 0 0 0.0362614 0 0
-1.77228 0 0 0 0.0364421 0 0
-1.77098 0 0 0 0.0366235 0 0
-1.76968 0 0 0 0.0368057 0 0
-1.76838 0 0 0 0.0369887 0 0
-1.76707 0 0 0 0.0371727 0 0
-1.76577 0 0 0 0.0373576 0 0
-1.76447 0 0 0 0.0375433 0 0
-1.76317 0 0 0 0.0377298 0 0
-1.76186 0 0 0 0.0379171 0 0
-1.76056 0 0 0 0.0381051 0 0
-1.75926 0 0 0 0.0382939 0 0
-1.75796 0 0 0 0.0384833 0 0
-1.75666 0 0 0 0.0386734 0 0
-1.75535 0 0 0 0.0388642 0 0
-1.75405 0 0 0 0.0390556 0 0
-1.75275 0 0 0 0.0392476 0 0
-1.75145 0 0 0 0.0394403 0 0
-1.75014 0 0 0 0.0396336 0 0
-1.74884 0 0 0 0.0398275 0 0
-1.74754 0 0 0 0.0400222 0 0
-1.74624 0 0 0 0.0402174 0 0
-1.74493 0 0 0 0.0404133 0 0
-1.74363 0 0 0 0.0406099 0 0
-1.74233 0 0 0 0.0408071 0 0
-1.74103 0 0 0 0.0410051 0 0
-1.73972 0 0 0 0.0412038 0 0
-1.73842 0 0 0 0.0414033 0 0
-1.73712 0 0 0 0.0416036 0 0
-1.73582 0 0 0 0.0418048 0 0
-1.73452 0 0 0 0.042007 0 0
-1.73321 0 0 0 0.0422101 0 0
-1.73191 0 0 0 0.0424141 0 0
-1.73061 0 0 0 0.0426191 0 0
-1.72931 0 0 0 0.0428248 0 0
-1.728 0 0 0 0.0430311 0 0
-1.7267 0 0 0 0.0432379 0 0
-1.7254 0 0 0 0.0434449 0 0
-1.7241 0 0 0 0.0436521 0 0
-1.72279 0 0 0 0.0438593 0 0
-1.72149 0 0 0 0.0440662 0 0
-1.72019 0 0 0 0.0442729 0 0
-1.71889 0 0 0 0.0444793 0 0
-1.71759 0 0 0 0.0446856 0 0
-1.71628 0 0 0 0.0448919 0 0
-1.71498 0 0 0 0.0450984 0 0
-1.71368 0 0 0 0.0453052 0 0
-1.71238 0 0 0 0.0455124 0 0
-1.71107 0 0 0 0.0457201 0 0
-1.70977 0 0 0 0.0459286 0 0
-1.70847 0 0 0 0.046138 0 0
-1.70717 0 0 0 0.046349 0 0
-1.70586 0 0 0 0.046562 0 0
-1.70456 0 0 0 0.0467778 0 0
-1.70326 0 0 0 0.046997 0 0
-1.70196 0 0 0 0.04722 0 0
-1.70065 0 0 0 0.0474477 0 0
-1.69935 0 0 0 0.0476805 0 0
-1.69805 0 0 0 0.0479191 0 0
-1.69675 0 0 0 0.0481624 0 0
-1.69545 0 0 0 0.048409 0 0
-1.69414 0 0 0 0.0486572 0 0
-1.69284 0 0 0 0.0489054 0 0
-1.69154 0 0 0 0.0491519 0 0
-1.69024 0 0 0 0.0493949 0 0
-1.68893 0 0 0 0.049633 0 0
-1.68763 0 0 0 0.0498644 0 0
-1.68633 0 0 0 0.0500885 0 0
-1.68503 0 0 0 0.0503061 0 0
-1.68372 0 0 0 0.0505177 0 0
-1.68242 0 0 0 0.0507242 0 0
-1.68112 0 0 0 0.0509262 0 0
-1.67982 0 0 0 0.0511244 0 0
-1.67852 0 0 0 0.0513196 0 0
-1.67721 0 0 0 0.0515124 0 0
-1.67591 0 0 0 0.0517041 0 0
-1.67461 0 0 0 0.0518964 0 0
-1.67331 0 0 0 0.0520911 0 0
-1.672 0 0 0 0.0522899 0 0
-1.6707 0 0 0 0.0524946 0 0
-1.6694 0 0 0 0.052707 0 0
-1.6681 0 0 0 0.0529289 0 0
-1.66679 0 0 0 0.053162 0 0
-1.66549 0 0 0 0.053406 0 0
-1.66419 0 0 0 0.0536587 0 0
-1.66289 0 0 0 0.0539181 0 0
-1.66158 0 0 0 0.054182 0 0
-1.66028 0 0 0 0.0544483 0 0
-1.65898 0 0 0 0.054715 0 0
-1.65768 0 0 0 0.0549797 0 0
-1.65638 0 0 0 0.0552408 0 0
-1.65507 0 0 0 0.0554981 0 0
-1.65377 0 0 0 0.0557523 0 0
-1.65247 0 0 0 0.0560038 0 0
-1.65117 0 0 0 0.0562533 0 0
-1.64986 0 0 0 0.0565012 0 0
-1.64856 0 0 0 0.0567481 0 0
-1.64726 0 0 0 0.0569945 0 0
-1.64596 0 0 0 0.0572408 0 0
-1.64465 0 0 0 0.0574871 0 0
-1.64335 0 0 0 0.0577335 0 0
-1.64205 0 0 0 0.0579799 0 0
-1.64075 0 0 0 0.0582264 0 0
-1.63945 0 0 0 0.0584732 0 0
-1.63814 0 0 0 0.0587202 0 0
-1.63684 0 0 0 0.0589674 0 0
-1.63554 0 0 0 0.059214 0 0
-1.63424 0 0 0 0.0594592 0 0
-1.63293 0 0 0 0.0597021 0 0
-1.63163 0 0 0 0.059942 0 0
-1.63033 0 0 0 0.0601779 0 0
-1.62903 0 0 0 0.060409 0 0
-1.62772 0 0 0 0.060635 0 0
-1.62642 0 0 0 0.0608585 0 0
-1.62512 0 0 0 0.0610828 0 0
-1.62382 0 0 0 0.0613115 0 0
-1.62251 0 0 0 0.0615479 0 0
-1.62121 0 0 0 0.0617956 0 0
-1.61991 0 0 0 0.062058 0 0
-1.61861 0 0 0 0.0623375 0 0
-1.61731 0 0 0 0.0626304 0 0
-1.616 0 0 0 0.0629308 0 0
-1.6147 0 0 0 0.0632329 0 0
-1.6134 0 0 0 0.0635307 0 0
-1.6121 0 0 0 0.0638183 0 0
-1.61079 0 0 0 0.0640897 0 0
-1.60949 0 0 0 0.0643409 0 0
-1.60819 0 0 0 0.0645752 0 0
-1.60689 0 0 0 0.0647975 0 0
-1.60558 0 0 0 0.0650128 0 0
-1.60428 0 0 0 0.0652261 0 0
-1.60298 0 0 0 0.0654425 0 0
-1.60168 0 0 0 0.0656671 0 0
-1.60038 0 0 0 0.0659027 0 0
-1.59907 0 0 0 0.0661489 0 0
-1.59777 0 0 0 0.0664048 0 0
-1.59647 0 0 0 0.0666695 0 0
-1.59517 0 0 0 0.0669421 0 0
-1.59386 0 0 0 0.0672216 0 0
-1.59256 0 0 0 0.0675072 0 0
-1.59126 0 0 0 0.0677979 0 0
-1.58996 0 0 0 0.0680928 0 0
-1.58865 0 0 0 0.068391 0 0
-1.58735 0 0 0 0.0686915 0 0
-1.58605 0 0 0 0.0689933 0 0
-1.58475 0 0 0 0.0692956 0 0
-1.58344 0 0 0 0.0695976 0 0
-1.58214 0 0 0 0.0698992 0 0
-1.58084 0 0 0 0.0702 0 0
-1.57954 0 0 0 0.0705002 0 0
-1.57824 0 0 0 0.0707994 0 0
-1.57693 0 0 0 0.0710975 0 0
-1.57563 0 0 0 0.0713945 0 0
-1.57433 0 0 0 0.0716901 0 0
-1.57303 0 0 0 0.0719843 0 0
-1.57172 0 0 0 0.0722768 0 0
-1.57042 0 0 0 0.0725675 0 0
-1.56912 0 0 0 0.0728564 0 0
-1.56782 0 0 0 0.0731431 0 0
-1.56651 0 0 0 0.0734281 0 0
-1.56521 0 0 0 0.0737117 0 0
-1.56391 0 0 0 0.0739944 0 0
-1.56261 0 0 0 0.0742767 0 0
-1.56131 0 0 0 0.074559 0 0
-1.56 0 0 0 0.0748419 0 0
-1.5587 0 0 0 0.0751258 0 0
-1.5574 0 0 0 0.0754112 0 0
-1.5561 0 0 0 0.0756986 0 0
-1.55479 0 0 0 0.0759885 0 0
-1.55349 0 0 0 0.0762813 0 0
-1.55219 0 0 0 0.0765776 0 0
-1.55089 0 0 0 0.0768773 0 0
-1.54958 0 0 0 0.0771799 0 0
-1.54828 0 0 0 0.0774848 0 0
-1.54698 0 0 0 0.0777915 0 0
-1.54568 0 0 0 0.0780993 0 0
-1.54437 0 0 0 0.0784078 0 0
-1.54307 0 0 0 0.0787164 0 0
-1.54177 0 0 0 0.0790244 0 0
-1.54047 0 0 0 0.0793313 0 0
-1.53917 0 0 0 0.0796366 0 0
-1.53786 0 0 0 0.0799395 0 0
-1.53656 0 0 0 0.0802397 0 0
-1.53526 0 0 0 0.0805374 0 0
-1.53396 0 0 0 0.0808329 0 0
-1.53265 0 0 0 0.0811268 0 0
-1.53135 0 0 0 0.0814197 0 0
-1.53005 0 0 0 0.0817119 0 0
-1.52875 0 0 0 0.0820041 0 0
-1.52744 0 0 0 0.0822967 0 0
-1.52614 0 0 0 0.0825902 0 0
-1.52484 0 0 0 0.0828852 0 0
-1.52354 0 0 0 0.0831822 0 0
-1.52224 0 0 0 0.0834816 0 0
-1.52093 0 0 0 0.0837839 0 0
-1.51963 0 0 0 0.0840888 0 0
-1.51833 0 0 0 0.0843966 0 0
-1.51703 0 0 0 0.0847072 0 0
-1.51572 0 0 0 0.0850205 0 0
-1.51442 0 0 0 0.0853366 0 0
-1.51312 0 0 0 0.0856555 0 0
-1.51182 0 0 0 0.0859773 0 0
-1.51051 0 0 0 0.0863018 0 0
-1.50921 0 0 0 0.0866291 0 0
-1.50791 0 0 0 0.0869593 0 0
-1.50661 0 0 0 0.0872919 0 0
-1.5053 0 0 0 0.0876264 0 0
-1.504 0 0 0 0.0879624 0 0
-1.5027 0 0 0 0.0882991 0 0
-1.5014 0 0 0 0.088636 0 0
-1.5001 0 0 0 0.0889725 0 0
-1.49879 0 0 0 0.0893082 0 0
-1.49749 0 0 0 0.0896422 0 0
-1.49619 0 0 0 0.0899742 0 0
-1.49489 0 0 0 0.0903034 0 0
-1.49358 0 0 0 0.0906295 0 0
-1.49228 0 0 0 0.090953 0 0
-1.49098 0 0 0 0.0912747 0 0
-1.48968 0 0 0 0.0915952 0 0
-1.48837 0 0 0 0.0919155 0 0
-1.48707 0 0 0 0.0922363 0 0
-1.48577 0 0 0 0.0925584 0 0
-1.48447 0 0 0 0.0928824 0 0
-1.48317 0 0 0 0.0932094 0 0
-1.48186 0 0 0 0.0935399 0 0
-1.48056 0 0 0 0.0938748 0 0
-1.47926 0 0 0 0.0942138 0 0
-1.47796 0 0 0 0.094556 0 0
-1.47665 0 0 0 0.0949008 0 0
-1.47535 0 0 0 0.0952472 0 0
-1.47405 0 0 0 0.0955945 0 0
-1.47275 0 0 0 0.0959418 0 0
-1.47144 0 0 0 0.0962883 0 0
-1.47014 0 0 0 0.0966331 0 0
-1.46884 0 0 0 0.0969755 0 0
-1.46754 0 0 0 0.0973147 0 0
-1.46623 0 0 0 0.0976509 0 0
-1.46493 0 0 0 0.0979848 0 0
-1.46363 0 0 0 0.0983171 0 0
-1.46233 0 0 0 0.0986484 0 0
-1.46103 0 0 0 0.0989795 0 0
-1.45972 0 0 0 0.0993111 0 0
-1.45842 0 0 0 0.0996438 0 0
-1.45712 0 0 0 0.0999785 0 0
-1.45582 0 0 0 0.100316 0 0
-1.45451 0 0 0 0.100656 0 0
-1.45321 0 0 0 0.101 0 0
-1.45191 0 0 0 0.101347 0 0
-1.45061 0 0 0 0.101697 0 0
-1.4493 0 0 0 0.102051 0 0
-1.448 0 0 0 0.102408 0 0
-1.4467 0 0 0 0.102768 0 0
-1.4454 0 0 0 0.103132 0 0
-1.4441 0 0 0 0.103498 0 0
-1.44279 0 0 0 0.103868 0 0
-1.44149 0 0 0 0.104241 0 0
-1.44019 0 0 0 0.104616 0 0
-1.43889 0 0 0 0.104992 0 0
-1.43758 0 0 0 0.105369 0 0
-1.43628 0 0 0 0.105745 0 0
-1.43498 0 0 0 0.10612 0 0
-1.43368 0 0 0 0.106494 0 0
-1.43237 0 0 0 0.106864 0 0
-1.43107 0 0 0 0.107231 0 0
-1.42977 0 0 0 0.107595 0 0
-1.42847 0 0 0 0.107957 0 0
-1.42717 0 0 0 0.108317 0 0
-1.42586 0 0 0 0.108677 0 0
-1.42456 0 0 0 0.109038 0 0
-1.42326 0 0 0 0.109401 0 0
-1.42196 0 0 0 0.109768 0 0
-1.42065 0 0 0 0.110138 0 0
-1.41935 0 0 0 0.110513 0 0
-1.41805 0 0 0 0.110893 0 0
-1.41675 0 0 0 0.111277 0 0
-1.41544 0 0 0 0.111663 0 0
-1.41414 0 0 0 0.112051 0 0
-1.41284 0 0 0 0.112438 0 0
-1.41154 0 0 0 0.112825 0 0
-1.41023 0 0 0 0.11321 0 0
-1.40893 0 0 0 0.113591 0 0
-1.40763 0 0 0 0.113967 0 0
-1.40633 0 0 0 0.114341 0 0
-1.40503 0 0 0 0.114712 0 0
-1.40372 0 0 0 0.115083 0 0
-1.40242 0 0 0 0.115454 0 0
-1.40112 0 0 0 0.115826 0 0
-1.39982 0 0 0 0.116202 0 0
-1.39851 0 0 0 0.116581 0 0
-1.39721 0 0 0 0.116966 0 0
-1.39591 0 0 0 0.117356 0 0
-1.39461 0 0 0 0.117751 0 0
-1.3933 0 0 0 0.118147 0 0
-1.392 0 0 0 0.118546 0 0
-1.3907 0 0 0 0.118944 0 0
-1.3894 0 0 0 0.119341 0 0
-1.3881 0 0 0 0.119736 0 0
-1.38679 0 0 0 0.120127 0 0
-1.38549 0 0 0 0.120513 0 0
-1.38419 0 0 0 0.120896 0 0
-1.38289 0 0 0 0.121278 0 0
-1.38158 0 0 0 0.121659 0 0
-1.38028 0 0 0 0.122042 0 0
-1.37898 0 0 0 0.122427 0 0
-1.37768 0 0 0 0.122816 0 0
-1.37637 0 0 0 0.12321 0 0
-1.37507 0 0 0 0.12361 0 0
-1.37377 0 0 0 0.124015 0 0
-1.37247 0 0 0 0.124422 0 0
-1.37116 0 0 0 0.124832 0 0
-1.36986 0 0 0 0.125241 0 0
-1.36856 0 0 0 0.125649 0 0
-1.36726 0 0 0 0.126055 0 0
-1.36596 0 0 0 0.126456 0 0
-1.36465 0 0 0 0.126853 0 0
-1.36335 0 0 0 0.127247 0 0
-1.36205 0 0 0 0.12764 0 0
-1.36075 0 0 0 0.128032 0 0
-1.35944 0 0 0 0.128427 0 0
-1.35814 0 0 0 0.128825 0 0
-1.35684 0 0 0 0.129227 0 0
-1.35554 0 0 0 0.129636 0 0
-1.35423 0 0 0 0.13005 0 0
-1.35293 0 0 0 0.130468 0 0
-1.35163 0 0 0 0.130888 0 0
-1.35033 0 0 0 0.131309 0 0
-1.34903 0 0 0 0.131729 0 0
-1.34772 0 0 0 0.132147 0 0
-1.34642 0 0 0 0.132561 0 0
-1.34512 0 0 0 0.132969 0 0
-1.34382 0 0 0 0.133375 0 0
-1.34251 0 0 0 0.133779 0 0
-1.34121 0 0 0 0.134184 0 0
-1.33991 0 0 0 0.13459 0 0
-1.33861 0 0 0 0.135 0 0
-1.3373 0 0 0 0.135415 0 0
-1.336 0 0 0 0.135836 0 0
-1.3347 0 0 0 0.136263 0 0
-1.3334 0 0 0 0.136694 0 0
-1.33209 0 0 0 0.137126 0 0
-1.33079 0 0 0 0.137559 0 0
-1.32949 0 0 0 0.13799 0 0
-1.32819 0 0 0 0.138417 0 0
-1.32689 0 0 0 0.13884 0 0
-1.32558 0 0 0 0.139259 0 0
-1.32428 0 0 0 0.139676 0 0
-1.32298 0 0 0 0.140092 0 0
-1.32168 0 0 0 0.140509 0 0
-1.32037 0 0 0 0.14093 0 0
-1.31907 0 0 0 0.141355 0 0
-1.31777 0 0 0 0.141787 0 0
-1.31647 0 0 0 0.142226 0 0
-1.31516 0 0 0 0.142668 0 0
-1.31386 0 0 0 0.143112 0 0
-1.31256 0 0 0 0.143557 0 0
-1.31126 0 0 0 0.144 0 0
-1.30996 0 0 0 0.144439 0 0
-1.30865 0 0 0 0.144874 0 0
-1.30735 0 0 0 0.145304 0 0
-1.30605 0 0 0 0.145732 0 0
-1.30475 0 0 0 0.146161 0 0
-1.30344 0 0 0 0.146591 0 0
-1.30214 0 0 0 0.147025 0 0
-1.30084 0 0 0 0.147465 0 0
-1.29954 0 0 0 0.147912 0 0
-1.29823 0 0 0 0.148364 0 0
-1.29693 0 0 0 0.14882 0 0
-1.29563 0 0 0 0.149277 0 0
-1.29433 0 0 0 0.149733 0 0
-1.29302 0 0 0 0.150186 0 0
-1.29172 0 0 0 0.150635 0 0
-1.29042 0 0 0 0.151079 0 0
-1.28912 0 0 0 0.151521 0 0
-1.28782 0 0 0 0.151962 0 0
-1.28651 0 0 0 0.152404 0 0
-1.28521 0 0 0 0.152849 0 0
-1.28391 0 0 0 0.1533 0 0
-1.28261 0 0 0 0.153758 0 0
-1.2813 0 0 0 0.154221 0 0
-1.28 0 0 0 0.154688 0 0
-1.2787 0 0 0 0.155157 0 0
-1.2774 0 0 0 0.155626 0 0
-1.27609 0 0 0 0.156094 0 0
-1.27479 0 0 0 0.156559 0 0
-1.27349 0 0 0 0.15702 0 0
-1.27219 0 0 0 0.157479 0 0
-1.27089 0 0 0 0.157935 0 0
-1.26958 0 0 0 0.158389 0 0
-1.26828 0 0 0 0.158841 0 0
-1.26698 0 0 0 0.159291 0 0
-1.26568 0 0 0 0.15974 0 0
-1.26437 0 0 0 0.160189 0 0
-1.26307 0 0 0 0.160637 0 0
-1.26177 0 0 0 0.161084 0 0
-1.26047 0 0 0 0.161533 0 0
-1.25916 0 0 0 0.161981 0 0
-1.25786 0 0 0 0.162431 0 0
-1.25656 0 0 0 0.162882 0 0
-1.25526 0 0 0 0.163333 0 0
-1.25395 0 0 0 0.163785 0 0
-1.25265 0 0 0 0.164238 0 0
-1.25135 0 0 0 0.164691 0 0
-1.25005 0 0 0 0.165145 0 0
-1.24875 0 0 0 0.165599 0 0
-1.24744 0 0 0 0.166054 0 0
-1.24614 0 0 0 0.166509 0 0
-1.24484 0 0 0 0.166965 0 0
-1.24354 0 0 0 0.167421 0 0
-1.24223 0 0 0 0.167877 0 0
-1.24093 0 0 0 0.168333 0 0
-1.23963 0 0 0 0.168789 0 0
-1.23833 0 0 0 0.169246 0 0
-1.23702 0 0 0 0.169702 0 0
-1.23572 0 0 0 0.170159 0 0
-1.23442 0 0 0 0.170615 0 0
-1.23312 0 0 0 0.171071 0 0
-1.23182 0 0 0 0.171527 0 0
-1.23051 0 0 0 0.171982 0 0
-1.22921 0 0 0 0.172437 0 0
-1.22791 0 0 0 0.172892 0 0
-1.22661 0 0 0 0.173346 0 0
-1.2253 0 0 0 0.1738 0 0
-1.224 0 0 0 0.174253 0 0
-1.2227 0 0 0 0.174705 0 0
-1.2214 0 0 0 0.175157 0 0
-1.22009 0 0 0 0.175608 0 0
-1.21879 0 0 0 0.176058 0 0
-1.21749 0 0 0 0.176509 0 0
-1.21619 0 0 0 0.176959 0 0
-1.21488 0 0 0 0.17741 0 0
-1.21358 0 0 0 0.177862 0 0
-1.21228 0 0 0 0.178315 0 0
-1.21098 0 0 0 0.178769 0 0
-1.20968 0 0 0 0.179225 0 0
-1.20837 0 0 0 0.179682 0 0
-1.20707 0 0 0 0.180142 0 0
-1.20577 0 0 0 0.180604 0 0
-1.20447 0 0 0 0.181069 0 0
-1.20316 0 0 0 0.181537 0 0
-1.20186 0 0 0 0.182009 0 0
-1.20056 0 0 0 0.182484 0 0
-1.19926 0 0 0 0.182963 0 0
-1.19795 0 0 0 0.183447 0 0
-1.19665 0 0 0 0.183935 0 0
-1.19535 0 0 0 0.184428 0 0
-1.19405 0 0 0 0.184927 0 0
-1.19275 0 0 0 0.18543 0 0
-1.19144 0 0 0 0.18594 0 0
-1.19014 0 0 0 0.186456 0 0
-1.18884 0 0 0 0.186979 0 0
-1.18754 0 0 0 0.187508 0 0
-1.18623 0 0 0 0.188045 0 0
-1.18493 0 0 0 0.188588 0 0
-1.18363 0 0 0 0.189137 0 0
-1.18233 0 0 0 0.189692 0 0
-1.18102 0 0 0 0.190252 0 0
-1.17972 0 0 0 0.190816 0 0
-1.17842 0 0 0 0.191384 0 0
-1.17712 0 0 0 0.191954 0 0
-1.17581 0 0 0 0.192527 0 0
-1.17451 0 0 0 0.193101 0 0
-1.17321 0 0 0 0.193675 0 0
-1.17191 0 0 0 0.19425 0 0
-1.17061 0 0 0 0.194824 0 0
-1.1693 0 0 0 0.195397 0 0
-1.168 0 0 0 0.195967 0 0
-1.1667 0 0 0 0.196535 0 0
-1.1654 0 0 0 0.197099 0 0
-1.16409 0 0 0 0.197659 0 0
-1.16279 0 0 0 0.198215 0 0
-1.16149 0 0 0 0.198764 0 0
-1.16019 0 0 0 0.199307 0 0
-1.15888 0 0 0 0.199843 0 0
-1.15758 0 0 0 0.20037 0 0
-1.15628 0 0 0 0.20089 0 0
-1.15498 0 0 0 0.201399 0 0
-1.15368 0 0 0 0.201899 0 0
-1.15237 0 0 0 0.202389 0 0
-1.15107 0 0 0 0.202871 0 0
-1.14977 0 0 0 0.203344 0 0
-1.14847 0 0 0 0.203811 0 0
-1.14716 0 0 0 0.204271 0 0
-1.14586 0 0 0 0.204726 0 0
-1.14456 0 0 0 0.205177 0 0
-1.14326 0 0 0 0.205624 0 0
-1.14195 0 0 0 0.206067 0 0
-1.14065 0 0 0 0.206509 0 0
-1.13935 0 0 0 0.20695 0 0
-1.13805 0 0 0 0.20739 0 0
-1.13674 0 0 0 0.207831 0 0
-1.13544 0 0 0 0.208273 0 0
-1.13414 0 0 0 0.208718 0 0
-1.13284 0 0 0 0.209165 0 0
-1.13154 0 0 0 0.209617 0 0
-1.13023 0 0 0 0.210074 0 0
-1.12893 0 0 0 0.210536 0 0
-1.12763 0 0 0 0.211006 0 0
-1.12633 0 0 0 0.211483 0 0
-1.12502 0 0 0 0.211968 0 0
-1.12372 0 0 0 0.212463 0 0
-1.12242 0 0 0 0.212966 0 0
-1.12112 0 0 0 0.213478 0 0
-1.11981 0 0 0 0.213998 0 0
-1.11851 0 0 0 0.214525 0 0
-1.11721 0 0 0 0.215059 0 0
-1.11591 0 0 0 0.215598 0 0
-1.11461 0 0 0 0.216143 0 0
-1.1133 0 0 0 0.216692 0 0
-1.112 0 0 0 0.217246 0 0
-1.1107 0 0 0 0.217803 0 0
-1.1094 0 0 0 0.218363 0 0
-1.10809 0 0 0 0.218925 0 0
-1.10679 0 0 0 0.219489 0 0
-1.10549 0 0 0 0.220054 0 0
-1.10419 0 0 0 0.220619 0 0
-1.10288 0 0 0 0.221183 0 0
-1.10158 0 0 0 0.221747 0 0
-1.10028 0 0 0 0.222309 0 0
-1.09898 0 0 0 0.222868 0 0
-1.09767 0 0 0 0.223425 0 0
-1.09637 0 0 0 0.223978 0 0
-1.09507 0 0 0 0.224527 0 0
-1.09377 0 0 0 0.225071 0 0
-1.09247 0 0 0 0.225612 0 0
-1.09116 0 0 0 0.226149 0 0
-1.08986 0 0 0 0.226682 0 0
-1.08856 0 0 0 0.227211 0 0
-1.08726 0 0 0 0.227736 0 0
-1.08595 0 0 0 0.228257 0 0
-1.08465 0 0 0 0.228774 0 0
-1.08335 0 0 0 0.229287 0 0
-1.08205 0 0 0 0.229797 0 0
-1.08074 0 0 0 0.230302 0 0
-1.07944 0 0 0 0.230804 0 0
-1.07814 0 0 0 0.231302 0 0
-1.07684 0 0 0 0.231796 0 0
-1.07554 0 0 0 0.232286 0 0
-1.07423 0 0 0 0.232773 0 0
-1.07293 0 0 0 0.233256 0 0
-1.07163 0 0 0 0.233735 0 0
-1.07033 0 0 0 0.234211 0 0
-1.06902 0 0 0 0.234683 0 0
-1.06772 0 0 0 0.235152 0 0
-1.06642 0 0 0 0.235619 0 0
-1.06512 0 0 0 0.236085 0 0
-1.06381 0 0 0 0.23655 0 0
-1.06251 0 0 0 0.237015 0 0
-1.06121 0 0 0 0.237481 0 0
-1.05991 0 0 0 0.237948 0 0
-1.0586 0 0 0 0.238418 0 0
-1.0573 0 0 0 0.238891 0 0
-1.056 0 0 0 0.239367 0 0
-1.0547 0 0 0 0.239848 0 0
-1.0534 0 0 0 0.240335 0 0
-1.05209 0 0 0 0.240827 0 0
-1.05079 0 0 0 0.241326 0 0
-1.04949 0 0 0 0.241833 0 0
-1.04819 0 0 0 0.242348 0 0
-1.04688 0 0 0 0.242872 0 0
-1.04558 0 0 0 0.243406 0 0
-1.04428 0 0 0 0.24395 0 0
-1.04298 0 0 0 0.244504 0 0
-1.04167 0 0 0 0.245066 0 0
-1.04037 0 0 0 0.245636 0 0
-1.03907 0 0 0 0.246211 0 0
-1.03777 0 0 0 0.246791 0 0
-1.03647 0 0 0 0.247376 0 0
-1.03516 0 0 0 0.247963 0 0
-1.03386 0 0 0 0.248552 0 0
-1.03256 0 0 0 0.249142 0 0
-1.03126 0 0 0 0.249731 0 0
-1.02995 0 0 0 0.250318 0 0
-1.02865 0 0 0 0.250902 0 0
-1.02735 0 0 0 0.251483 0 0
-1.02605 0 0 0 0.252058 0 0
-1.02474 0 0 0 0.252627 0 0
-1.02344 0 0 0 0.253189 0 0
-1.02214 0 0 0 0.253742 0 0
-1.02084 0 0 0 0.254285 0 0
-1.01953 0 0 0 0.254819 0 0
-1.01823 0 0 0 0.255345 0 0
-1.01693 0 0 0 0.255862 0 0
-1.01563 0 0 0 0.256371 0 0
-1.01433 0 0 0 0.256872 0 0
-1.01302 0 0 0 0.257366 0 0
-1.01172 0 0 0 0.257853 0 0
-1.01042 0 0 0 0.258334 0 0
-1.00912 0 0 0 0.258808 0 0
-1.00781 0 0 0 0.259277 0 0
-1.00651 0 0 0 0.259742 0 0
-1.00521 0 0 0 0.260201 0 0
-1.00391 0 0 0 0.260656 0 0
-1.0026 0 0 0 0.261107 0 0
-1.0013 0 0 0 0.261555 0 0
-1 0 0 0 0.262 0 0
