# Neutrino-40Ar neutral current cross section (10^-38 cm^2/GeV) #
# log(energy in GeV)  nu_e      nu_mu      nu_tau      nu_e_bar      nu_mu_bar    nu_tau_bar #

-3.301030  0.000000e+00  0.000000e+00  0.000000e+00  0.000000e+00  0.000000e+00  0.000000e+00
-3.298729  0.000000e+00  0.000000e+00  0.000000e+00  0.000000e+00  0.000000e+00  0.000000e+00
-3.296428  0.000000e+00  0.000000e+00  0.000000e+00  0.000000e+00  0.000000e+00  0.000000e+00
-3.294127  0.000000e+00  0.000000e+00  0.000000e+00  0.000000e+00  0.000000e+00  0.000000e+00
-3.291826  0.000000e+00  0.000000e+00  0.000000e+00  0.000000e+00  0.000000e+00  0.000000e+00
-3.289525  0.000000e+00  0.000000e+00  0.000000e+00  0.000000e+00  0.000000e+00  0.000000e+00
-3.287224  0.000000e+00  0.000000e+00  0.000000e+00  0.000000e+00  0.000000e+00  0.000000e+00
-3.284923  0.000000e+00  0.000000e+00  0.000000e+00  0.000000e+00  0.000000e+00  0.000000e+00
-3.282622  0.000000e+00  0.000000e+00  0.000000e+00  0.000000e+00  0.000000e+00  0.000000e+00
-3.280321  0.000000e+00  0.000000e+00  0.000000e+00  0.000000e+00  0.000000e+00  0.000000e+00
-3.278020  0.000000e+00  0.000000e+00  0.000000e+00  0.000000e+00  0.000000e+00  0.000000e+00
-3.275719  0.000000e+00  0.000000e+00  0.000000e+00  0.000000e+00  0.000000e+00  0.000000e+00
-3.273418  0.000000e+00  0.000000e+00  0.000000e+00  0.000000e+00  0.000000e+00  0.000000e+00
-3.271117  0.000000e+00  0.000000e+00  0.000000e+00  0.000000e+00  0.000000e+00  0.000000e+00
-3.268816  0.000000e+00  0.000000e+00  0.000000e+00  0.000000e+00  0.000000e+00  0.000000e+00
-3.266515  0.000000e+00  0.000000e+00  0.000000e+00  0.000000e+00  0.000000e+00  0.000000e+00
-3.264214  0.000000e+00  0.000000e+00  0.000000e+00  0.000000e+00  0.000000e+00  0.000000e+00
-3.261912  0.000000e+00  0.000000e+00  0.000000e+00  0.000000e+00  0.000000e+00  0.000000e+00
-3.259611  0.000000e+00  0.000000e+00  0.000000e+00  0.000000e+00  0.000000e+00  0.000000e+00
-3.257310  0.000000e+00  0.000000e+00  0.000000e+00  0.000000e+00  0.000000e+00  0.000000e+00
-3.255009  0.000000e+00  0.000000e+00  0.000000e+00  0.000000e+00  0.000000e+00  0.000000e+00
-3.252708  0.000000e+00  0.000000e+00  0.000000e+00  0.000000e+00  0.000000e+00  0.000000e+00
-3.250407  0.000000e+00  0.000000e+00  0.000000e+00  0.000000e+00  0.000000e+00  0.000000e+00
-3.248106  0.000000e+00  0.000000e+00  0.000000e+00  0.000000e+00  0.000000e+00  0.000000e+00
-3.245805  0.000000e+00  0.000000e+00  0.000000e+00  0.000000e+00  0.000000e+00  0.000000e+00
-3.243504  0.000000e+00  0.000000e+00  0.000000e+00  0.000000e+00  0.000000e+00  0.000000e+00
-3.241203  0.000000e+00  0.000000e+00  0.000000e+00  0.000000e+00  0.000000e+00  0.000000e+00
-3.238902  0.000000e+00  0.000000e+00  0.000000e+00  0.000000e+00  0.000000e+00  0.000000e+00
-3.236601  0.000000e+00  0.000000e+00  0.000000e+00  0.000000e+00  0.000000e+00  0.000000e+00
-3.234300  0.000000e+00  0.000000e+00  0.000000e+00  0.000000e+00  0.000000e+00  0.000000e+00
-3.231999  0.000000e+00  0.000000e+00  0.000000e+00  0.000000e+00  0.000000e+00  0.000000e+00
-3.229698  0.000000e+00  0.000000e+00  0.000000e+00  0.000000e+00  0.000000e+00  0.000000e+00
-3.227397  0.000000e+00  0.000000e+00  0.000000e+00  0.000000e+00  0.000000e+00  0.000000e+00
-3.225096  0.000000e+00  0.000000e+00  0.000000e+00  0.000000e+00  0.000000e+00  0.000000e+00
-3.222795  0.000000e+00  0.000000e+00  0.000000e+00  0.000000e+00  0.000000e+00  0.000000e+00
-3.220494  0.000000e+00  0.000000e+00  0.000000e+00  0.000000e+00  0.000000e+00  0.000000e+00
-3.218193  0.000000e+00  0.000000e+00  0.000000e+00  0.000000e+00  0.000000e+00  0.000000e+00
-3.215892  0.000000e+00  0.000000e+00  0.000000e+00  0.000000e+00  0.000000e+00  0.000000e+00
-3.213591  0.000000e+00  0.000000e+00  0.000000e+00  0.000000e+00  0.000000e+00  0.000000e+00
-3.211290  0.000000e+00  0.000000e+00  0.000000e+00  0.000000e+00  0.000000e+00  0.000000e+00
-3.208989  0.000000e+00  0.000000e+00  0.000000e+00  0.000000e+00  0.000000e+00  0.000000e+00
-3.206688  0.000000e+00  0.000000e+00  0.000000e+00  0.000000e+00  0.000000e+00  0.000000e+00
-3.204387  0.000000e+00  0.000000e+00  0.000000e+00  0.000000e+00  0.000000e+00  0.000000e+00
-3.202086  0.000000e+00  0.000000e+00  0.000000e+00  0.000000e+00  0.000000e+00  0.000000e+00
-3.199785  0.000000e+00  0.000000e+00  0.000000e+00  0.000000e+00  0.000000e+00  0.000000e+00
-3.197484  0.000000e+00  0.000000e+00  0.000000e+00  0.000000e+00  0.000000e+00  0.000000e+00
-3.195183  0.000000e+00  0.000000e+00  0.000000e+00  0.000000e+00  0.000000e+00  0.000000e+00
-3.192882  0.000000e+00  0.000000e+00  0.000000e+00  0.000000e+00  0.000000e+00  0.000000e+00
-3.190581  0.000000e+00  0.000000e+00  0.000000e+00  0.000000e+00  0.000000e+00  0.000000e+00
-3.188280  0.000000e+00  0.000000e+00  0.000000e+00  0.000000e+00  0.000000e+00  0.000000e+00
-3.185978  0.000000e+00  0.000000e+00  0.000000e+00  0.000000e+00  0.000000e+00  0.000000e+00
-3.183677  0.000000e+00  0.000000e+00  0.000000e+00  0.000000e+00  0.000000e+00  0.000000e+00
-3.181376  0.000000e+00  0.000000e+00  0.000000e+00  0.000000e+00  0.000000e+00  0.000000e+00
-3.179075  0.000000e+00  0.000000e+00  0.000000e+00  0.000000e+00  0.000000e+00  0.000000e+00
-3.176774  0.000000e+00  0.000000e+00  0.000000e+00  0.000000e+00  0.000000e+00  0.000000e+00
-3.174473  0.000000e+00  0.000000e+00  0.000000e+00  0.000000e+00  0.000000e+00  0.000000e+00
-3.172172  0.000000e+00  0.000000e+00  0.000000e+00  0.000000e+00  0.000000e+00  0.000000e+00
-3.169871  0.000000e+00  0.000000e+00  0.000000e+00  0.000000e+00  0.000000e+00  0.000000e+00
-3.167570  0.000000e+00  0.000000e+00  0.000000e+00  0.000000e+00  0.000000e+00  0.000000e+00
-3.165269  0.000000e+00  0.000000e+00  0.000000e+00  0.000000e+00  0.000000e+00  0.000000e+00
-3.162968  0.000000e+00  0.000000e+00  0.000000e+00  0.000000e+00  0.000000e+00  0.000000e+00
-3.160667  0.000000e+00  0.000000e+00  0.000000e+00  0.000000e+00  0.000000e+00  0.000000e+00
-3.158366  0.000000e+00  0.000000e+00  0.000000e+00  0.000000e+00  0.000000e+00  0.000000e+00
-3.156065  0.000000e+00  0.000000e+00  0.000000e+00  0.000000e+00  0.000000e+00  0.000000e+00
-3.153764  0.000000e+00  0.000000e+00  0.000000e+00  0.000000e+00  0.000000e+00  0.000000e+00
-3.151463  0.000000e+00  0.000000e+00  0.000000e+00  0.000000e+00  0.000000e+00  0.000000e+00
-3.149162  0.000000e+00  0.000000e+00  0.000000e+00  0.000000e+00  0.000000e+00  0.000000e+00
-3.146861  0.000000e+00  0.000000e+00  0.000000e+00  0.000000e+00  0.000000e+00  0.000000e+00
-3.144560  0.000000e+00  0.000000e+00  0.000000e+00  0.000000e+00  0.000000e+00  0.000000e+00
-3.142259  0.000000e+00  0.000000e+00  0.000000e+00  0.000000e+00  0.000000e+00  0.000000e+00
-3.139958  0.000000e+00  0.000000e+00  0.000000e+00  0.000000e+00  0.000000e+00  0.000000e+00
-3.137657  0.000000e+00  0.000000e+00  0.000000e+00  0.000000e+00  0.000000e+00  0.000000e+00
-3.135356  0.000000e+00  0.000000e+00  0.000000e+00  0.000000e+00  0.000000e+00  0.000000e+00
-3.133055  0.000000e+00  0.000000e+00  0.000000e+00  0.000000e+00  0.000000e+00  0.000000e+00
-3.130754  0.000000e+00  0.000000e+00  0.000000e+00  0.000000e+00  0.000000e+00  0.000000e+00
-3.128453  0.000000e+00  0.000000e+00  0.000000e+00  0.000000e+00  0.000000e+00  0.000000e+00
-3.126152  0.000000e+00  0.000000e+00  0.000000e+00  0.000000e+00  0.000000e+00  0.000000e+00
-3.123851  0.000000e+00  0.000000e+00  0.000000e+00  0.000000e+00  0.000000e+00  0.000000e+00
-3.121550  0.000000e+00  0.000000e+00  0.000000e+00  0.000000e+00  0.000000e+00  0.000000e+00
-3.119249  0.000000e+00  0.000000e+00  0.000000e+00  0.000000e+00  0.000000e+00  0.000000e+00
-3.116948  0.000000e+00  0.000000e+00  0.000000e+00  0.000000e+00  0.000000e+00  0.000000e+00
-3.114647  0.000000e+00  0.000000e+00  0.000000e+00  0.000000e+00  0.000000e+00  0.000000e+00
-3.112346  0.000000e+00  0.000000e+00  0.000000e+00  0.000000e+00  0.000000e+00  0.000000e+00
-3.110045  0.000000e+00  0.000000e+00  0.000000e+00  0.000000e+00  0.000000e+00  0.000000e+00
-3.107743  0.000000e+00  0.000000e+00  0.000000e+00  0.000000e+00  0.000000e+00  0.000000e+00
-3.105442  0.000000e+00  0.000000e+00  0.000000e+00  0.000000e+00  0.000000e+00  0.000000e+00
-3.103141  0.000000e+00  0.000000e+00  0.000000e+00  0.000000e+00  0.000000e+00  0.000000e+00
-3.100840  0.000000e+00  0.000000e+00  0.000000e+00  0.000000e+00  0.000000e+00  0.000000e+00
-3.098539  0.000000e+00  0.000000e+00  0.000000e+00  0.000000e+00  0.000000e+00  0.000000e+00
-3.096238  0.000000e+00  0.000000e+00  0.000000e+00  0.000000e+00  0.000000e+00  0.000000e+00
-3.093937  0.000000e+00  0.000000e+00  0.000000e+00  0.000000e+00  0.000000e+00  0.000000e+00
-3.091636  0.000000e+00  0.000000e+00  0.000000e+00  0.000000e+00  0.000000e+00  0.000000e+00
-3.089335  0.000000e+00  0.000000e+00  0.000000e+00  0.000000e+00  0.000000e+00  0.000000e+00
-3.087034  0.000000e+00  0.000000e+00  0.000000e+00  0.000000e+00  0.000000e+00  0.000000e+00
-3.084733  0.000000e+00  0.000000e+00  0.000000e+00  0.000000e+00  0.000000e+00  0.000000e+00
-3.082432  0.000000e+00  0.000000e+00  0.000000e+00  0.000000e+00  0.000000e+00  0.000000e+00
-3.080131  0.000000e+00  0.000000e+00  0.000000e+00  0.000000e+00  0.000000e+00  0.000000e+00
-3.077830  0.000000e+00  0.000000e+00  0.000000e+00  0.000000e+00  0.000000e+00  0.000000e+00
-3.075529  0.000000e+00  0.000000e+00  0.000000e+00  0.000000e+00  0.000000e+00  0.000000e+00
-3.073228  0.000000e+00  0.000000e+00  0.000000e+00  0.000000e+00  0.000000e+00  0.000000e+00
-3.070927  0.000000e+00  0.000000e+00  0.000000e+00  0.000000e+00  0.000000e+00  0.000000e+00
-3.068626  0.000000e+00  0.000000e+00  0.000000e+00  0.000000e+00  0.000000e+00  0.000000e+00
-3.066325  0.000000e+00  0.000000e+00  0.000000e+00  0.000000e+00  0.000000e+00  0.000000e+00
-3.064024  0.000000e+00  0.000000e+00  0.000000e+00  0.000000e+00  0.000000e+00  0.000000e+00
-3.061723  0.000000e+00  0.000000e+00  0.000000e+00  0.000000e+00  0.000000e+00  0.000000e+00
-3.059422  0.000000e+00  0.000000e+00  0.000000e+00  0.000000e+00  0.000000e+00  0.000000e+00
-3.057121  0.000000e+00  0.000000e+00  0.000000e+00  0.000000e+00  0.000000e+00  0.000000e+00
-3.054820  0.000000e+00  0.000000e+00  0.000000e+00  0.000000e+00  0.000000e+00  0.000000e+00
-3.052519  0.000000e+00  0.000000e+00  0.000000e+00  0.000000e+00  0.000000e+00  0.000000e+00
-3.050218  0.000000e+00  0.000000e+00  0.000000e+00  0.000000e+00  0.000000e+00  0.000000e+00
-3.047917  0.000000e+00  0.000000e+00  0.000000e+00  0.000000e+00  0.000000e+00  0.000000e+00
-3.045616  0.000000e+00  0.000000e+00  0.000000e+00  0.000000e+00  0.000000e+00  0.000000e+00
-3.043315  0.000000e+00  0.000000e+00  0.000000e+00  0.000000e+00  0.000000e+00  0.000000e+00
-3.041014  0.000000e+00  0.000000e+00  0.000000e+00  0.000000e+00  0.000000e+00  0.000000e+00
-3.038713  0.000000e+00  0.000000e+00  0.000000e+00  0.000000e+00  0.000000e+00  0.000000e+00
-3.036412  0.000000e+00  0.000000e+00  0.000000e+00  0.000000e+00  0.000000e+00  0.000000e+00
-3.034111  0.000000e+00  0.000000e+00  0.000000e+00  0.000000e+00  0.000000e+00  0.000000e+00
-3.031809  0.000000e+00  0.000000e+00  0.000000e+00  0.000000e+00  0.000000e+00  0.000000e+00
-3.029508  0.000000e+00  0.000000e+00  0.000000e+00  0.000000e+00  0.000000e+00  0.000000e+00
-3.027207  0.000000e+00  0.000000e+00  0.000000e+00  0.000000e+00  0.000000e+00  0.000000e+00
-3.024906  0.000000e+00  0.000000e+00  0.000000e+00  0.000000e+00  0.000000e+00  0.000000e+00
-3.022605  0.000000e+00  0.000000e+00  0.000000e+00  0.000000e+00  0.000000e+00  0.000000e+00
-3.020304  0.000000e+00  0.000000e+00  0.000000e+00  0.000000e+00  0.000000e+00  0.000000e+00
-3.018003  0.000000e+00  0.000000e+00  0.000000e+00  0.000000e+00  0.000000e+00  0.000000e+00
-3.015702  0.000000e+00  0.000000e+00  0.000000e+00  0.000000e+00  0.000000e+00  0.000000e+00
-3.013401  0.000000e+00  0.000000e+00  0.000000e+00  0.000000e+00  0.000000e+00  0.000000e+00
-3.011100  0.000000e+00  0.000000e+00  0.000000e+00  0.000000e+00  0.000000e+00  0.000000e+00
-3.008799  0.000000e+00  0.000000e+00  0.000000e+00  0.000000e+00  0.000000e+00  0.000000e+00
-3.006498  0.000000e+00  0.000000e+00  0.000000e+00  0.000000e+00  0.000000e+00  0.000000e+00
-3.004197  0.000000e+00  0.000000e+00  0.000000e+00  0.000000e+00  0.000000e+00  0.000000e+00
-3.001896  0.000000e+00  0.000000e+00  0.000000e+00  0.000000e+00  0.000000e+00  0.000000e+00
-2.999595  0.000000e+00  0.000000e+00  0.000000e+00  0.000000e+00  0.000000e+00  0.000000e+00
-2.997294  0.000000e+00  0.000000e+00  0.000000e+00  0.000000e+00  0.000000e+00  0.000000e+00
-2.994993  0.000000e+00  0.000000e+00  0.000000e+00  0.000000e+00  0.000000e+00  0.000000e+00
-2.992692  0.000000e+00  0.000000e+00  0.000000e+00  0.000000e+00  0.000000e+00  0.000000e+00
-2.990391  0.000000e+00  0.000000e+00  0.000000e+00  0.000000e+00  0.000000e+00  0.000000e+00
-2.988090  0.000000e+00  0.000000e+00  0.000000e+00  0.000000e+00  0.000000e+00  0.000000e+00
-2.985789  0.000000e+00  0.000000e+00  0.000000e+00  0.000000e+00  0.000000e+00  0.000000e+00
-2.983488  0.000000e+00  0.000000e+00  0.000000e+00  0.000000e+00  0.000000e+00  0.000000e+00
-2.981187  0.000000e+00  0.000000e+00  0.000000e+00  0.000000e+00  0.000000e+00  0.000000e+00
-2.978886  0.000000e+00  0.000000e+00  0.000000e+00  0.000000e+00  0.000000e+00  0.000000e+00
-2.976585  0.000000e+00  0.000000e+00  0.000000e+00  0.000000e+00  0.000000e+00  0.000000e+00
-2.974284  0.000000e+00  0.000000e+00  0.000000e+00  0.000000e+00  0.000000e+00  0.000000e+00
-2.971983  0.000000e+00  0.000000e+00  0.000000e+00  0.000000e+00  0.000000e+00  0.000000e+00
-2.969682  0.000000e+00  0.000000e+00  0.000000e+00  0.000000e+00  0.000000e+00  0.000000e+00
-2.967381  0.000000e+00  0.000000e+00  0.000000e+00  0.000000e+00  0.000000e+00  0.000000e+00
-2.965080  0.000000e+00  0.000000e+00  0.000000e+00  0.000000e+00  0.000000e+00  0.000000e+00
-2.962779  0.000000e+00  0.000000e+00  0.000000e+00  0.000000e+00  0.000000e+00  0.000000e+00
-2.960478  0.000000e+00  0.000000e+00  0.000000e+00  0.000000e+00  0.000000e+00  0.000000e+00
-2.958177  0.000000e+00  0.000000e+00  0.000000e+00  0.000000e+00  0.000000e+00  0.000000e+00
-2.955875  0.000000e+00  0.000000e+00  0.000000e+00  0.000000e+00  0.000000e+00  0.000000e+00
-2.953574  0.000000e+00  0.000000e+00  0.000000e+00  0.000000e+00  0.000000e+00  0.000000e+00
-2.951273  0.000000e+00  0.000000e+00  0.000000e+00  0.000000e+00  0.000000e+00  0.000000e+00
-2.948972  0.000000e+00  0.000000e+00  0.000000e+00  0.000000e+00  0.000000e+00  0.000000e+00
-2.946671  0.000000e+00  0.000000e+00  0.000000e+00  0.000000e+00  0.000000e+00  0.000000e+00
-2.944370  0.000000e+00  0.000000e+00  0.000000e+00  0.000000e+00  0.000000e+00  0.000000e+00
-2.942069  0.000000e+00  0.000000e+00  0.000000e+00  0.000000e+00  0.000000e+00  0.000000e+00
-2.939768  0.000000e+00  0.000000e+00  0.000000e+00  0.000000e+00  0.000000e+00  0.000000e+00
-2.937467  0.000000e+00  0.000000e+00  0.000000e+00  0.000000e+00  0.000000e+00  0.000000e+00
-2.935166  0.000000e+00  0.000000e+00  0.000000e+00  0.000000e+00  0.000000e+00  0.000000e+00
-2.932865  0.000000e+00  0.000000e+00  0.000000e+00  0.000000e+00  0.000000e+00  0.000000e+00
-2.930564  0.000000e+00  0.000000e+00  0.000000e+00  0.000000e+00  0.000000e+00  0.000000e+00
-2.928263  0.000000e+00  0.000000e+00  0.000000e+00  0.000000e+00  0.000000e+00  0.000000e+00
-2.925962  0.000000e+00  0.000000e+00  0.000000e+00  0.000000e+00  0.000000e+00  0.000000e+00
-2.923661  0.000000e+00  0.000000e+00  0.000000e+00  0.000000e+00  0.000000e+00  0.000000e+00
-2.921360  0.000000e+00  0.000000e+00  0.000000e+00  0.000000e+00  0.000000e+00  0.000000e+00
-2.919059  0.000000e+00  0.000000e+00  0.000000e+00  0.000000e+00  0.000000e+00  0.000000e+00
-2.916758  0.000000e+00  0.000000e+00  0.000000e+00  0.000000e+00  0.000000e+00  0.000000e+00
-2.914457  0.000000e+00  0.000000e+00  0.000000e+00  0.000000e+00  0.000000e+00  0.000000e+00
-2.912156  0.000000e+00  0.000000e+00  0.000000e+00  0.000000e+00  0.000000e+00  0.000000e+00
-2.909855  0.000000e+00  0.000000e+00  0.000000e+00  0.000000e+00  0.000000e+00  0.000000e+00
-2.907554  0.000000e+00  0.000000e+00  0.000000e+00  0.000000e+00  0.000000e+00  0.000000e+00
-2.905253  0.000000e+00  0.000000e+00  0.000000e+00  0.000000e+00  0.000000e+00  0.000000e+00
-2.902952  0.000000e+00  0.000000e+00  0.000000e+00  0.000000e+00  0.000000e+00  0.000000e+00
-2.900651  0.000000e+00  0.000000e+00  0.000000e+00  0.000000e+00  0.000000e+00  0.000000e+00
-2.898350  0.000000e+00  0.000000e+00  0.000000e+00  0.000000e+00  0.000000e+00  0.000000e+00
-2.896049  0.000000e+00  0.000000e+00  0.000000e+00  0.000000e+00  0.000000e+00  0.000000e+00
-2.893748  0.000000e+00  0.000000e+00  0.000000e+00  0.000000e+00  0.000000e+00  0.000000e+00
-2.891447  0.000000e+00  0.000000e+00  0.000000e+00  0.000000e+00  0.000000e+00  0.000000e+00
-2.889146  0.000000e+00  0.000000e+00  0.000000e+00  0.000000e+00  0.000000e+00  0.000000e+00
-2.886845  0.000000e+00  0.000000e+00  0.000000e+00  0.000000e+00  0.000000e+00  0.000000e+00
-2.884544  0.000000e+00  0.000000e+00  0.000000e+00  0.000000e+00  0.000000e+00  0.000000e+00
-2.882243  0.000000e+00  0.000000e+00  0.000000e+00  0.000000e+00  0.000000e+00  0.000000e+00
-2.879942  0.000000e+00  0.000000e+00  0.000000e+00  0.000000e+00  0.000000e+00  0.000000e+00
-2.877640  0.000000e+00  0.000000e+00  0.000000e+00  0.000000e+00  0.000000e+00  0.000000e+00
-2.875339  0.000000e+00  0.000000e+00  0.000000e+00  0.000000e+00  0.000000e+00  0.000000e+00
-2.873038  0.000000e+00  0.000000e+00  0.000000e+00  0.000000e+00  0.000000e+00  0.000000e+00
-2.870737  0.000000e+00  0.000000e+00  0.000000e+00  0.000000e+00  0.000000e+00  0.000000e+00
-2.868436  0.000000e+00  0.000000e+00  0.000000e+00  0.000000e+00  0.000000e+00  0.000000e+00
-2.866135  0.000000e+00  0.000000e+00  0.000000e+00  0.000000e+00  0.000000e+00  0.000000e+00
-2.863834  0.000000e+00  0.000000e+00  0.000000e+00  0.000000e+00  0.000000e+00  0.000000e+00
-2.861533  0.000000e+00  0.000000e+00  0.000000e+00  0.000000e+00  0.000000e+00  0.000000e+00
-2.859232  0.000000e+00  0.000000e+00  0.000000e+00  0.000000e+00  0.000000e+00  0.000000e+00
-2.856931  0.000000e+00  0.000000e+00  0.000000e+00  0.000000e+00  0.000000e+00  0.000000e+00
-2.854630  0.000000e+00  0.000000e+00  0.000000e+00  0.000000e+00  0.000000e+00  0.000000e+00
-2.852329  0.000000e+00  0.000000e+00  0.000000e+00  0.000000e+00  0.000000e+00  0.000000e+00
-2.850028  0.000000e+00  0.000000e+00  0.000000e+00  0.000000e+00  0.000000e+00  0.000000e+00
-2.847727  0.000000e+00  0.000000e+00  0.000000e+00  0.000000e+00  0.000000e+00  0.000000e+00
-2.845426  0.000000e+00  0.000000e+00  0.000000e+00  0.000000e+00  0.000000e+00  0.000000e+00
-2.843125  0.000000e+00  0.000000e+00  0.000000e+00  0.000000e+00  0.000000e+00  0.000000e+00
-2.840824  0.000000e+00  0.000000e+00  0.000000e+00  0.000000e+00  0.000000e+00  0.000000e+00
-2.838523  0.000000e+00  0.000000e+00  0.000000e+00  0.000000e+00  0.000000e+00  0.000000e+00
-2.836222  0.000000e+00  0.000000e+00  0.000000e+00  0.000000e+00  0.000000e+00  0.000000e+00
-2.833921  0.000000e+00  0.000000e+00  0.000000e+00  0.000000e+00  0.000000e+00  0.000000e+00
-2.831620  0.000000e+00  0.000000e+00  0.000000e+00  0.000000e+00  0.000000e+00  0.000000e+00
-2.829319  0.000000e+00  0.000000e+00  0.000000e+00  0.000000e+00  0.000000e+00  0.000000e+00
-2.827018  0.000000e+00  0.000000e+00  0.000000e+00  0.000000e+00  0.000000e+00  0.000000e+00
-2.824717  0.000000e+00  0.000000e+00  0.000000e+00  0.000000e+00  0.000000e+00  0.000000e+00
-2.822416  0.000000e+00  0.000000e+00  0.000000e+00  0.000000e+00  0.000000e+00  0.000000e+00
-2.820115  0.000000e+00  0.000000e+00  0.000000e+00  0.000000e+00  0.000000e+00  0.000000e+00
-2.817814  0.000000e+00  0.000000e+00  0.000000e+00  0.000000e+00  0.000000e+00  0.000000e+00
-2.815513  0.000000e+00  0.000000e+00  0.000000e+00  0.000000e+00  0.000000e+00  0.000000e+00
-2.813212  0.000000e+00  0.000000e+00  0.000000e+00  0.000000e+00  0.000000e+00  0.000000e+00
-2.810911  0.000000e+00  0.000000e+00  0.000000e+00  0.000000e+00  0.000000e+00  0.000000e+00
-2.808610  0.000000e+00  0.000000e+00  0.000000e+00  0.000000e+00  0.000000e+00  0.000000e+00
-2.806309  0.000000e+00  0.000000e+00  0.000000e+00  0.000000e+00  0.000000e+00  0.000000e+00
-2.804008  0.000000e+00  0.000000e+00  0.000000e+00  0.000000e+00  0.000000e+00  0.000000e+00
-2.801706  0.000000e+00  0.000000e+00  0.000000e+00  0.000000e+00  0.000000e+00  0.000000e+00
-2.799405  0.000000e+00  0.000000e+00  0.000000e+00  0.000000e+00  0.000000e+00  0.000000e+00
-2.797104  0.000000e+00  0.000000e+00  0.000000e+00  0.000000e+00  0.000000e+00  0.000000e+00
-2.794803  0.000000e+00  0.000000e+00  0.000000e+00  0.000000e+00  0.000000e+00  0.000000e+00
-2.792502  0.000000e+00  0.000000e+00  0.000000e+00  0.000000e+00  0.000000e+00  0.000000e+00
-2.790201  0.000000e+00  0.000000e+00  0.000000e+00  0.000000e+00  0.000000e+00  0.000000e+00
-2.787900  0.000000e+00  0.000000e+00  0.000000e+00  0.000000e+00  0.000000e+00  0.000000e+00
-2.785599  0.000000e+00  0.000000e+00  0.000000e+00  0.000000e+00  0.000000e+00  0.000000e+00
-2.783298  0.000000e+00  0.000000e+00  0.000000e+00  0.000000e+00  0.000000e+00  0.000000e+00
-2.780997  0.000000e+00  0.000000e+00  0.000000e+00  0.000000e+00  0.000000e+00  0.000000e+00
-2.778696  0.000000e+00  0.000000e+00  0.000000e+00  0.000000e+00  0.000000e+00  0.000000e+00
-2.776395  0.000000e+00  0.000000e+00  0.000000e+00  0.000000e+00  0.000000e+00  0.000000e+00
-2.774094  0.000000e+00  0.000000e+00  0.000000e+00  0.000000e+00  0.000000e+00  0.000000e+00
-2.771793  0.000000e+00  0.000000e+00  0.000000e+00  0.000000e+00  0.000000e+00  0.000000e+00
-2.769492  0.000000e+00  0.000000e+00  0.000000e+00  0.000000e+00  0.000000e+00  0.000000e+00
-2.767191  0.000000e+00  0.000000e+00  0.000000e+00  0.000000e+00  0.000000e+00  0.000000e+00
-2.764890  0.000000e+00  0.000000e+00  0.000000e+00  0.000000e+00  0.000000e+00  0.000000e+00
-2.762589  0.000000e+00  0.000000e+00  0.000000e+00  0.000000e+00  0.000000e+00  0.000000e+00
-2.760288  0.000000e+00  0.000000e+00  0.000000e+00  0.000000e+00  0.000000e+00  0.000000e+00
-2.757987  0.000000e+00  0.000000e+00  0.000000e+00  0.000000e+00  0.000000e+00  0.000000e+00
-2.755686  0.000000e+00  0.000000e+00  0.000000e+00  0.000000e+00  0.000000e+00  0.000000e+00
-2.753385  0.000000e+00  0.000000e+00  0.000000e+00  0.000000e+00  0.000000e+00  0.000000e+00
-2.751084  0.000000e+00  0.000000e+00  0.000000e+00  0.000000e+00  0.000000e+00  0.000000e+00
-2.748783  0.000000e+00  0.000000e+00  0.000000e+00  0.000000e+00  0.000000e+00  0.000000e+00
-2.746482  0.000000e+00  0.000000e+00  0.000000e+00  0.000000e+00  0.000000e+00  0.000000e+00
-2.744181  0.000000e+00  0.000000e+00  0.000000e+00  0.000000e+00  0.000000e+00  0.000000e+00
-2.741880  0.000000e+00  0.000000e+00  0.000000e+00  0.000000e+00  0.000000e+00  0.000000e+00
-2.739579  0.000000e+00  0.000000e+00  0.000000e+00  0.000000e+00  0.000000e+00  0.000000e+00
-2.737278  0.000000e+00  0.000000e+00  0.000000e+00  0.000000e+00  0.000000e+00  0.000000e+00
-2.734977  0.000000e+00  0.000000e+00  0.000000e+00  0.000000e+00  0.000000e+00  0.000000e+00
-2.732676  0.000000e+00  0.000000e+00  0.000000e+00  0.000000e+00  0.000000e+00  0.000000e+00
-2.730375  0.000000e+00  0.000000e+00  0.000000e+00  0.000000e+00  0.000000e+00  0.000000e+00
-2.728074  0.000000e+00  0.000000e+00  0.000000e+00  0.000000e+00  0.000000e+00  0.000000e+00
-2.725772  0.000000e+00  0.000000e+00  0.000000e+00  0.000000e+00  0.000000e+00  0.000000e+00
-2.723471  0.000000e+00  0.000000e+00  0.000000e+00  0.000000e+00  0.000000e+00  0.000000e+00
-2.721170  0.000000e+00  0.000000e+00  0.000000e+00  0.000000e+00  0.000000e+00  0.000000e+00
-2.718869  0.000000e+00  0.000000e+00  0.000000e+00  0.000000e+00  0.000000e+00  0.000000e+00
-2.716568  0.000000e+00  0.000000e+00  0.000000e+00  0.000000e+00  0.000000e+00  0.000000e+00
-2.714267  0.000000e+00  0.000000e+00  0.000000e+00  0.000000e+00  0.000000e+00  0.000000e+00
-2.711966  0.000000e+00  0.000000e+00  0.000000e+00  0.000000e+00  0.000000e+00  0.000000e+00
-2.709665  0.000000e+00  0.000000e+00  0.000000e+00  0.000000e+00  0.000000e+00  0.000000e+00
-2.707364  0.000000e+00  0.000000e+00  0.000000e+00  0.000000e+00  0.000000e+00  0.000000e+00
-2.705063  0.000000e+00  0.000000e+00  0.000000e+00  0.000000e+00  0.000000e+00  0.000000e+00
-2.702762  0.000000e+00  0.000000e+00  0.000000e+00  0.000000e+00  0.000000e+00  0.000000e+00
-2.700461  0.000000e+00  0.000000e+00  0.000000e+00  0.000000e+00  0.000000e+00  0.000000e+00
-2.698160  0.000000e+00  0.000000e+00  0.000000e+00  0.000000e+00  0.000000e+00  0.000000e+00
-2.695859  0.000000e+00  0.000000e+00  0.000000e+00  0.000000e+00  0.000000e+00  0.000000e+00
-2.693558  0.000000e+00  0.000000e+00  0.000000e+00  0.000000e+00  0.000000e+00  0.000000e+00
-2.691257  0.000000e+00  0.000000e+00  0.000000e+00  0.000000e+00  0.000000e+00  0.000000e+00
-2.688956  0.000000e+00  0.000000e+00  0.000000e+00  0.000000e+00  0.000000e+00  0.000000e+00
-2.686655  0.000000e+00  0.000000e+00  0.000000e+00  0.000000e+00  0.000000e+00  0.000000e+00
-2.684354  0.000000e+00  0.000000e+00  0.000000e+00  0.000000e+00  0.000000e+00  0.000000e+00
-2.682053  0.000000e+00  0.000000e+00  0.000000e+00  0.000000e+00  0.000000e+00  0.000000e+00
-2.679752  0.000000e+00  0.000000e+00  0.000000e+00  0.000000e+00  0.000000e+00  0.000000e+00
-2.677451  0.000000e+00  0.000000e+00  0.000000e+00  0.000000e+00  0.000000e+00  0.000000e+00
-2.675150  0.000000e+00  0.000000e+00  0.000000e+00  0.000000e+00  0.000000e+00  0.000000e+00
-2.672849  0.000000e+00  0.000000e+00  0.000000e+00  0.000000e+00  0.000000e+00  0.000000e+00
-2.670548  0.000000e+00  0.000000e+00  0.000000e+00  0.000000e+00  0.000000e+00  0.000000e+00
-2.668247  0.000000e+00  0.000000e+00  0.000000e+00  0.000000e+00  0.000000e+00  0.000000e+00
-2.665946  0.000000e+00  0.000000e+00  0.000000e+00  0.000000e+00  0.000000e+00  0.000000e+00
-2.663645  0.000000e+00  0.000000e+00  0.000000e+00  0.000000e+00  0.000000e+00  0.000000e+00
-2.661344  0.000000e+00  0.000000e+00  0.000000e+00  0.000000e+00  0.000000e+00  0.000000e+00
-2.659043  0.000000e+00  0.000000e+00  0.000000e+00  0.000000e+00  0.000000e+00  0.000000e+00
-2.656742  0.000000e+00  0.000000e+00  0.000000e+00  0.000000e+00  0.000000e+00  0.000000e+00
-2.654441  0.000000e+00  0.000000e+00  0.000000e+00  0.000000e+00  0.000000e+00  0.000000e+00
-2.652140  0.000000e+00  0.000000e+00  0.000000e+00  0.000000e+00  0.000000e+00  0.000000e+00
-2.649839  0.000000e+00  0.000000e+00  0.000000e+00  0.000000e+00  0.000000e+00  0.000000e+00
-2.647537  0.000000e+00  0.000000e+00  0.000000e+00  0.000000e+00  0.000000e+00  0.000000e+00
-2.645236  0.000000e+00  0.000000e+00  0.000000e+00  0.000000e+00  0.000000e+00  0.000000e+00
-2.642935  0.000000e+00  0.000000e+00  0.000000e+00  0.000000e+00  0.000000e+00  0.000000e+00
-2.640634  0.000000e+00  0.000000e+00  0.000000e+00  0.000000e+00  0.000000e+00  0.000000e+00
-2.638333  0.000000e+00  0.000000e+00  0.000000e+00  0.000000e+00  0.000000e+00  0.000000e+00
-2.636032  0.000000e+00  0.000000e+00  0.000000e+00  0.000000e+00  0.000000e+00  0.000000e+00
-2.633731  0.000000e+00  0.000000e+00  0.000000e+00  0.000000e+00  0.000000e+00  0.000000e+00
-2.631430  0.000000e+00  0.000000e+00  0.000000e+00  0.000000e+00  0.000000e+00  0.000000e+00
-2.629129  0.000000e+00  0.000000e+00  0.000000e+00  0.000000e+00  0.000000e+00  0.000000e+00
-2.626828  0.000000e+00  0.000000e+00  0.000000e+00  0.000000e+00  0.000000e+00  0.000000e+00
-2.624527  0.000000e+00  0.000000e+00  0.000000e+00  0.000000e+00  0.000000e+00  0.000000e+00
-2.622226  0.000000e+00  0.000000e+00  0.000000e+00  0.000000e+00  0.000000e+00  0.000000e+00
-2.619925  0.000000e+00  0.000000e+00  0.000000e+00  0.000000e+00  0.000000e+00  0.000000e+00
-2.617624  0.000000e+00  0.000000e+00  0.000000e+00  0.000000e+00  0.000000e+00  0.000000e+00
-2.615323  0.000000e+00  0.000000e+00  0.000000e+00  0.000000e+00  0.000000e+00  0.000000e+00
-2.613022  0.000000e+00  0.000000e+00  0.000000e+00  0.000000e+00  0.000000e+00  0.000000e+00
-2.610721  0.000000e+00  0.000000e+00  0.000000e+00  0.000000e+00  0.000000e+00  0.000000e+00
-2.608420  0.000000e+00  0.000000e+00  0.000000e+00  0.000000e+00  0.000000e+00  0.000000e+00
-2.606119  0.000000e+00  0.000000e+00  0.000000e+00  0.000000e+00  0.000000e+00  0.000000e+00
-2.603818  0.000000e+00  0.000000e+00  0.000000e+00  0.000000e+00  0.000000e+00  0.000000e+00
-2.601517  0.000000e+00  0.000000e+00  0.000000e+00  0.000000e+00  0.000000e+00  0.000000e+00
-2.599216  0.000000e+00  0.000000e+00  0.000000e+00  0.000000e+00  0.000000e+00  0.000000e+00
-2.596915  0.000000e+00  0.000000e+00  0.000000e+00  0.000000e+00  0.000000e+00  0.000000e+00
-2.594614  0.000000e+00  0.000000e+00  0.000000e+00  0.000000e+00  0.000000e+00  0.000000e+00
-2.592313  0.000000e+00  0.000000e+00  0.000000e+00  0.000000e+00  0.000000e+00  0.000000e+00
-2.590012  0.000000e+00  0.000000e+00  0.000000e+00  0.000000e+00  0.000000e+00  0.000000e+00
-2.587711  0.000000e+00  0.000000e+00  0.000000e+00  0.000000e+00  0.000000e+00  0.000000e+00
-2.585410  0.000000e+00  0.000000e+00  0.000000e+00  0.000000e+00  0.000000e+00  0.000000e+00
-2.583109  0.000000e+00  0.000000e+00  0.000000e+00  0.000000e+00  0.000000e+00  0.000000e+00
-2.580808  0.000000e+00  0.000000e+00  0.000000e+00  0.000000e+00  0.000000e+00  0.000000e+00
-2.578507  0.000000e+00  0.000000e+00  0.000000e+00  0.000000e+00  0.000000e+00  0.000000e+00
-2.576206  0.000000e+00  0.000000e+00  0.000000e+00  0.000000e+00  0.000000e+00  0.000000e+00
-2.573905  0.000000e+00  0.000000e+00  0.000000e+00  0.000000e+00  0.000000e+00  0.000000e+00
-2.571603  0.000000e+00  0.000000e+00  0.000000e+00  0.000000e+00  0.000000e+00  0.000000e+00
-2.569302  0.000000e+00  0.000000e+00  0.000000e+00  0.000000e+00  0.000000e+00  0.000000e+00
-2.567001  0.000000e+00  0.000000e+00  0.000000e+00  0.000000e+00  0.000000e+00  0.000000e+00
-2.564700  0.000000e+00  0.000000e+00  0.000000e+00  0.000000e+00  0.000000e+00  0.000000e+00
-2.562399  0.000000e+00  0.000000e+00  0.000000e+00  0.000000e+00  0.000000e+00  0.000000e+00
-2.560098  0.000000e+00  0.000000e+00  0.000000e+00  0.000000e+00  0.000000e+00  0.000000e+00
-2.557797  0.000000e+00  0.000000e+00  0.000000e+00  0.000000e+00  0.000000e+00  0.000000e+00
-2.555496  0.000000e+00  0.000000e+00  0.000000e+00  0.000000e+00  0.000000e+00  0.000000e+00
-2.553195  0.000000e+00  0.000000e+00  0.000000e+00  0.000000e+00  0.000000e+00  0.000000e+00
-2.550894  0.000000e+00  0.000000e+00  0.000000e+00  0.000000e+00  0.000000e+00  0.000000e+00
-2.548593  0.000000e+00  0.000000e+00  0.000000e+00  0.000000e+00  0.000000e+00  0.000000e+00
-2.546292  0.000000e+00  0.000000e+00  0.000000e+00  0.000000e+00  0.000000e+00  0.000000e+00
-2.543991  0.000000e+00  0.000000e+00  0.000000e+00  0.000000e+00  0.000000e+00  0.000000e+00
-2.541690  0.000000e+00  0.000000e+00  0.000000e+00  0.000000e+00  0.000000e+00  0.000000e+00
-2.539389  0.000000e+00  0.000000e+00  0.000000e+00  0.000000e+00  0.000000e+00  0.000000e+00
-2.537088  0.000000e+00  0.000000e+00  0.000000e+00  0.000000e+00  0.000000e+00  0.000000e+00
-2.534787  0.000000e+00  0.000000e+00  0.000000e+00  0.000000e+00  0.000000e+00  0.000000e+00
-2.532486  0.000000e+00  0.000000e+00  0.000000e+00  0.000000e+00  0.000000e+00  0.000000e+00
-2.530185  0.000000e+00  0.000000e+00  0.000000e+00  0.000000e+00  0.000000e+00  0.000000e+00
-2.527884  0.000000e+00  0.000000e+00  0.000000e+00  0.000000e+00  0.000000e+00  0.000000e+00
-2.525583  0.000000e+00  0.000000e+00  0.000000e+00  0.000000e+00  0.000000e+00  0.000000e+00
-2.523282  0.000000e+00  0.000000e+00  0.000000e+00  0.000000e+00  0.000000e+00  0.000000e+00
-2.520981  0.000000e+00  0.000000e+00  0.000000e+00  0.000000e+00  0.000000e+00  0.000000e+00
-2.518680  0.000000e+00  0.000000e+00  0.000000e+00  0.000000e+00  0.000000e+00  0.000000e+00
-2.516379  0.000000e+00  0.000000e+00  0.000000e+00  0.000000e+00  0.000000e+00  0.000000e+00
-2.514078  0.000000e+00  0.000000e+00  0.000000e+00  0.000000e+00  0.000000e+00  0.000000e+00
-2.511777  0.000000e+00  0.000000e+00  0.000000e+00  0.000000e+00  0.000000e+00  0.000000e+00
-2.509476  0.000000e+00  0.000000e+00  0.000000e+00  0.000000e+00  0.000000e+00  0.000000e+00
-2.507175  0.000000e+00  0.000000e+00  0.000000e+00  0.000000e+00  0.000000e+00  0.000000e+00
-2.504874  0.000000e+00  0.000000e+00  0.000000e+00  0.000000e+00  0.000000e+00  0.000000e+00
-2.502573  0.000000e+00  0.000000e+00  0.000000e+00  0.000000e+00  0.000000e+00  0.000000e+00
-2.500272  0.000000e+00  0.000000e+00  0.000000e+00  0.000000e+00  0.000000e+00  0.000000e+00
-2.497971  0.000000e+00  0.000000e+00  0.000000e+00  0.000000e+00  0.000000e+00  0.000000e+00
-2.495669  0.000000e+00  0.000000e+00  0.000000e+00  0.000000e+00  0.000000e+00  0.000000e+00
-2.493368  0.000000e+00  0.000000e+00  0.000000e+00  0.000000e+00  0.000000e+00  0.000000e+00
-2.491067  0.000000e+00  0.000000e+00  0.000000e+00  0.000000e+00  0.000000e+00  0.000000e+00
-2.488766  0.000000e+00  0.000000e+00  0.000000e+00  0.000000e+00  0.000000e+00  0.000000e+00
-2.486465  0.000000e+00  0.000000e+00  0.000000e+00  0.000000e+00  0.000000e+00  0.000000e+00
-2.484164  0.000000e+00  0.000000e+00  0.000000e+00  0.000000e+00  0.000000e+00  0.000000e+00
-2.481863  0.000000e+00  0.000000e+00  0.000000e+00  0.000000e+00  0.000000e+00  0.000000e+00
-2.479562  0.000000e+00  0.000000e+00  0.000000e+00  0.000000e+00  0.000000e+00  0.000000e+00
-2.477261  0.000000e+00  0.000000e+00  0.000000e+00  0.000000e+00  0.000000e+00  0.000000e+00
-2.474960  0.000000e+00  0.000000e+00  0.000000e+00  0.000000e+00  0.000000e+00  0.000000e+00
-2.472659  0.000000e+00  0.000000e+00  0.000000e+00  0.000000e+00  0.000000e+00  0.000000e+00
-2.470358  0.000000e+00  0.000000e+00  0.000000e+00  0.000000e+00  0.000000e+00  0.000000e+00
-2.468057  0.000000e+00  0.000000e+00  0.000000e+00  0.000000e+00  0.000000e+00  0.000000e+00
-2.465756  0.000000e+00  0.000000e+00  0.000000e+00  0.000000e+00  0.000000e+00  0.000000e+00
-2.463455  0.000000e+00  0.000000e+00  0.000000e+00  0.000000e+00  0.000000e+00  0.000000e+00
-2.461154  0.000000e+00  0.000000e+00  0.000000e+00  0.000000e+00  0.000000e+00  0.000000e+00
-2.458853  0.000000e+00  0.000000e+00  0.000000e+00  0.000000e+00  0.000000e+00  0.000000e+00
-2.456552  0.000000e+00  0.000000e+00  0.000000e+00  0.000000e+00  0.000000e+00  0.000000e+00
-2.454251  0.000000e+00  0.000000e+00  0.000000e+00  0.000000e+00  0.000000e+00  0.000000e+00
-2.451950  0.000000e+00  0.000000e+00  0.000000e+00  0.000000e+00  0.000000e+00  0.000000e+00
-2.449649  0.000000e+00  0.000000e+00  0.000000e+00  0.000000e+00  0.000000e+00  0.000000e+00
-2.447348  0.000000e+00  0.000000e+00  0.000000e+00  0.000000e+00  0.000000e+00  0.000000e+00
-2.445047  0.000000e+00  0.000000e+00  0.000000e+00  0.000000e+00  0.000000e+00  0.000000e+00
-2.442746  0.000000e+00  0.000000e+00  0.000000e+00  0.000000e+00  0.000000e+00  0.000000e+00
-2.440445  0.000000e+00  0.000000e+00  0.000000e+00  0.000000e+00  0.000000e+00  0.000000e+00
-2.438144  0.000000e+00  0.000000e+00  0.000000e+00  0.000000e+00  0.000000e+00  0.000000e+00
-2.435843  0.000000e+00  0.000000e+00  0.000000e+00  0.000000e+00  0.000000e+00  0.000000e+00
-2.433542  0.000000e+00  0.000000e+00  0.000000e+00  0.000000e+00  0.000000e+00  0.000000e+00
-2.431241  0.000000e+00  0.000000e+00  0.000000e+00  0.000000e+00  0.000000e+00  0.000000e+00
-2.428940  0.000000e+00  0.000000e+00  0.000000e+00  0.000000e+00  0.000000e+00  0.000000e+00
-2.426639  0.000000e+00  0.000000e+00  0.000000e+00  0.000000e+00  0.000000e+00  0.000000e+00
-2.424338  0.000000e+00  0.000000e+00  0.000000e+00  0.000000e+00  0.000000e+00  0.000000e+00
-2.422037  0.000000e+00  0.000000e+00  0.000000e+00  0.000000e+00  0.000000e+00  0.000000e+00
-2.419736  0.000000e+00  0.000000e+00  0.000000e+00  0.000000e+00  0.000000e+00  0.000000e+00
-2.417434  0.000000e+00  0.000000e+00  0.000000e+00  0.000000e+00  0.000000e+00  0.000000e+00
-2.415133  0.000000e+00  0.000000e+00  0.000000e+00  0.000000e+00  0.000000e+00  0.000000e+00
-2.412832  0.000000e+00  0.000000e+00  0.000000e+00  0.000000e+00  0.000000e+00  0.000000e+00
-2.410531  0.000000e+00  0.000000e+00  0.000000e+00  0.000000e+00  0.000000e+00  0.000000e+00
-2.408230  0.000000e+00  0.000000e+00  0.000000e+00  0.000000e+00  0.000000e+00  0.000000e+00
-2.405929  0.000000e+00  0.000000e+00  0.000000e+00  0.000000e+00  0.000000e+00  0.000000e+00
-2.403628  0.000000e+00  0.000000e+00  0.000000e+00  0.000000e+00  0.000000e+00  0.000000e+00
-2.401327  0.000000e+00  0.000000e+00  0.000000e+00  0.000000e+00  0.000000e+00  0.000000e+00
-2.399026  0.000000e+00  0.000000e+00  0.000000e+00  0.000000e+00  0.000000e+00  0.000000e+00
-2.396725  0.000000e+00  0.000000e+00  0.000000e+00  0.000000e+00  0.000000e+00  0.000000e+00
-2.394424  0.000000e+00  0.000000e+00  0.000000e+00  0.000000e+00  0.000000e+00  0.000000e+00
-2.392123  0.000000e+00  0.000000e+00  0.000000e+00  0.000000e+00  0.000000e+00  0.000000e+00
-2.389822  0.000000e+00  0.000000e+00  0.000000e+00  0.000000e+00  0.000000e+00  0.000000e+00
-2.387521  0.000000e+00  0.000000e+00  0.000000e+00  0.000000e+00  0.000000e+00  0.000000e+00
-2.385220  0.000000e+00  0.000000e+00  0.000000e+00  0.000000e+00  0.000000e+00  0.000000e+00
-2.382919  0.000000e+00  0.000000e+00  0.000000e+00  0.000000e+00  0.000000e+00  0.000000e+00
-2.380618  0.000000e+00  0.000000e+00  0.000000e+00  0.000000e+00  0.000000e+00  0.000000e+00
-2.378317  0.000000e+00  0.000000e+00  0.000000e+00  0.000000e+00  0.000000e+00  0.000000e+00
-2.376016  0.000000e+00  0.000000e+00  0.000000e+00  0.000000e+00  0.000000e+00  0.000000e+00
-2.373715  0.000000e+00  0.000000e+00  0.000000e+00  0.000000e+00  0.000000e+00  0.000000e+00
-2.371414  0.000000e+00  0.000000e+00  0.000000e+00  0.000000e+00  0.000000e+00  0.000000e+00
-2.369113  0.000000e+00  0.000000e+00  0.000000e+00  0.000000e+00  0.000000e+00  0.000000e+00
-2.366812  0.000000e+00  0.000000e+00  0.000000e+00  0.000000e+00  0.000000e+00  0.000000e+00
-2.364511  0.000000e+00  0.000000e+00  0.000000e+00  0.000000e+00  0.000000e+00  0.000000e+00
-2.362210  0.000000e+00  0.000000e+00  0.000000e+00  0.000000e+00  0.000000e+00  0.000000e+00
-2.359909  0.000000e+00  0.000000e+00  0.000000e+00  0.000000e+00  0.000000e+00  0.000000e+00
-2.357608  0.000000e+00  0.000000e+00  0.000000e+00  0.000000e+00  0.000000e+00  0.000000e+00
-2.355307  0.000000e+00  0.000000e+00  0.000000e+00  0.000000e+00  0.000000e+00  0.000000e+00
-2.353006  0.000000e+00  0.000000e+00  0.000000e+00  0.000000e+00  0.000000e+00  0.000000e+00
-2.350705  0.000000e+00  0.000000e+00  0.000000e+00  0.000000e+00  0.000000e+00  0.000000e+00
-2.348404  0.000000e+00  0.000000e+00  0.000000e+00  0.000000e+00  0.000000e+00  0.000000e+00
-2.346103  0.000000e+00  0.000000e+00  0.000000e+00  0.000000e+00  0.000000e+00  0.000000e+00
-2.343802  0.000000e+00  0.000000e+00  0.000000e+00  0.000000e+00  0.000000e+00  0.000000e+00
-2.341500  0.000000e+00  0.000000e+00  0.000000e+00  0.000000e+00  0.000000e+00  0.000000e+00
-2.339199  0.000000e+00  0.000000e+00  0.000000e+00  0.000000e+00  0.000000e+00  0.000000e+00
-2.336898  0.000000e+00  0.000000e+00  0.000000e+00  0.000000e+00  0.000000e+00  0.000000e+00
-2.334597  0.000000e+00  0.000000e+00  0.000000e+00  0.000000e+00  0.000000e+00  0.000000e+00
-2.332296  0.000000e+00  0.000000e+00  0.000000e+00  0.000000e+00  0.000000e+00  0.000000e+00
-2.329995  0.000000e+00  0.000000e+00  0.000000e+00  0.000000e+00  0.000000e+00  0.000000e+00
-2.327694  0.000000e+00  0.000000e+00  0.000000e+00  0.000000e+00  0.000000e+00  0.000000e+00
-2.325393  0.000000e+00  0.000000e+00  0.000000e+00  0.000000e+00  0.000000e+00  0.000000e+00
-2.323092  0.000000e+00  0.000000e+00  0.000000e+00  0.000000e+00  0.000000e+00  0.000000e+00
-2.320791  0.000000e+00  0.000000e+00  0.000000e+00  0.000000e+00  0.000000e+00  0.000000e+00
-2.318490  0.000000e+00  0.000000e+00  0.000000e+00  0.000000e+00  0.000000e+00  0.000000e+00
-2.316189  0.000000e+00  0.000000e+00  0.000000e+00  0.000000e+00  0.000000e+00  0.000000e+00
-2.313888  0.000000e+00  0.000000e+00  0.000000e+00  0.000000e+00  0.000000e+00  0.000000e+00
-2.311587  0.000000e+00  0.000000e+00  0.000000e+00  0.000000e+00  0.000000e+00  0.000000e+00
-2.309286  0.000000e+00  0.000000e+00  0.000000e+00  0.000000e+00  0.000000e+00  0.000000e+00
-2.306985  0.000000e+00  0.000000e+00  0.000000e+00  0.000000e+00  0.000000e+00  0.000000e+00
-2.304684  0.000000e+00  0.000000e+00  0.000000e+00  0.000000e+00  0.000000e+00  0.000000e+00
-2.302383  0.000000e+00  0.000000e+00  0.000000e+00  0.000000e+00  0.000000e+00  0.000000e+00
-2.300082  0.000000e+00  0.000000e+00  0.000000e+00  0.000000e+00  0.000000e+00  0.000000e+00
-2.297781  0.000000e+00  0.000000e+00  0.000000e+00  0.000000e+00  0.000000e+00  0.000000e+00
-2.295480  0.000000e+00  0.000000e+00  0.000000e+00  0.000000e+00  0.000000e+00  0.000000e+00
-2.293179  0.000000e+00  0.000000e+00  0.000000e+00  0.000000e+00  0.000000e+00  0.000000e+00
-2.290878  0.000000e+00  0.000000e+00  0.000000e+00  0.000000e+00  0.000000e+00  0.000000e+00
-2.288577  0.000000e+00  0.000000e+00  0.000000e+00  0.000000e+00  0.000000e+00  0.000000e+00
-2.286276  0.000000e+00  0.000000e+00  0.000000e+00  0.000000e+00  0.000000e+00  0.000000e+00
-2.283975  0.000000e+00  0.000000e+00  0.000000e+00  0.000000e+00  0.000000e+00  0.000000e+00
-2.281674  0.000000e+00  0.000000e+00  0.000000e+00  0.000000e+00  0.000000e+00  0.000000e+00
-2.279373  0.000000e+00  0.000000e+00  0.000000e+00  0.000000e+00  0.000000e+00  0.000000e+00
-2.277072  0.000000e+00  0.000000e+00  0.000000e+00  0.000000e+00  0.000000e+00  0.000000e+00
-2.274771  0.000000e+00  0.000000e+00  0.000000e+00  0.000000e+00  0.000000e+00  0.000000e+00
-2.272470  0.000000e+00  0.000000e+00  0.000000e+00  0.000000e+00  0.000000e+00  0.000000e+00
-2.270169  0.000000e+00  0.000000e+00  0.000000e+00  0.000000e+00  0.000000e+00  0.000000e+00
-2.267868  0.000000e+00  0.000000e+00  0.000000e+00  0.000000e+00  0.000000e+00  0.000000e+00
-2.265566  0.000000e+00  0.000000e+00  0.000000e+00  0.000000e+00  0.000000e+00  0.000000e+00
-2.263265  0.000000e+00  0.000000e+00  0.000000e+00  0.000000e+00  0.000000e+00  0.000000e+00
-2.260964  0.000000e+00  0.000000e+00  0.000000e+00  0.000000e+00  0.000000e+00  0.000000e+00
-2.258663  0.000000e+00  0.000000e+00  0.000000e+00  0.000000e+00  0.000000e+00  0.000000e+00
-2.256362  0.000000e+00  0.000000e+00  0.000000e+00  0.000000e+00  0.000000e+00  0.000000e+00
-2.254061  0.000000e+00  0.000000e+00  0.000000e+00  0.000000e+00  0.000000e+00  0.000000e+00
-2.251760  0.000000e+00  0.000000e+00  0.000000e+00  0.000000e+00  0.000000e+00  0.000000e+00
-2.249459  0.000000e+00  0.000000e+00  0.000000e+00  0.000000e+00  0.000000e+00  0.000000e+00
-2.247158  0.000000e+00  0.000000e+00  0.000000e+00  0.000000e+00  0.000000e+00  0.000000e+00
-2.244857  0.000000e+00  0.000000e+00  0.000000e+00  0.000000e+00  0.000000e+00  0.000000e+00
-2.242556  0.000000e+00  0.000000e+00  0.000000e+00  0.000000e+00  0.000000e+00  0.000000e+00
-2.240255  0.000000e+00  0.000000e+00  0.000000e+00  0.000000e+00  0.000000e+00  0.000000e+00
-2.237954  0.000000e+00  0.000000e+00  0.000000e+00  0.000000e+00  0.000000e+00  0.000000e+00
-2.235653  0.000000e+00  0.000000e+00  0.000000e+00  0.000000e+00  0.000000e+00  0.000000e+00
-2.233352  0.000000e+00  0.000000e+00  0.000000e+00  0.000000e+00  0.000000e+00  0.000000e+00
-2.231051  0.000000e+00  0.000000e+00  0.000000e+00  0.000000e+00  0.000000e+00  0.000000e+00
-2.228750  0.000000e+00  0.000000e+00  0.000000e+00  0.000000e+00  0.000000e+00  0.000000e+00
-2.226449  0.000000e+00  0.000000e+00  0.000000e+00  0.000000e+00  0.000000e+00  0.000000e+00
-2.224148  0.000000e+00  0.000000e+00  0.000000e+00  0.000000e+00  0.000000e+00  0.000000e+00
-2.221847  0.000000e+00  0.000000e+00  0.000000e+00  0.000000e+00  0.000000e+00  0.000000e+00
-2.219546  0.000000e+00  0.000000e+00  0.000000e+00  0.000000e+00  0.000000e+00  0.000000e+00
-2.217245  0.000000e+00  0.000000e+00  0.000000e+00  0.000000e+00  0.000000e+00  0.000000e+00
-2.214944  0.000000e+00  0.000000e+00  0.000000e+00  0.000000e+00  0.000000e+00  0.000000e+00
-2.212643  0.000000e+00  0.000000e+00  0.000000e+00  0.000000e+00  0.000000e+00  0.000000e+00
-2.210342  0.000000e+00  0.000000e+00  0.000000e+00  0.000000e+00  0.000000e+00  0.000000e+00
-2.208041  0.000000e+00  0.000000e+00  0.000000e+00  0.000000e+00  0.000000e+00  0.000000e+00
-2.205740  0.000000e+00  0.000000e+00  0.000000e+00  0.000000e+00  0.000000e+00  0.000000e+00
-2.203439  0.000000e+00  0.000000e+00  0.000000e+00  0.000000e+00  0.000000e+00  0.000000e+00
-2.201138  0.000000e+00  0.000000e+00  0.000000e+00  0.000000e+00  0.000000e+00  0.000000e+00
-2.198837  0.000000e+00  0.000000e+00  0.000000e+00  0.000000e+00  0.000000e+00  0.000000e+00
-2.196536  0.000000e+00  0.000000e+00  0.000000e+00  0.000000e+00  0.000000e+00  0.000000e+00
-2.194235  0.000000e+00  0.000000e+00  0.000000e+00  0.000000e+00  0.000000e+00  0.000000e+00
-2.191934  0.000000e+00  0.000000e+00  0.000000e+00  0.000000e+00  0.000000e+00  0.000000e+00
-2.189633  0.000000e+00  0.000000e+00  0.000000e+00  0.000000e+00  0.000000e+00  0.000000e+00
-2.187331  0.000000e+00  0.000000e+00  0.000000e+00  0.000000e+00  0.000000e+00  0.000000e+00
-2.185030  0.000000e+00  0.000000e+00  0.000000e+00  0.000000e+00  0.000000e+00  0.000000e+00
-2.182729  0.000000e+00  0.000000e+00  0.000000e+00  0.000000e+00  0.000000e+00  0.000000e+00
-2.180428  0.000000e+00  0.000000e+00  0.000000e+00  0.000000e+00  0.000000e+00  0.000000e+00
-2.178127  0.000000e+00  0.000000e+00  0.000000e+00  0.000000e+00  0.000000e+00  0.000000e+00
-2.175826  0.000000e+00  0.000000e+00  0.000000e+00  0.000000e+00  0.000000e+00  0.000000e+00
-2.173525  0.000000e+00  0.000000e+00  0.000000e+00  0.000000e+00  0.000000e+00  0.000000e+00
-2.171224  0.000000e+00  0.000000e+00  0.000000e+00  0.000000e+00  0.000000e+00  0.000000e+00
-2.168923  0.000000e+00  0.000000e+00  0.000000e+00  0.000000e+00  0.000000e+00  0.000000e+00
-2.166622  0.000000e+00  0.000000e+00  0.000000e+00  0.000000e+00  0.000000e+00  0.000000e+00
-2.164321  0.000000e+00  0.000000e+00  0.000000e+00  0.000000e+00  0.000000e+00  0.000000e+00
-2.162020  0.000000e+00  0.000000e+00  0.000000e+00  0.000000e+00  0.000000e+00  0.000000e+00
-2.159719  0.000000e+00  0.000000e+00  0.000000e+00  0.000000e+00  0.000000e+00  0.000000e+00
-2.157418  0.000000e+00  0.000000e+00  0.000000e+00  0.000000e+00  0.000000e+00  0.000000e+00
-2.155117  0.000000e+00  0.000000e+00  0.000000e+00  0.000000e+00  0.000000e+00  0.000000e+00
-2.152816  0.000000e+00  0.000000e+00  0.000000e+00  0.000000e+00  0.000000e+00  0.000000e+00
-2.150515  0.000000e+00  0.000000e+00  0.000000e+00  0.000000e+00  0.000000e+00  0.000000e+00
-2.148214  0.000000e+00  0.000000e+00  0.000000e+00  0.000000e+00  0.000000e+00  0.000000e+00
-2.145913  0.000000e+00  0.000000e+00  0.000000e+00  0.000000e+00  0.000000e+00  0.000000e+00
-2.143612  0.000000e+00  0.000000e+00  0.000000e+00  0.000000e+00  0.000000e+00  0.000000e+00
-2.141311  0.000000e+00  0.000000e+00  0.000000e+00  0.000000e+00  0.000000e+00  0.000000e+00
-2.139010  0.000000e+00  0.000000e+00  0.000000e+00  0.000000e+00  0.000000e+00  0.000000e+00
-2.136709  0.000000e+00  0.000000e+00  0.000000e+00  0.000000e+00  0.000000e+00  0.000000e+00
-2.134408  0.000000e+00  0.000000e+00  0.000000e+00  0.000000e+00  0.000000e+00  0.000000e+00
-2.132107  0.000000e+00  0.000000e+00  0.000000e+00  0.000000e+00  0.000000e+00  0.000000e+00
-2.129806  0.000000e+00  0.000000e+00  0.000000e+00  0.000000e+00  0.000000e+00  0.000000e+00
-2.127505  0.000000e+00  0.000000e+00  0.000000e+00  0.000000e+00  0.000000e+00  0.000000e+00
-2.125204  0.000000e+00  0.000000e+00  0.000000e+00  0.000000e+00  0.000000e+00  0.000000e+00
-2.122903  0.000000e+00  0.000000e+00  0.000000e+00  0.000000e+00  0.000000e+00  0.000000e+00
-2.120602  0.000000e+00  0.000000e+00  0.000000e+00  0.000000e+00  0.000000e+00  0.000000e+00
-2.118301  0.000000e+00  0.000000e+00  0.000000e+00  0.000000e+00  0.000000e+00  0.000000e+00
-2.116000  0.000000e+00  0.000000e+00  0.000000e+00  0.000000e+00  0.000000e+00  0.000000e+00
-2.113699  0.000000e+00  0.000000e+00  0.000000e+00  0.000000e+00  0.000000e+00  0.000000e+00
-2.111397  0.000000e+00  0.000000e+00  0.000000e+00  0.000000e+00  0.000000e+00  0.000000e+00
-2.109096  0.000000e+00  0.000000e+00  0.000000e+00  0.000000e+00  0.000000e+00  0.000000e+00
-2.106795  0.000000e+00  0.000000e+00  0.000000e+00  0.000000e+00  0.000000e+00  0.000000e+00
-2.104494  0.000000e+00  0.000000e+00  0.000000e+00  0.000000e+00  0.000000e+00  0.000000e+00
-2.102193  0.000000e+00  0.000000e+00  0.000000e+00  0.000000e+00  0.000000e+00  0.000000e+00
-2.099892  0.000000e+00  0.000000e+00  0.000000e+00  0.000000e+00  0.000000e+00  0.000000e+00
-2.097591  0.000000e+00  0.000000e+00  0.000000e+00  0.000000e+00  0.000000e+00  0.000000e+00
-2.095290  -1.608166e-04  -1.608166e-04  -1.608166e-04  -1.608166e-04  -1.608166e-04  -1.608166e-04
-2.092989  -1.556481e-04  -1.556481e-04  -1.556481e-04  -1.556481e-04  -1.556481e-04  -1.556481e-04
-2.090688  -1.502887e-04  -1.502887e-04  -1.502887e-04  -1.502887e-04  -1.502887e-04  -1.502887e-04
-2.088387  -1.447369e-04  -1.447369e-04  -1.447369e-04  -1.447369e-04  -1.447369e-04  -1.447369e-04
-2.086086  -1.389909e-04  -1.389909e-04  -1.389909e-04  -1.389909e-04  -1.389909e-04  -1.389909e-04
-2.083785  -1.330492e-04  -1.330492e-04  -1.330492e-04  -1.330492e-04  -1.330492e-04  -1.330492e-04
-2.081484  -1.269101e-04  -1.269101e-04  -1.269101e-04  -1.269101e-04  -1.269101e-04  -1.269101e-04
-2.079183  -1.205719e-04  -1.205719e-04  -1.205719e-04  -1.205719e-04  -1.205719e-04  -1.205719e-04
-2.076882  -1.140328e-04  -1.140328e-04  -1.140328e-04  -1.140328e-04  -1.140328e-04  -1.140328e-04
-2.074581  -1.072911e-04  -1.072911e-04  -1.072911e-04  -1.072911e-04  -1.072911e-04  -1.072911e-04
-2.072280  -1.003452e-04  -1.003452e-04  -1.003452e-04  -1.003452e-04  -1.003452e-04  -1.003452e-04
-2.069979  -9.319311e-05  -9.319311e-05  -9.319311e-05  -9.319311e-05  -9.319311e-05  -9.319311e-05
-2.067678  -8.583312e-05  -8.583312e-05  -8.583312e-05  -8.583312e-05  -8.583312e-05  -8.583312e-05
-2.065377  -7.826339e-05  -7.826339e-05  -7.826339e-05  -7.826339e-05  -7.826339e-05  -7.826339e-05
-2.063076  -7.048207e-05  -7.048207e-05  -7.048207e-05  -7.048207e-05  -7.048207e-05  -7.048207e-05
-2.060775  -6.248728e-05  -6.248728e-05  -6.248728e-05  -6.248728e-05  -6.248728e-05  -6.248728e-05
-2.058474  -5.427713e-05  -5.427713e-05  -5.427713e-05  -5.427713e-05  -5.427713e-05  -5.427713e-05
-2.056173  -4.584970e-05  -4.584970e-05  -4.584970e-05  -4.584970e-05  -4.584970e-05  -4.584970e-05
-2.053872  -3.720303e-05  -3.720303e-05  -3.720303e-05  -3.720303e-05  -3.720303e-05  -3.720303e-05
-2.051571  -2.833516e-05  -2.833516e-05  -2.833516e-05  -2.833516e-05  -2.833516e-05  -2.833516e-05
-2.049270  -1.924409e-05  -1.924409e-05  -1.924409e-05  -1.924409e-05  -1.924409e-05  -1.924409e-05
-2.046969  -9.927812e-06  -9.927812e-06  -9.927812e-06  -9.927812e-06  -9.927812e-06  -9.927812e-06
-2.044668  -3.842699e-07  -3.842699e-07  -3.842699e-07  -3.842699e-07  -3.842699e-07  -3.842699e-07
-2.042367  9.388603e-06  9.388603e-06  9.388603e-06  9.388603e-06  9.388603e-06  9.388603e-06
-2.040066  1.939290e-05  1.939290e-05  1.939290e-05  1.939290e-05  1.939290e-05  1.939290e-05
-2.037765  2.963075e-05  2.963075e-05  2.963075e-05  2.963075e-05  2.963075e-05  2.963075e-05
-2.035463  4.010429e-05  4.010429e-05  4.010429e-05  4.010429e-05  4.010429e-05  4.010429e-05
-2.033162  5.081571e-05  5.081571e-05  5.081571e-05  5.081571e-05  5.081571e-05  5.081571e-05
-2.030861  6.176719e-05  6.176719e-05  6.176719e-05  6.176719e-05  6.176719e-05  6.176719e-05
-2.028560  7.296098e-05  7.296098e-05  7.296098e-05  7.296098e-05  7.296098e-05  7.296098e-05
-2.026259  8.439932e-05  8.439932e-05  8.439932e-05  8.439932e-05  8.439932e-05  8.439932e-05
-2.023958  9.608449e-05  9.608449e-05  9.608449e-05  9.608449e-05  9.608449e-05  9.608449e-05
-2.021657  1.080188e-04  1.080188e-04  1.080188e-04  1.080188e-04  1.080188e-04  1.080188e-04
-2.019356  1.202046e-04  1.202046e-04  1.202046e-04  1.202046e-04  1.202046e-04  1.202046e-04
-2.017055  1.326443e-04  1.326443e-04  1.326443e-04  1.326443e-04  1.326443e-04  1.326443e-04
-2.014754  1.453402e-04  1.453402e-04  1.453402e-04  1.453402e-04  1.453402e-04  1.453402e-04
-2.012453  1.582948e-04  1.582948e-04  1.582948e-04  1.582948e-04  1.582948e-04  1.582948e-04
-2.010152  1.715105e-04  1.715105e-04  1.715105e-04  1.715105e-04  1.715105e-04  1.715105e-04
-2.007851  1.849898e-04  1.849898e-04  1.849898e-04  1.849898e-04  1.849898e-04  1.849898e-04
-2.005550  1.987353e-04  1.987353e-04  1.987353e-04  1.987353e-04  1.987353e-04  1.987353e-04
-2.003249  2.127494e-04  2.127494e-04  2.127494e-04  2.127494e-04  2.127494e-04  2.127494e-04
-2.000948  2.270348e-04  2.270348e-04  2.270348e-04  2.270348e-04  2.270348e-04  2.270348e-04
-1.998647  2.415940e-04  2.415940e-04  2.415940e-04  2.415940e-04  2.415940e-04  2.415940e-04
-1.996346  2.564297e-04  2.564297e-04  2.564297e-04  2.564297e-04  2.564297e-04  2.564297e-04
-1.994045  2.715445e-04  2.715445e-04  2.715445e-04  2.715445e-04  2.715445e-04  2.715445e-04
-1.991744  2.869412e-04  2.869412e-04  2.869412e-04  2.869412e-04  2.869412e-04  2.869412e-04
-1.989443  3.026225e-04  3.026225e-04  3.026225e-04  3.026225e-04  3.026225e-04  3.026225e-04
-1.987142  3.185912e-04  3.185912e-04  3.185912e-04  3.185912e-04  3.185912e-04  3.185912e-04
-1.984841  3.348500e-04  3.348500e-04  3.348500e-04  3.348500e-04  3.348500e-04  3.348500e-04
-1.982540  3.514017e-04  3.514017e-04  3.514017e-04  3.514017e-04  3.514017e-04  3.514017e-04
-1.980239  3.682493e-04  3.682493e-04  3.682493e-04  3.682493e-04  3.682493e-04  3.682493e-04
-1.977938  3.853957e-04  3.853957e-04  3.853957e-04  3.853957e-04  3.853957e-04  3.853957e-04
-1.975637  4.028437e-04  4.028437e-04  4.028437e-04  4.028437e-04  4.028437e-04  4.028437e-04
-1.973336  4.205963e-04  4.205963e-04  4.205963e-04  4.205963e-04  4.205963e-04  4.205963e-04
-1.971035  4.386566e-04  4.386566e-04  4.386566e-04  4.386566e-04  4.386566e-04  4.386566e-04
-1.968734  4.570275e-04  4.570275e-04  4.570275e-04  4.570275e-04  4.570275e-04  4.570275e-04
-1.966433  4.757122e-04  4.757122e-04  4.757122e-04  4.757122e-04  4.757122e-04  4.757122e-04
-1.964132  4.947138e-04  4.947138e-04  4.947138e-04  4.947138e-04  4.947138e-04  4.947138e-04
-1.961831  5.140353e-04  5.140353e-04  5.140353e-04  5.140353e-04  5.140353e-04  5.140353e-04
-1.959530  5.336801e-04  5.336801e-04  5.336801e-04  5.336801e-04  5.336801e-04  5.336801e-04
-1.957228  5.536512e-04  5.536512e-04  5.536512e-04  5.536512e-04  5.536512e-04  5.536512e-04
-1.954927  5.739520e-04  5.739520e-04  5.739520e-04  5.739520e-04  5.739520e-04  5.739520e-04
-1.952626  5.945858e-04  5.945858e-04  5.945858e-04  5.945858e-04  5.945858e-04  5.945858e-04
-1.950325  6.155558e-04  6.155558e-04  6.155558e-04  6.155558e-04  6.155558e-04  6.155558e-04
-1.948024  6.368655e-04  6.368655e-04  6.368655e-04  6.368655e-04  6.368655e-04  6.368655e-04
-1.945723  6.585182e-04  6.585182e-04  6.585182e-04  6.585182e-04  6.585182e-04  6.585182e-04
-1.943422  6.805175e-04  6.805175e-04  6.805175e-04  6.805175e-04  6.805175e-04  6.805175e-04
-1.941121  7.028668e-04  7.028668e-04  7.028668e-04  7.028668e-04  7.028668e-04  7.028668e-04
-1.938820  7.255696e-04  7.255696e-04  7.255696e-04  7.255696e-04  7.255696e-04  7.255696e-04
-1.936519  7.486295e-04  7.486295e-04  7.486295e-04  7.486295e-04  7.486295e-04  7.486295e-04
-1.934218  7.720501e-04  7.720501e-04  7.720501e-04  7.720501e-04  7.720501e-04  7.720501e-04
-1.931917  7.958351e-04  7.958351e-04  7.958351e-04  7.958351e-04  7.958351e-04  7.958351e-04
-1.929616  8.199882e-04  8.199882e-04  8.199882e-04  8.199882e-04  8.199882e-04  8.199882e-04
-1.927315  8.445131e-04  8.445131e-04  8.445131e-04  8.445131e-04  8.445131e-04  8.445131e-04
-1.925014  8.694136e-04  8.694136e-04  8.694136e-04  8.694136e-04  8.694136e-04  8.694136e-04
-1.922713  8.946935e-04  8.946935e-04  8.946935e-04  8.946935e-04  8.946935e-04  8.946935e-04
-1.920412  9.203567e-04  9.203567e-04  9.203567e-04  9.203567e-04  9.203567e-04  9.203567e-04
-1.918111  9.464072e-04  9.464072e-04  9.464072e-04  9.464072e-04  9.464072e-04  9.464072e-04
-1.915810  9.728487e-04  9.728487e-04  9.728487e-04  9.728487e-04  9.728487e-04  9.728487e-04
-1.913509  9.996855e-04  9.996855e-04  9.996855e-04  9.996855e-04  9.996855e-04  9.996855e-04
-1.911208  1.026921e-03  1.026921e-03  1.026921e-03  1.026921e-03  1.026921e-03  1.026921e-03
-1.908907  1.054561e-03  1.054561e-03  1.054561e-03  1.054561e-03  1.054561e-03  1.054561e-03
-1.906606  1.082607e-03  1.082607e-03  1.082607e-03  1.082607e-03  1.082607e-03  1.082607e-03
-1.904305  1.111066e-03  1.111066e-03  1.111066e-03  1.111066e-03  1.111066e-03  1.111066e-03
-1.902004  1.139940e-03  1.139940e-03  1.139940e-03  1.139940e-03  1.139940e-03  1.139940e-03
-1.899703  1.169235e-03  1.169235e-03  1.169235e-03  1.169235e-03  1.169235e-03  1.169235e-03
-1.897402  1.198954e-03  1.198954e-03  1.198954e-03  1.198954e-03  1.198954e-03  1.198954e-03
-1.895101  1.229101e-03  1.229101e-03  1.229101e-03  1.229101e-03  1.229101e-03  1.229101e-03
-1.892800  1.259683e-03  1.259683e-03  1.259683e-03  1.259683e-03  1.259683e-03  1.259683e-03
-1.890499  1.290702e-03  1.290702e-03  1.290702e-03  1.290702e-03  1.290702e-03  1.290702e-03
-1.888198  1.322163e-03  1.322163e-03  1.322163e-03  1.322163e-03  1.322163e-03  1.322163e-03
-1.885897  1.354071e-03  1.354071e-03  1.354071e-03  1.354071e-03  1.354071e-03  1.354071e-03
-1.883596  1.386431e-03  1.386431e-03  1.386431e-03  1.386431e-03  1.386431e-03  1.386431e-03
-1.881294  1.419247e-03  1.419247e-03  1.419247e-03  1.419247e-03  1.419247e-03  1.419247e-03
-1.878993  1.452524e-03  1.452524e-03  1.452524e-03  1.452524e-03  1.452524e-03  1.452524e-03
-1.876692  1.486267e-03  1.486267e-03  1.486267e-03  1.486267e-03  1.486267e-03  1.486267e-03
-1.874391  1.520481e-03  1.520481e-03  1.520481e-03  1.520481e-03  1.520481e-03  1.520481e-03
-1.872090  1.555170e-03  1.555170e-03  1.555170e-03  1.555170e-03  1.555170e-03  1.555170e-03
-1.869789  1.590340e-03  1.590340e-03  1.590340e-03  1.590340e-03  1.590340e-03  1.590340e-03
-1.867488  1.625996e-03  1.625996e-03  1.625996e-03  1.625996e-03  1.625996e-03  1.625996e-03
-1.865187  1.662142e-03  1.662142e-03  1.662142e-03  1.662142e-03  1.662142e-03  1.662142e-03
-1.862886  1.698783e-03  1.698783e-03  1.698783e-03  1.698783e-03  1.698783e-03  1.698783e-03
-1.860585  1.735926e-03  1.735926e-03  1.735926e-03  1.735926e-03  1.735926e-03  1.735926e-03
-1.858284  1.773575e-03  1.773575e-03  1.773575e-03  1.773575e-03  1.773575e-03  1.773575e-03
-1.855983  1.811735e-03  1.811735e-03  1.811735e-03  1.811735e-03  1.811735e-03  1.811735e-03
-1.853682  1.850413e-03  1.850413e-03  1.850413e-03  1.850413e-03  1.850413e-03  1.850413e-03
-1.851381  1.889612e-03  1.889612e-03  1.889612e-03  1.889612e-03  1.889612e-03  1.889612e-03
-1.849080  1.929340e-03  1.929340e-03  1.929340e-03  1.929340e-03  1.929340e-03  1.929340e-03
-1.846779  1.969601e-03  1.969601e-03  1.969601e-03  1.969601e-03  1.969601e-03  1.969601e-03
-1.844478  2.010401e-03  2.010401e-03  2.010401e-03  2.010401e-03  2.010401e-03  2.010401e-03
-1.842177  2.051745e-03  2.051745e-03  2.051745e-03  2.051745e-03  2.051745e-03  2.051745e-03
-1.839876  2.093640e-03  2.093640e-03  2.093640e-03  2.093640e-03  2.093640e-03  2.093640e-03
-1.837575  2.136091e-03  2.136091e-03  2.136091e-03  2.136091e-03  2.136091e-03  2.136091e-03
-1.835274  2.179104e-03  2.179104e-03  2.179104e-03  2.179104e-03  2.179104e-03  2.179104e-03
-1.832973  2.222685e-03  2.222685e-03  2.222685e-03  2.222685e-03  2.222685e-03  2.222685e-03
-1.830672  2.266840e-03  2.266840e-03  2.266840e-03  2.266840e-03  2.266840e-03  2.266840e-03
-1.828371  2.311575e-03  2.311575e-03  2.311575e-03  2.311575e-03  2.311575e-03  2.311575e-03
-1.826070  2.356897e-03  2.356897e-03  2.356897e-03  2.356897e-03  2.356897e-03  2.356897e-03
-1.823769  2.402811e-03  2.402811e-03  2.402811e-03  2.402811e-03  2.402811e-03  2.402811e-03
-1.821468  2.449328e-03  2.449328e-03  2.449328e-03  2.449328e-03  2.449328e-03  2.449328e-03
-1.819167  2.496479e-03  2.496479e-03  2.496479e-03  2.496479e-03  2.496479e-03  2.496479e-03
-1.816866  2.544295e-03  2.544295e-03  2.544295e-03  2.544295e-03  2.544295e-03  2.544295e-03
-1.814565  2.592811e-03  2.592811e-03  2.592811e-03  2.592811e-03  2.592811e-03  2.592811e-03
-1.812264  2.642060e-03  2.642060e-03  2.642060e-03  2.642060e-03  2.642060e-03  2.642060e-03
-1.809963  2.692076e-03  2.692076e-03  2.692076e-03  2.692076e-03  2.692076e-03  2.692076e-03
-1.807662  2.742894e-03  2.742894e-03  2.742894e-03  2.742894e-03  2.742894e-03  2.742894e-03
-1.805360  2.794548e-03  2.794548e-03  2.794548e-03  2.794548e-03  2.794548e-03  2.794548e-03
-1.803059  2.847074e-03  2.847074e-03  2.847074e-03  2.847074e-03  2.847074e-03  2.847074e-03
-1.800758  2.900507e-03  2.900507e-03  2.900507e-03  2.900507e-03  2.900507e-03  2.900507e-03
-1.798457  2.954883e-03  2.954883e-03  2.954883e-03  2.954883e-03  2.954883e-03  2.954883e-03
-1.796156  3.010239e-03  3.010239e-03  3.010239e-03  3.010239e-03  3.010239e-03  3.010239e-03
-1.793855  3.066612e-03  3.066612e-03  3.066612e-03  3.066612e-03  3.066612e-03  3.066612e-03
-1.791554  3.124038e-03  3.124038e-03  3.124038e-03  3.124038e-03  3.124038e-03  3.124038e-03
-1.789253  3.182555e-03  3.182555e-03  3.182555e-03  3.182555e-03  3.182555e-03  3.182555e-03
-1.786952  3.242201e-03  3.242201e-03  3.242201e-03  3.242201e-03  3.242201e-03  3.242201e-03
-1.784651  3.303015e-03  3.303015e-03  3.303015e-03  3.303015e-03  3.303015e-03  3.303015e-03
-1.782350  3.365035e-03  3.365035e-03  3.365035e-03  3.365035e-03  3.365035e-03  3.365035e-03
-1.780049  3.428301e-03  3.428301e-03  3.428301e-03  3.428301e-03  3.428301e-03  3.428301e-03
-1.777748  3.492853e-03  3.492853e-03  3.492853e-03  3.492853e-03  3.492853e-03  3.492853e-03
-1.775447  3.558730e-03  3.558730e-03  3.558730e-03  3.558730e-03  3.558730e-03  3.558730e-03
-1.773146  3.625973e-03  3.625973e-03  3.625973e-03  3.625973e-03  3.625973e-03  3.625973e-03
-1.770845  3.694624e-03  3.694624e-03  3.694624e-03  3.694624e-03  3.694624e-03  3.694624e-03
-1.768544  3.764724e-03  3.764724e-03  3.764724e-03  3.764724e-03  3.764724e-03  3.764724e-03
-1.766243  3.836314e-03  3.836314e-03  3.836314e-03  3.836314e-03  3.836314e-03  3.836314e-03
-1.763942  3.909437e-03  3.909437e-03  3.909437e-03  3.909437e-03  3.909437e-03  3.909437e-03
-1.761641  3.984137e-03  3.984137e-03  3.984137e-03  3.984137e-03  3.984137e-03  3.984137e-03
-1.759340  4.060456e-03  4.060456e-03  4.060456e-03  4.060456e-03  4.060456e-03  4.060456e-03
-1.757039  4.138438e-03  4.138438e-03  4.138438e-03  4.138438e-03  4.138438e-03  4.138438e-03
-1.754738  4.218128e-03  4.218128e-03  4.218128e-03  4.218128e-03  4.218128e-03  4.218128e-03
-1.752437  4.299571e-03  4.299571e-03  4.299571e-03  4.299571e-03  4.299571e-03  4.299571e-03
-1.750136  4.382812e-03  4.382812e-03  4.382812e-03  4.382812e-03  4.382812e-03  4.382812e-03
-1.747835  4.467896e-03  4.467896e-03  4.467896e-03  4.467896e-03  4.467896e-03  4.467896e-03
-1.745534  4.554871e-03  4.554871e-03  4.554871e-03  4.554871e-03  4.554871e-03  4.554871e-03
-1.743233  4.643783e-03  4.643783e-03  4.643783e-03  4.643783e-03  4.643783e-03  4.643783e-03
-1.740932  4.734680e-03  4.734680e-03  4.734680e-03  4.734680e-03  4.734680e-03  4.734680e-03
-1.738631  4.827609e-03  4.827609e-03  4.827609e-03  4.827609e-03  4.827609e-03  4.827609e-03
-1.736330  4.922620e-03  4.922620e-03  4.922620e-03  4.922620e-03  4.922620e-03  4.922620e-03
-1.734029  5.019760e-03  5.019760e-03  5.019760e-03  5.019760e-03  5.019760e-03  5.019760e-03
-1.731728  5.119081e-03  5.119081e-03  5.119081e-03  5.119081e-03  5.119081e-03  5.119081e-03
-1.729427  5.220631e-03  5.220631e-03  5.220631e-03  5.220631e-03  5.220631e-03  5.220631e-03
-1.727125  5.324462e-03  5.324462e-03  5.324462e-03  5.324462e-03  5.324462e-03  5.324462e-03
-1.724824  5.430625e-03  5.430625e-03  5.430625e-03  5.430625e-03  5.430625e-03  5.430625e-03
-1.722523  5.539173e-03  5.539173e-03  5.539173e-03  5.539173e-03  5.539173e-03  5.539173e-03
-1.720222  5.650156e-03  5.650156e-03  5.650156e-03  5.650156e-03  5.650156e-03  5.650156e-03
-1.717921  5.763630e-03  5.763630e-03  5.763630e-03  5.763630e-03  5.763630e-03  5.763630e-03
-1.715620  5.879646e-03  5.879646e-03  5.879646e-03  5.879646e-03  5.879646e-03  5.879646e-03
-1.713319  5.998260e-03  5.998260e-03  5.998260e-03  5.998260e-03  5.998260e-03  5.998260e-03
-1.711018  6.119527e-03  6.119527e-03  6.119527e-03  6.119527e-03  6.119527e-03  6.119527e-03
-1.708717  6.243501e-03  6.243501e-03  6.243501e-03  6.243501e-03  6.243501e-03  6.243501e-03
-1.706416  6.370240e-03  6.370240e-03  6.370240e-03  6.370240e-03  6.370240e-03  6.370240e-03
-1.704115  6.499800e-03  6.499800e-03  6.499800e-03  6.499800e-03  6.499800e-03  6.499800e-03
-1.701814  6.632238e-03  6.632238e-03  6.632238e-03  6.632238e-03  6.632238e-03  6.632238e-03
-1.699513  6.767613e-03  6.767613e-03  6.767613e-03  6.767613e-03  6.767613e-03  6.767613e-03
-1.697212  6.905983e-03  6.905983e-03  6.905983e-03  6.905983e-03  6.905983e-03  6.905983e-03
-1.694911  7.047414e-03  7.047414e-03  7.047414e-03  7.047414e-03  7.047414e-03  7.047414e-03
-1.692610  7.191973e-03  7.191973e-03  7.191973e-03  7.191973e-03  7.191973e-03  7.191973e-03
-1.690309  7.339728e-03  7.339728e-03  7.339728e-03  7.339728e-03  7.339728e-03  7.339728e-03
-1.688008  7.490748e-03  7.490748e-03  7.490748e-03  7.490748e-03  7.490748e-03  7.490748e-03
-1.685707  7.645102e-03  7.645102e-03  7.645102e-03  7.645102e-03  7.645102e-03  7.645102e-03
-1.683406  7.802862e-03  7.802862e-03  7.802862e-03  7.802862e-03  7.802862e-03  7.802862e-03
-1.681105  7.964098e-03  7.964098e-03  7.964098e-03  7.964098e-03  7.964098e-03  7.964098e-03
-1.678804  8.128884e-03  8.128884e-03  8.128884e-03  8.128884e-03  8.128884e-03  8.128884e-03
-1.676503  8.297291e-03  8.297291e-03  8.297291e-03  8.297291e-03  8.297291e-03  8.297291e-03
-1.674202  8.469393e-03  8.469393e-03  8.469393e-03  8.469393e-03  8.469393e-03  8.469393e-03
-1.671901  8.645266e-03  8.645266e-03  8.645266e-03  8.645266e-03  8.645266e-03  8.645266e-03
-1.669600  8.824985e-03  8.824985e-03  8.824985e-03  8.824985e-03  8.824985e-03  8.824985e-03
-1.667299  9.008626e-03  9.008626e-03  9.008626e-03  9.008626e-03  9.008626e-03  9.008626e-03
-1.664998  9.196266e-03  9.196266e-03  9.196266e-03  9.196266e-03  9.196266e-03  9.196266e-03
-1.662697  9.387983e-03  9.387983e-03  9.387983e-03  9.387983e-03  9.387983e-03  9.387983e-03
-1.660396  9.583857e-03  9.583857e-03  9.583857e-03  9.583857e-03  9.583857e-03  9.583857e-03
-1.658095  9.783968e-03  9.783968e-03  9.783968e-03  9.783968e-03  9.783968e-03  9.783968e-03
-1.655794  9.988396e-03  9.988396e-03  9.988396e-03  9.988396e-03  9.988396e-03  9.988396e-03
-1.653493  1.019722e-02  1.019722e-02  1.019722e-02  1.019722e-02  1.019722e-02  1.019722e-02
-1.651191  1.041053e-02  1.041053e-02  1.041053e-02  1.041053e-02  1.041053e-02  1.041053e-02
-1.648890  1.062840e-02  1.062840e-02  1.062840e-02  1.062840e-02  1.062840e-02  1.062840e-02
-1.646589  1.085093e-02  1.085093e-02  1.085093e-02  1.085093e-02  1.085093e-02  1.085093e-02
-1.644288  1.107819e-02  1.107819e-02  1.107819e-02  1.107819e-02  1.107819e-02  1.107819e-02
-1.641987  1.131027e-02  1.131027e-02  1.131027e-02  1.131027e-02  1.131027e-02  1.131027e-02
-1.639686  1.154726e-02  1.154726e-02  1.154726e-02  1.154726e-02  1.154726e-02  1.154726e-02
-1.637385  1.178924e-02  1.178924e-02  1.178924e-02  1.178924e-02  1.178924e-02  1.178924e-02
-1.635084  1.203632e-02  1.203632e-02  1.203632e-02  1.203632e-02  1.203632e-02  1.203632e-02
-1.632783  1.228857e-02  1.228857e-02  1.228857e-02  1.228857e-02  1.228857e-02  1.228857e-02
-1.630482  1.254610e-02  1.254610e-02  1.254610e-02  1.254610e-02  1.254610e-02  1.254610e-02
-1.628181  1.280898e-02  1.280898e-02  1.280898e-02  1.280898e-02  1.280898e-02  1.280898e-02
-1.625880  1.307732e-02  1.307732e-02  1.307732e-02  1.307732e-02  1.307732e-02  1.307732e-02
-1.623579  1.335121e-02  1.335121e-02  1.335121e-02  1.335121e-02  1.335121e-02  1.335121e-02
-1.621278  1.363075e-02  1.363075e-02  1.363075e-02  1.363075e-02  1.363075e-02  1.363075e-02
-1.618977  1.391603e-02  1.391603e-02  1.391603e-02  1.391603e-02  1.391603e-02  1.391603e-02
-1.616676  1.420715e-02  1.420715e-02  1.420715e-02  1.420715e-02  1.420715e-02  1.420715e-02
-1.614375  1.450422e-02  1.450422e-02  1.450422e-02  1.450422e-02  1.450422e-02  1.450422e-02
-1.612074  1.480732e-02  1.480732e-02  1.480732e-02  1.480732e-02  1.480732e-02  1.480732e-02
-1.609773  1.511657e-02  1.511657e-02  1.511657e-02  1.511657e-02  1.511657e-02  1.511657e-02
-1.607472  1.543206e-02  1.543206e-02  1.543206e-02  1.543206e-02  1.543206e-02  1.543206e-02
-1.605171  1.575390e-02  1.575390e-02  1.575390e-02  1.575390e-02  1.575390e-02  1.575390e-02
-1.602870  1.608219e-02  1.608219e-02  1.608219e-02  1.608219e-02  1.608219e-02  1.608219e-02
-1.600569  1.641705e-02  1.641705e-02  1.641705e-02  1.641705e-02  1.641705e-02  1.641705e-02
-1.598268  1.675857e-02  1.675857e-02  1.675857e-02  1.675857e-02  1.675857e-02  1.675857e-02
-1.595967  1.710686e-02  1.710686e-02  1.710686e-02  1.710686e-02  1.710686e-02  1.710686e-02
-1.593666  1.746205e-02  1.746205e-02  1.746205e-02  1.746205e-02  1.746205e-02  1.746205e-02
-1.591365  1.782423e-02  1.782423e-02  1.782423e-02  1.782423e-02  1.782423e-02  1.782423e-02
-1.589064  1.819352e-02  1.819352e-02  1.819352e-02  1.819352e-02  1.819352e-02  1.819352e-02
-1.586763  1.857003e-02  1.857003e-02  1.857003e-02  1.857003e-02  1.857003e-02  1.857003e-02
-1.584462  1.895388e-02  1.895388e-02  1.895388e-02  1.895388e-02  1.895388e-02  1.895388e-02
-1.582161  1.934519e-02  1.934519e-02  1.934519e-02  1.934519e-02  1.934519e-02  1.934519e-02
-1.579860  1.974407e-02  1.974407e-02  1.974407e-02  1.974407e-02  1.974407e-02  1.974407e-02
-1.577559  2.015063e-02  2.015063e-02  2.015063e-02  2.015063e-02  2.015063e-02  2.015063e-02
-1.575257  2.056501e-02  2.056501e-02  2.056501e-02  2.056501e-02  2.056501e-02  2.056501e-02
-1.572956  2.098733e-02  2.098733e-02  2.098733e-02  2.098733e-02  2.098733e-02  2.098733e-02
-1.570655  2.141770e-02  2.141770e-02  2.141770e-02  2.141770e-02  2.141770e-02  2.141770e-02
-1.568354  2.185625e-02  2.185625e-02  2.185625e-02  2.185625e-02  2.185625e-02  2.185625e-02
-1.566053  2.230311e-02  2.230311e-02  2.230311e-02  2.230311e-02  2.230311e-02  2.230311e-02
-1.563752  2.275840e-02  2.275840e-02  2.275840e-02  2.275840e-02  2.275840e-02  2.275840e-02
-1.561451  2.322226e-02  2.322226e-02  2.322226e-02  2.322226e-02  2.322226e-02  2.322226e-02
-1.559150  2.369481e-02  2.369481e-02  2.369481e-02  2.369481e-02  2.369481e-02  2.369481e-02
-1.556849  2.417619e-02  2.417619e-02  2.417619e-02  2.417619e-02  2.417619e-02  2.417619e-02
-1.554548  2.466652e-02  2.466652e-02  2.466652e-02  2.466652e-02  2.466652e-02  2.466652e-02
-1.552247  2.516595e-02  2.516595e-02  2.516595e-02  2.516595e-02  2.516595e-02  2.516595e-02
-1.549946  2.567461e-02  2.567461e-02  2.567461e-02  2.567461e-02  2.567461e-02  2.567461e-02
-1.547645  2.619264e-02  2.619264e-02  2.619264e-02  2.619264e-02  2.619264e-02  2.619264e-02
-1.545344  2.672017e-02  2.672017e-02  2.672017e-02  2.672017e-02  2.672017e-02  2.672017e-02
-1.543043  2.725736e-02  2.725736e-02  2.725736e-02  2.725736e-02  2.725736e-02  2.725736e-02
-1.540742  2.780434e-02  2.780434e-02  2.780434e-02  2.780434e-02  2.780434e-02  2.780434e-02
-1.538441  2.836125e-02  2.836125e-02  2.836125e-02  2.836125e-02  2.836125e-02  2.836125e-02
-1.536140  2.892825e-02  2.892825e-02  2.892825e-02  2.892825e-02  2.892825e-02  2.892825e-02
-1.533839  2.950547e-02  2.950547e-02  2.950547e-02  2.950547e-02  2.950547e-02  2.950547e-02
-1.531538  3.009308e-02  3.009308e-02  3.009308e-02  3.009308e-02  3.009308e-02  3.009308e-02
-1.529237  3.069122e-02  3.069122e-02  3.069122e-02  3.069122e-02  3.069122e-02  3.069122e-02
-1.526936  3.130004e-02  3.130004e-02  3.130004e-02  3.130004e-02  3.130004e-02  3.130004e-02
-1.524635  3.191970e-02  3.191970e-02  3.191970e-02  3.191970e-02  3.191970e-02  3.191970e-02
-1.522334  3.255036e-02  3.255036e-02  3.255036e-02  3.255036e-02  3.255036e-02  3.255036e-02
-1.520033  3.319215e-02  3.319215e-02  3.319215e-02  3.319215e-02  3.319215e-02  3.319215e-02
-1.517732  3.384518e-02  3.384518e-02  3.384518e-02  3.384518e-02  3.384518e-02  3.384518e-02
-1.515431  3.450957e-02  3.450957e-02  3.450957e-02  3.450957e-02  3.450957e-02  3.450957e-02
-1.513130  3.518541e-02  3.518541e-02  3.518541e-02  3.518541e-02  3.518541e-02  3.518541e-02
-1.510829  3.587281e-02  3.587281e-02  3.587281e-02  3.587281e-02  3.587281e-02  3.587281e-02
-1.508528  3.657189e-02  3.657189e-02  3.657189e-02  3.657189e-02  3.657189e-02  3.657189e-02
-1.506227  3.728275e-02  3.728275e-02  3.728275e-02  3.728275e-02  3.728275e-02  3.728275e-02
-1.503926  3.800551e-02  3.800551e-02  3.800551e-02  3.800551e-02  3.800551e-02  3.800551e-02
-1.501625  3.874028e-02  3.874028e-02  3.874028e-02  3.874028e-02  3.874028e-02  3.874028e-02
-1.499324  3.948716e-02  3.948716e-02  3.948716e-02  3.948716e-02  3.948716e-02  3.948716e-02
-1.497022  4.024629e-02  4.024629e-02  4.024629e-02  4.024629e-02  4.024629e-02  4.024629e-02
-1.494721  4.101777e-02  4.101777e-02  4.101777e-02  4.101777e-02  4.101777e-02  4.101777e-02
-1.492420  4.180173e-02  4.180173e-02  4.180173e-02  4.180173e-02  4.180173e-02  4.180173e-02
-1.490119  4.259827e-02  4.259827e-02  4.259827e-02  4.259827e-02  4.259827e-02  4.259827e-02
-1.487818  4.340754e-02  4.340754e-02  4.340754e-02  4.340754e-02  4.340754e-02  4.340754e-02
-1.485517  4.422964e-02  4.422964e-02  4.422964e-02  4.422964e-02  4.422964e-02  4.422964e-02
-1.483216  4.506470e-02  4.506470e-02  4.506470e-02  4.506470e-02  4.506470e-02  4.506470e-02
-1.480915  4.591285e-02  4.591285e-02  4.591285e-02  4.591285e-02  4.591285e-02  4.591285e-02
-1.478614  4.677421e-02  4.677421e-02  4.677421e-02  4.677421e-02  4.677421e-02  4.677421e-02
-1.476313  4.764891e-02  4.764891e-02  4.764891e-02  4.764891e-02  4.764891e-02  4.764891e-02
-1.474012  4.853709e-02  4.853709e-02  4.853709e-02  4.853709e-02  4.853709e-02  4.853709e-02
-1.471711  4.943887e-02  4.943887e-02  4.943887e-02  4.943887e-02  4.943887e-02  4.943887e-02
-1.469410  5.035438e-02  5.035438e-02  5.035438e-02  5.035438e-02  5.035438e-02  5.035438e-02
-1.467109  5.128377e-02  5.128377e-02  5.128377e-02  5.128377e-02  5.128377e-02  5.128377e-02
-1.464808  5.222716e-02  5.222716e-02  5.222716e-02  5.222716e-02  5.222716e-02  5.222716e-02
-1.462507  5.318469e-02  5.318469e-02  5.318469e-02  5.318469e-02  5.318469e-02  5.318469e-02
-1.460206  5.415651e-02  5.415651e-02  5.415651e-02  5.415651e-02  5.415651e-02  5.415651e-02
-1.457905  5.514275e-02  5.514275e-02  5.514275e-02  5.514275e-02  5.514275e-02  5.514275e-02
-1.455604  5.614356e-02  5.614356e-02  5.614356e-02  5.614356e-02  5.614356e-02  5.614356e-02
-1.453303  5.715911e-02  5.715911e-02  5.715911e-02  5.715911e-02  5.715911e-02  5.715911e-02
-1.451002  5.818964e-02  5.818964e-02  5.818964e-02  5.818964e-02  5.818964e-02  5.818964e-02
-1.448701  5.923541e-02  5.923541e-02  5.923541e-02  5.923541e-02  5.923541e-02  5.923541e-02
-1.446400  6.029668e-02  6.029668e-02  6.029668e-02  6.029668e-02  6.029668e-02  6.029668e-02
-1.444099  6.137372e-02  6.137372e-02  6.137372e-02  6.137372e-02  6.137372e-02  6.137372e-02
-1.441798  6.246680e-02  6.246680e-02  6.246680e-02  6.246680e-02  6.246680e-02  6.246680e-02
-1.439497  6.357619e-02  6.357619e-02  6.357619e-02  6.357619e-02  6.357619e-02  6.357619e-02
-1.437196  6.470217e-02  6.470217e-02  6.470217e-02  6.470217e-02  6.470217e-02  6.470217e-02
-1.434895  6.584500e-02  6.584500e-02  6.584500e-02  6.584500e-02  6.584500e-02  6.584500e-02
-1.432594  6.700498e-02  6.700498e-02  6.700498e-02  6.700498e-02  6.700498e-02  6.700498e-02
-1.430293  6.818237e-02  6.818237e-02  6.818237e-02  6.818237e-02  6.818237e-02  6.818237e-02
-1.427992  6.937748e-02  6.937748e-02  6.937748e-02  6.937748e-02  6.937748e-02  6.937748e-02
-1.425691  7.059060e-02  7.059060e-02  7.059060e-02  7.059060e-02  7.059060e-02  7.059060e-02
-1.423390  7.182200e-02  7.182200e-02  7.182200e-02  7.182200e-02  7.182200e-02  7.182200e-02
-1.421088  7.307200e-02  7.307200e-02  7.307200e-02  7.307200e-02  7.307200e-02  7.307200e-02
-1.418787  7.434088e-02  7.434088e-02  7.434088e-02  7.434088e-02  7.434088e-02  7.434088e-02
-1.416486  7.562896e-02  7.562896e-02  7.562896e-02  7.562896e-02  7.562896e-02  7.562896e-02
-1.414185  7.693654e-02  7.693654e-02  7.693654e-02  7.693654e-02  7.693654e-02  7.693654e-02
-1.411884  7.826393e-02  7.826393e-02  7.826393e-02  7.826393e-02  7.826393e-02  7.826393e-02
-1.409583  7.961144e-02  7.961144e-02  7.961144e-02  7.961144e-02  7.961144e-02  7.961144e-02
-1.407282  8.097939e-02  8.097939e-02  8.097939e-02  8.097939e-02  8.097939e-02  8.097939e-02
-1.404981  8.236810e-02  8.236810e-02  8.236810e-02  8.236810e-02  8.236810e-02  8.236810e-02
-1.402680  8.377789e-02  8.377789e-02  8.377789e-02  8.377789e-02  8.377789e-02  8.377789e-02
-1.400379  8.520910e-02  8.520910e-02  8.520910e-02  8.520910e-02  8.520910e-02  8.520910e-02
-1.398078  8.666205e-02  8.666205e-02  8.666205e-02  8.666205e-02  8.666205e-02  8.666205e-02
-1.395777  8.844152e-02  8.844152e-02  8.844152e-02  8.844152e-02  8.844152e-02  8.844152e-02
-1.393476  8.992441e-02  8.992441e-02  8.992441e-02  8.992441e-02  8.992441e-02  8.992441e-02
-1.391175  9.142826e-02  9.142826e-02  9.142826e-02  9.142826e-02  9.142826e-02  9.142826e-02
-1.388874  9.295333e-02  9.295333e-02  9.295333e-02  9.295333e-02  9.295333e-02  9.295333e-02
-1.386573  9.449989e-02  9.449989e-02  9.449989e-02  9.449989e-02  9.449989e-02  9.449989e-02
-1.384272  9.606818e-02  9.606818e-02  9.606818e-02  9.606818e-02  9.606818e-02  9.606818e-02
-1.381971  9.765848e-02  9.765848e-02  9.765848e-02  9.765848e-02  9.765848e-02  9.765848e-02
-1.379670  9.927105e-02  9.927105e-02  9.927105e-02  9.927105e-02  9.927105e-02  9.927105e-02
-1.377369  1.009062e-01  1.009062e-01  1.009062e-01  1.009062e-01  1.009062e-01  1.009062e-01
-1.375068  1.025641e-01  1.025641e-01  1.025641e-01  1.025641e-01  1.025641e-01  1.025641e-01
-1.372767  1.042451e-01  1.042451e-01  1.042451e-01  1.042451e-01  1.042451e-01  1.042451e-01
-1.370466  1.059494e-01  1.059494e-01  1.059494e-01  1.059494e-01  1.059494e-01  1.059494e-01
-1.368165  1.076774e-01  1.076774e-01  1.076774e-01  1.076774e-01  1.076774e-01  1.076774e-01
-1.365864  1.094294e-01  1.094294e-01  1.094294e-01  1.094294e-01  1.094294e-01  1.094294e-01
-1.363563  1.112055e-01  1.112055e-01  1.112055e-01  1.112055e-01  1.112055e-01  1.112055e-01
-1.361262  1.130062e-01  1.130062e-01  1.130062e-01  1.130062e-01  1.130062e-01  1.130062e-01
-1.358961  1.148317e-01  1.148317e-01  1.148317e-01  1.148317e-01  1.148317e-01  1.148317e-01
-1.356660  1.166823e-01  1.166823e-01  1.166823e-01  1.166823e-01  1.166823e-01  1.166823e-01
-1.354359  1.185582e-01  1.185582e-01  1.185582e-01  1.185582e-01  1.185582e-01  1.185582e-01
-1.352058  1.204599e-01  1.204599e-01  1.204599e-01  1.204599e-01  1.204599e-01  1.204599e-01
-1.349757  1.223876e-01  1.223876e-01  1.223876e-01  1.223876e-01  1.223876e-01  1.223876e-01
-1.347456  1.243416e-01  1.243416e-01  1.243416e-01  1.243416e-01  1.243416e-01  1.243416e-01
-1.345154  1.263223e-01  1.263223e-01  1.263223e-01  1.263223e-01  1.263223e-01  1.263223e-01
-1.342853  1.283299e-01  1.283299e-01  1.283299e-01  1.283299e-01  1.283299e-01  1.283299e-01
-1.340552  1.303648e-01  1.303648e-01  1.303648e-01  1.303648e-01  1.303648e-01  1.303648e-01
-1.338251  1.324273e-01  1.324273e-01  1.324273e-01  1.324273e-01  1.324273e-01  1.324273e-01
-1.335950  1.345178e-01  1.345178e-01  1.345178e-01  1.345178e-01  1.345178e-01  1.345178e-01
-1.333649  1.366365e-01  1.366365e-01  1.366365e-01  1.366365e-01  1.366365e-01  1.366365e-01
-1.331348  1.387838e-01  1.387838e-01  1.387838e-01  1.387838e-01  1.387838e-01  1.387838e-01
-1.329047  1.409600e-01  1.409600e-01  1.409600e-01  1.409600e-01  1.409600e-01  1.409600e-01
-1.326746  1.431655e-01  1.431655e-01  1.431655e-01  1.431655e-01  1.431655e-01  1.431655e-01
-1.324445  1.454007e-01  1.454007e-01  1.454007e-01  1.454007e-01  1.454007e-01  1.454007e-01
-1.322144  1.476659e-01  1.476659e-01  1.476659e-01  1.476659e-01  1.476659e-01  1.476659e-01
-1.319843  1.499613e-01  1.499613e-01  1.499613e-01  1.499613e-01  1.499613e-01  1.499613e-01
-1.317542  1.522875e-01  1.522875e-01  1.522875e-01  1.522875e-01  1.522875e-01  1.522875e-01
-1.315241  1.546448e-01  1.546448e-01  1.546448e-01  1.546448e-01  1.546448e-01  1.546448e-01
-1.312940  1.570335e-01  1.570335e-01  1.570335e-01  1.570335e-01  1.570335e-01  1.570335e-01
-1.310639  1.594540e-01  1.594540e-01  1.594540e-01  1.594540e-01  1.594540e-01  1.594540e-01
-1.308338  1.619066e-01  1.619066e-01  1.619066e-01  1.619066e-01  1.619066e-01  1.619066e-01
-1.306037  1.643919e-01  1.643919e-01  1.643919e-01  1.643919e-01  1.643919e-01  1.643919e-01
-1.303736  1.669100e-01  1.669100e-01  1.669100e-01  1.669100e-01  1.669100e-01  1.669100e-01
-1.301435  1.694615e-01  1.694615e-01  1.694615e-01  1.694615e-01  1.694615e-01  1.694615e-01
-1.299134  1.720467e-01  1.720467e-01  1.720467e-01  1.720467e-01  1.720467e-01  1.720467e-01
-1.296833  1.746661e-01  1.746661e-01  1.746661e-01  1.746661e-01  1.746661e-01  1.746661e-01
-1.294532  1.773199e-01  1.773199e-01  1.773199e-01  1.773199e-01  1.773199e-01  1.773199e-01
-1.292231  1.800087e-01  1.800087e-01  1.800087e-01  1.800087e-01  1.800087e-01  1.800087e-01
-1.289930  1.827328e-01  1.827328e-01  1.827328e-01  1.827328e-01  1.827328e-01  1.827328e-01
-1.287629  1.854927e-01  1.854927e-01  1.854927e-01  1.854927e-01  1.854927e-01  1.854927e-01
-1.285328  1.882888e-01  1.882888e-01  1.882888e-01  1.882888e-01  1.882888e-01  1.882888e-01
-1.283027  1.911214e-01  1.911214e-01  1.911214e-01  1.911214e-01  1.911214e-01  1.911214e-01
-1.280726  1.939911e-01  1.939911e-01  1.939911e-01  1.939911e-01  1.939911e-01  1.939911e-01
-1.278425  1.968982e-01  1.968982e-01  1.968982e-01  1.968982e-01  1.968982e-01  1.968982e-01
-1.276124  1.998432e-01  1.998432e-01  1.998432e-01  1.998432e-01  1.998432e-01  1.998432e-01
-1.273823  2.028266e-01  2.028266e-01  2.028266e-01  2.028266e-01  2.028266e-01  2.028266e-01
-1.271522  2.058488e-01  2.058488e-01  2.058488e-01  2.058488e-01  2.058488e-01  2.058488e-01
-1.269221  2.089102e-01  2.089102e-01  2.089102e-01  2.089102e-01  2.089102e-01  2.089102e-01
-1.266919  2.120113e-01  2.120113e-01  2.120113e-01  2.120113e-01  2.120113e-01  2.120113e-01
-1.264618  2.151525e-01  2.151525e-01  2.151525e-01  2.151525e-01  2.151525e-01  2.151525e-01
-1.262317  2.183344e-01  2.183344e-01  2.183344e-01  2.183344e-01  2.183344e-01  2.183344e-01
-1.260016  2.215574e-01  2.215574e-01  2.215574e-01  2.215574e-01  2.215574e-01  2.215574e-01
-1.257715  2.248220e-01  2.248220e-01  2.248220e-01  2.248220e-01  2.248220e-01  2.248220e-01
-1.255414  2.281287e-01  2.281287e-01  2.281287e-01  2.281287e-01  2.281287e-01  2.281287e-01
-1.253113  2.314779e-01  2.314779e-01  2.314779e-01  2.314779e-01  2.314779e-01  2.314779e-01
-1.250812  2.348702e-01  2.348702e-01  2.348702e-01  2.348702e-01  2.348702e-01  2.348702e-01
-1.248511  2.383060e-01  2.383060e-01  2.383060e-01  2.383060e-01  2.383060e-01  2.383060e-01
-1.246210  2.417859e-01  2.417859e-01  2.417859e-01  2.417859e-01  2.417859e-01  2.417859e-01
-1.243909  2.453104e-01  2.453104e-01  2.453104e-01  2.453104e-01  2.453104e-01  2.453104e-01
-1.241608  2.488799e-01  2.488799e-01  2.488799e-01  2.488799e-01  2.488799e-01  2.488799e-01
-1.239307  2.524951e-01  2.524951e-01  2.524951e-01  2.524951e-01  2.524951e-01  2.524951e-01
-1.237006  2.561564e-01  2.561564e-01  2.561564e-01  2.561564e-01  2.561564e-01  2.561564e-01
-1.234705  2.598644e-01  2.598644e-01  2.598644e-01  2.598644e-01  2.598644e-01  2.598644e-01
-1.232404  2.636196e-01  2.636196e-01  2.636196e-01  2.636196e-01  2.636196e-01  2.636196e-01
-1.230103  2.674226e-01  2.674226e-01  2.674226e-01  2.674226e-01  2.674226e-01  2.674226e-01
-1.227802  2.712739e-01  2.712739e-01  2.712739e-01  2.712739e-01  2.712739e-01  2.712739e-01
-1.225501  2.751740e-01  2.751740e-01  2.751740e-01  2.751740e-01  2.751740e-01  2.751740e-01
-1.223200  2.791236e-01  2.791236e-01  2.791236e-01  2.791236e-01  2.791236e-01  2.791236e-01
-1.220899  2.831233e-01  2.831233e-01  2.831233e-01  2.831233e-01  2.831233e-01  2.831233e-01
-1.218598  2.871735e-01  2.871735e-01  2.871735e-01  2.871735e-01  2.871735e-01  2.871735e-01
-1.216297  2.912748e-01  2.912748e-01  2.912748e-01  2.912748e-01  2.912748e-01  2.912748e-01
-1.213996  2.954280e-01  2.954280e-01  2.954280e-01  2.954280e-01  2.954280e-01  2.954280e-01
-1.211695  2.996335e-01  2.996335e-01  2.996335e-01  2.996335e-01  2.996335e-01  2.996335e-01
-1.209394  3.038919e-01  3.038919e-01  3.038919e-01  3.038919e-01  3.038919e-01  3.038919e-01
-1.207093  3.082040e-01  3.082040e-01  3.082040e-01  3.082040e-01  3.082040e-01  3.082040e-01
-1.204792  3.125702e-01  3.125702e-01  3.125702e-01  3.125702e-01  3.125702e-01  3.125702e-01
-1.202491  3.169913e-01  3.169913e-01  3.169913e-01  3.169913e-01  3.169913e-01  3.169913e-01
-1.200190  3.214677e-01  3.214677e-01  3.214677e-01  3.214677e-01  3.214677e-01  3.214677e-01
-1.197889  3.260003e-01  3.260003e-01  3.260003e-01  3.260003e-01  3.260003e-01  3.260003e-01
-1.195588  3.305896e-01  3.305896e-01  3.305896e-01  3.305896e-01  3.305896e-01  3.305896e-01
-1.193287  3.352363e-01  3.352363e-01  3.352363e-01  3.352363e-01  3.352363e-01  3.352363e-01
-1.190985  3.399410e-01  3.399410e-01  3.399410e-01  3.399410e-01  3.399410e-01  3.399410e-01
-1.188684  3.447044e-01  3.447044e-01  3.447044e-01  3.447044e-01  3.447044e-01  3.447044e-01
-1.186383  3.495272e-01  3.495272e-01  3.495272e-01  3.495272e-01  3.495272e-01  3.495272e-01
-1.184082  3.544100e-01  3.544100e-01  3.544100e-01  3.544100e-01  3.544100e-01  3.544100e-01
-1.181781  3.593536e-01  3.593536e-01  3.593536e-01  3.593536e-01  3.593536e-01  3.593536e-01
-1.179480  3.643586e-01  3.643586e-01  3.643586e-01  3.643586e-01  3.643586e-01  3.643586e-01
-1.177179  3.694258e-01  3.694258e-01  3.694258e-01  3.694258e-01  3.694258e-01  3.694258e-01
-1.174878  3.745558e-01  3.745558e-01  3.745558e-01  3.745558e-01  3.745558e-01  3.745558e-01
-1.172577  3.797494e-01  3.797494e-01  3.797494e-01  3.797494e-01  3.797494e-01  3.797494e-01
-1.170276  3.850073e-01  3.850073e-01  3.850073e-01  3.850073e-01  3.850073e-01  3.850073e-01
-1.167975  3.903303e-01  3.903303e-01  3.903303e-01  3.903303e-01  3.903303e-01  3.903303e-01
-1.165674  3.957190e-01  3.957190e-01  3.957190e-01  3.957190e-01  3.957190e-01  3.957190e-01
-1.163373  4.011742e-01  4.011742e-01  4.011742e-01  4.011742e-01  4.011742e-01  4.011742e-01
-1.161072  4.066968e-01  4.066968e-01  4.066968e-01  4.066968e-01  4.066968e-01  4.066968e-01
-1.158771  4.122874e-01  4.122874e-01  4.122874e-01  4.122874e-01  4.122874e-01  4.122874e-01
-1.156470  4.179468e-01  4.179468e-01  4.179468e-01  4.179468e-01  4.179468e-01  4.179468e-01
-1.154169  4.236758e-01  4.236758e-01  4.236758e-01  4.236758e-01  4.236758e-01  4.236758e-01
-1.151868  4.294753e-01  4.294753e-01  4.294753e-01  4.294753e-01  4.294753e-01  4.294753e-01
-1.149567  4.353460e-01  4.353460e-01  4.353460e-01  4.353460e-01  4.353460e-01  4.353460e-01
-1.147266  4.412886e-01  4.412886e-01  4.412886e-01  4.412886e-01  4.412886e-01  4.412886e-01
-1.144965  4.473042e-01  4.473042e-01  4.473042e-01  4.473042e-01  4.473042e-01  4.473042e-01
-1.142664  4.533934e-01  4.533934e-01  4.533934e-01  4.533934e-01  4.533934e-01  4.533934e-01
-1.140363  4.595571e-01  4.595571e-01  4.595571e-01  4.595571e-01  4.595571e-01  4.595571e-01
-1.138062  4.657962e-01  4.657962e-01  4.657962e-01  4.657962e-01  4.657962e-01  4.657962e-01
-1.135761  4.721115e-01  4.721115e-01  4.721115e-01  4.721115e-01  4.721115e-01  4.721115e-01
-1.133460  4.785039e-01  4.785039e-01  4.785039e-01  4.785039e-01  4.785039e-01  4.785039e-01
-1.131159  4.849742e-01  4.849742e-01  4.849742e-01  4.849742e-01  4.849742e-01  4.849742e-01
-1.128858  4.915234e-01  4.915234e-01  4.915234e-01  4.915234e-01  4.915234e-01  4.915234e-01
-1.126557  4.981523e-01  4.981523e-01  4.981523e-01  4.981523e-01  4.981523e-01  4.981523e-01
-1.124256  5.048618e-01  5.048618e-01  5.048618e-01  5.048618e-01  5.048618e-01  5.048618e-01
-1.121955  5.116529e-01  5.116529e-01  5.116529e-01  5.116529e-01  5.116529e-01  5.116529e-01
-1.119654  5.185265e-01  5.185265e-01  5.185265e-01  5.185265e-01  5.185265e-01  5.185265e-01
-1.117353  5.254835e-01  5.254835e-01  5.254835e-01  5.254835e-01  5.254835e-01  5.254835e-01
-1.115051  5.325248e-01  5.325248e-01  5.325248e-01  5.325248e-01  5.325248e-01  5.325248e-01
-1.112750  5.396515e-01  5.396515e-01  5.396515e-01  5.396515e-01  5.396515e-01  5.396515e-01
-1.110449  5.468644e-01  5.468644e-01  5.468644e-01  5.468644e-01  5.468644e-01  5.468644e-01
-1.108148  5.541646e-01  5.541646e-01  5.541646e-01  5.541646e-01  5.541646e-01  5.541646e-01
-1.105847  5.615531e-01  5.615531e-01  5.615531e-01  5.615531e-01  5.615531e-01  5.615531e-01
-1.103546  5.690307e-01  5.690307e-01  5.690307e-01  5.690307e-01  5.690307e-01  5.690307e-01
-1.101245  5.765986e-01  5.765986e-01  5.765986e-01  5.765986e-01  5.765986e-01  5.765986e-01
-1.098944  5.842578e-01  5.842578e-01  5.842578e-01  5.842578e-01  5.842578e-01  5.842578e-01
-1.096643  5.920093e-01  5.920093e-01  5.920093e-01  5.920093e-01  5.920093e-01  5.920093e-01
-1.094342  5.998541e-01  5.998541e-01  5.998541e-01  5.998541e-01  5.998541e-01  5.998541e-01
-1.092041  6.077933e-01  6.077933e-01  6.077933e-01  6.077933e-01  6.077933e-01  6.077933e-01
-1.089740  6.158280e-01  6.158280e-01  6.158280e-01  6.158280e-01  6.158280e-01  6.158280e-01
-1.087439  6.239592e-01  6.239592e-01  6.239592e-01  6.239592e-01  6.239592e-01  6.239592e-01
-1.085138  6.321880e-01  6.321880e-01  6.321880e-01  6.321880e-01  6.321880e-01  6.321880e-01
-1.082837  6.405156e-01  6.405156e-01  6.405156e-01  6.405156e-01  6.405156e-01  6.405156e-01
-1.080536  6.489430e-01  6.489430e-01  6.489430e-01  6.489430e-01  6.489430e-01  6.489430e-01
-1.078235  6.574713e-01  6.574713e-01  6.574713e-01  6.574713e-01  6.574713e-01  6.574713e-01
-1.075934  6.661017e-01  6.661017e-01  6.661017e-01  6.661017e-01  6.661017e-01  6.661017e-01
-1.073633  6.748354e-01  6.748354e-01  6.748354e-01  6.748354e-01  6.748354e-01  6.748354e-01
-1.071332  6.836735e-01  6.836735e-01  6.836735e-01  6.836735e-01  6.836735e-01  6.836735e-01
-1.069031  6.926172e-01  6.926172e-01  6.926172e-01  6.926172e-01  6.926172e-01  6.926172e-01
-1.066730  7.016676e-01  7.016676e-01  7.016676e-01  7.016676e-01  7.016676e-01  7.016676e-01
-1.064429  7.108261e-01  7.108261e-01  7.108261e-01  7.108261e-01  7.108261e-01  7.108261e-01
-1.062128  7.200936e-01  7.200936e-01  7.200936e-01  7.200936e-01  7.200936e-01  7.200936e-01
-1.059827  7.294716e-01  7.294716e-01  7.294716e-01  7.294716e-01  7.294716e-01  7.294716e-01
-1.057526  7.389613e-01  7.389613e-01  7.389613e-01  7.389613e-01  7.389613e-01  7.389613e-01
-1.055225  7.485638e-01  7.485638e-01  7.485638e-01  7.485638e-01  7.485638e-01  7.485638e-01
-1.052924  7.582806e-01  7.582806e-01  7.582806e-01  7.582806e-01  7.582806e-01  7.582806e-01
-1.050623  7.681127e-01  7.681127e-01  7.681127e-01  7.681127e-01  7.681127e-01  7.681127e-01
-1.048322  7.780617e-01  7.780617e-01  7.780617e-01  7.780617e-01  7.780617e-01  7.780617e-01
-1.046021  7.881286e-01  7.881286e-01  7.881286e-01  7.881286e-01  7.881286e-01  7.881286e-01
-1.043720  7.983150e-01  7.983150e-01  7.983150e-01  7.983150e-01  7.983150e-01  7.983150e-01
-1.041419  8.086221e-01  8.086221e-01  8.086221e-01  8.086221e-01  8.086221e-01  8.086221e-01
-1.039118  8.190512e-01  8.190512e-01  8.190512e-01  8.190512e-01  8.190512e-01  8.190512e-01
-1.036816  8.296038e-01  8.296038e-01  8.296038e-01  8.296038e-01  8.296038e-01  8.296038e-01
-1.034515  8.402812e-01  8.402812e-01  8.402812e-01  8.402812e-01  8.402812e-01  8.402812e-01
-1.032214  8.510848e-01  8.510848e-01  8.510848e-01  8.510848e-01  8.510848e-01  8.510848e-01
-1.029913  8.620160e-01  8.620160e-01  8.620160e-01  8.620160e-01  8.620160e-01  8.620160e-01
-1.027612  8.730763e-01  8.730763e-01  8.730763e-01  8.730763e-01  8.730763e-01  8.730763e-01
-1.025311  8.842671e-01  8.842671e-01  8.842671e-01  8.842671e-01  8.842671e-01  8.842671e-01
-1.023010  8.955898e-01  8.955898e-01  8.955898e-01  8.955898e-01  8.955898e-01  8.955898e-01
-1.020709  9.070460e-01  9.070460e-01  9.070460e-01  9.070460e-01  9.070460e-01  9.070460e-01
-1.018408  9.186371e-01  9.186371e-01  9.186371e-01  9.186371e-01  9.186371e-01  9.186371e-01
-1.016107  9.303646e-01  9.303646e-01  9.303646e-01  9.303646e-01  9.303646e-01  9.303646e-01
-1.013806  9.422301e-01  9.422301e-01  9.422301e-01  9.422301e-01  9.422301e-01  9.422301e-01
-1.011505  9.542351e-01  9.542351e-01  9.542351e-01  9.542351e-01  9.542351e-01  9.542351e-01
-1.009204  9.663812e-01  9.663812e-01  9.663812e-01  9.663812e-01  9.663812e-01  9.663812e-01
-1.006903  9.786698e-01  9.786698e-01  9.786698e-01  9.786698e-01  9.786698e-01  9.786698e-01
-1.004602  9.911027e-01  9.911027e-01  9.911027e-01  9.911027e-01  9.911027e-01  9.911027e-01
-1.002301  1.003681e+00  1.003681e+00  1.003681e+00  1.003681e+00  1.003681e+00  1.003681e+00
-1.000000  1.016408e+00  1.016408e+00  1.016408e+00  1.016408e+00  1.016408e+00  1.016408e+00
