# Neutrino-40Ar cc cross section (10^-38 cm^2/GeV) #
# log(energy in GeV)  nu_e      nu_mu      nu_tau      nu_e_bar      nu_mu_bar    nu_tau_bar #

-3.301030  0.000000e+00  0.000000e+00  0.000000e+00  0.000000e+00  0.000000e+00  0.000000e+00
-3.298428  0.000000e+00  0.000000e+00  0.000000e+00  0.000000e+00  0.000000e+00  0.000000e+00
-3.295826  0.000000e+00  0.000000e+00  0.000000e+00  0.000000e+00  0.000000e+00  0.000000e+00
-3.293224  0.000000e+00  0.000000e+00  0.000000e+00  0.000000e+00  0.000000e+00  0.000000e+00
-3.290622  0.000000e+00  0.000000e+00  0.000000e+00  0.000000e+00  0.000000e+00  0.000000e+00
-3.288020  0.000000e+00  0.000000e+00  0.000000e+00  0.000000e+00  0.000000e+00  0.000000e+00
-3.285418  0.000000e+00  0.000000e+00  0.000000e+00  0.000000e+00  0.000000e+00  0.000000e+00
-3.282816  0.000000e+00  0.000000e+00  0.000000e+00  0.000000e+00  0.000000e+00  0.000000e+00
-3.280214  0.000000e+00  0.000000e+00  0.000000e+00  0.000000e+00  0.000000e+00  0.000000e+00
-3.277611  0.000000e+00  0.000000e+00  0.000000e+00  0.000000e+00  0.000000e+00  0.000000e+00
-3.275009  0.000000e+00  0.000000e+00  0.000000e+00  0.000000e+00  0.000000e+00  0.000000e+00
-3.272407  0.000000e+00  0.000000e+00  0.000000e+00  0.000000e+00  0.000000e+00  0.000000e+00
-3.269805  0.000000e+00  0.000000e+00  0.000000e+00  0.000000e+00  0.000000e+00  0.000000e+00
-3.267203  0.000000e+00  0.000000e+00  0.000000e+00  0.000000e+00  0.000000e+00  0.000000e+00
-3.264601  0.000000e+00  0.000000e+00  0.000000e+00  0.000000e+00  0.000000e+00  0.000000e+00
-3.261999  0.000000e+00  0.000000e+00  0.000000e+00  0.000000e+00  0.000000e+00  0.000000e+00
-3.259397  0.000000e+00  0.000000e+00  0.000000e+00  0.000000e+00  0.000000e+00  0.000000e+00
-3.256795  0.000000e+00  0.000000e+00  0.000000e+00  0.000000e+00  0.000000e+00  0.000000e+00
-3.254193  0.000000e+00  0.000000e+00  0.000000e+00  0.000000e+00  0.000000e+00  0.000000e+00
-3.251591  0.000000e+00  0.000000e+00  0.000000e+00  0.000000e+00  0.000000e+00  0.000000e+00
-3.248989  0.000000e+00  0.000000e+00  0.000000e+00  0.000000e+00  0.000000e+00  0.000000e+00
-3.246387  0.000000e+00  0.000000e+00  0.000000e+00  0.000000e+00  0.000000e+00  0.000000e+00
-3.243785  0.000000e+00  0.000000e+00  0.000000e+00  0.000000e+00  0.000000e+00  0.000000e+00
-3.241183  0.000000e+00  0.000000e+00  0.000000e+00  0.000000e+00  0.000000e+00  0.000000e+00
-3.238581  0.000000e+00  0.000000e+00  0.000000e+00  0.000000e+00  0.000000e+00  0.000000e+00
-3.235978  0.000000e+00  0.000000e+00  0.000000e+00  0.000000e+00  0.000000e+00  0.000000e+00
-3.233376  0.000000e+00  0.000000e+00  0.000000e+00  0.000000e+00  0.000000e+00  0.000000e+00
-3.230774  0.000000e+00  0.000000e+00  0.000000e+00  0.000000e+00  0.000000e+00  0.000000e+00
-3.228172  0.000000e+00  0.000000e+00  0.000000e+00  0.000000e+00  0.000000e+00  0.000000e+00
-3.225570  0.000000e+00  0.000000e+00  0.000000e+00  0.000000e+00  0.000000e+00  0.000000e+00
-3.222968  0.000000e+00  0.000000e+00  0.000000e+00  0.000000e+00  0.000000e+00  0.000000e+00
-3.220366  0.000000e+00  0.000000e+00  0.000000e+00  0.000000e+00  0.000000e+00  0.000000e+00
-3.217764  0.000000e+00  0.000000e+00  0.000000e+00  0.000000e+00  0.000000e+00  0.000000e+00
-3.215162  0.000000e+00  0.000000e+00  0.000000e+00  0.000000e+00  0.000000e+00  0.000000e+00
-3.212560  0.000000e+00  0.000000e+00  0.000000e+00  0.000000e+00  0.000000e+00  0.000000e+00
-3.209958  0.000000e+00  0.000000e+00  0.000000e+00  0.000000e+00  0.000000e+00  0.000000e+00
-3.207356  0.000000e+00  0.000000e+00  0.000000e+00  0.000000e+00  0.000000e+00  0.000000e+00
-3.204754  0.000000e+00  0.000000e+00  0.000000e+00  0.000000e+00  0.000000e+00  0.000000e+00
-3.202152  0.000000e+00  0.000000e+00  0.000000e+00  0.000000e+00  0.000000e+00  0.000000e+00
-3.199550  0.000000e+00  0.000000e+00  0.000000e+00  0.000000e+00  0.000000e+00  0.000000e+00
-3.196948  0.000000e+00  0.000000e+00  0.000000e+00  0.000000e+00  0.000000e+00  0.000000e+00
-3.194346  0.000000e+00  0.000000e+00  0.000000e+00  0.000000e+00  0.000000e+00  0.000000e+00
-3.191743  0.000000e+00  0.000000e+00  0.000000e+00  0.000000e+00  0.000000e+00  0.000000e+00
-3.189141  0.000000e+00  0.000000e+00  0.000000e+00  0.000000e+00  0.000000e+00  0.000000e+00
-3.186539  0.000000e+00  0.000000e+00  0.000000e+00  0.000000e+00  0.000000e+00  0.000000e+00
-3.183937  0.000000e+00  0.000000e+00  0.000000e+00  0.000000e+00  0.000000e+00  0.000000e+00
-3.181335  0.000000e+00  0.000000e+00  0.000000e+00  0.000000e+00  0.000000e+00  0.000000e+00
-3.178733  0.000000e+00  0.000000e+00  0.000000e+00  0.000000e+00  0.000000e+00  0.000000e+00
-3.176131  0.000000e+00  0.000000e+00  0.000000e+00  0.000000e+00  0.000000e+00  0.000000e+00
-3.173529  0.000000e+00  0.000000e+00  0.000000e+00  0.000000e+00  0.000000e+00  0.000000e+00
-3.170927  0.000000e+00  0.000000e+00  0.000000e+00  0.000000e+00  0.000000e+00  0.000000e+00
-3.168325  0.000000e+00  0.000000e+00  0.000000e+00  0.000000e+00  0.000000e+00  0.000000e+00
-3.165723  0.000000e+00  0.000000e+00  0.000000e+00  0.000000e+00  0.000000e+00  0.000000e+00
-3.163121  0.000000e+00  0.000000e+00  0.000000e+00  0.000000e+00  0.000000e+00  0.000000e+00
-3.160519  0.000000e+00  0.000000e+00  0.000000e+00  0.000000e+00  0.000000e+00  0.000000e+00
-3.157917  0.000000e+00  0.000000e+00  0.000000e+00  0.000000e+00  0.000000e+00  0.000000e+00
-3.155315  0.000000e+00  0.000000e+00  0.000000e+00  0.000000e+00  0.000000e+00  0.000000e+00
-3.152713  0.000000e+00  0.000000e+00  0.000000e+00  0.000000e+00  0.000000e+00  0.000000e+00
-3.150111  0.000000e+00  0.000000e+00  0.000000e+00  0.000000e+00  0.000000e+00  0.000000e+00
-3.147508  0.000000e+00  0.000000e+00  0.000000e+00  0.000000e+00  0.000000e+00  0.000000e+00
-3.144906  0.000000e+00  0.000000e+00  0.000000e+00  0.000000e+00  0.000000e+00  0.000000e+00
-3.142304  0.000000e+00  0.000000e+00  0.000000e+00  0.000000e+00  0.000000e+00  0.000000e+00
-3.139702  0.000000e+00  0.000000e+00  0.000000e+00  0.000000e+00  0.000000e+00  0.000000e+00
-3.137100  0.000000e+00  0.000000e+00  0.000000e+00  0.000000e+00  0.000000e+00  0.000000e+00
-3.134498  0.000000e+00  0.000000e+00  0.000000e+00  0.000000e+00  0.000000e+00  0.000000e+00
-3.131896  0.000000e+00  0.000000e+00  0.000000e+00  0.000000e+00  0.000000e+00  0.000000e+00
-3.129294  0.000000e+00  0.000000e+00  0.000000e+00  0.000000e+00  0.000000e+00  0.000000e+00
-3.126692  0.000000e+00  0.000000e+00  0.000000e+00  0.000000e+00  0.000000e+00  0.000000e+00
-3.124090  0.000000e+00  0.000000e+00  0.000000e+00  0.000000e+00  0.000000e+00  0.000000e+00
-3.121488  0.000000e+00  0.000000e+00  0.000000e+00  0.000000e+00  0.000000e+00  0.000000e+00
-3.118886  0.000000e+00  0.000000e+00  0.000000e+00  0.000000e+00  0.000000e+00  0.000000e+00
-3.116284  0.000000e+00  0.000000e+00  0.000000e+00  0.000000e+00  0.000000e+00  0.000000e+00
-3.113682  0.000000e+00  0.000000e+00  0.000000e+00  0.000000e+00  0.000000e+00  0.000000e+00
-3.111080  0.000000e+00  0.000000e+00  0.000000e+00  0.000000e+00  0.000000e+00  0.000000e+00
-3.108478  0.000000e+00  0.000000e+00  0.000000e+00  0.000000e+00  0.000000e+00  0.000000e+00
-3.105875  0.000000e+00  0.000000e+00  0.000000e+00  0.000000e+00  0.000000e+00  0.000000e+00
-3.103273  0.000000e+00  0.000000e+00  0.000000e+00  0.000000e+00  0.000000e+00  0.000000e+00
-3.100671  0.000000e+00  0.000000e+00  0.000000e+00  0.000000e+00  0.000000e+00  0.000000e+00
-3.098069  0.000000e+00  0.000000e+00  0.000000e+00  0.000000e+00  0.000000e+00  0.000000e+00
-3.095467  0.000000e+00  0.000000e+00  0.000000e+00  0.000000e+00  0.000000e+00  0.000000e+00
-3.092865  0.000000e+00  0.000000e+00  0.000000e+00  0.000000e+00  0.000000e+00  0.000000e+00
-3.090263  0.000000e+00  0.000000e+00  0.000000e+00  0.000000e+00  0.000000e+00  0.000000e+00
-3.087661  0.000000e+00  0.000000e+00  0.000000e+00  0.000000e+00  0.000000e+00  0.000000e+00
-3.085059  0.000000e+00  0.000000e+00  0.000000e+00  0.000000e+00  0.000000e+00  0.000000e+00
-3.082457  0.000000e+00  0.000000e+00  0.000000e+00  0.000000e+00  0.000000e+00  0.000000e+00
-3.079855  0.000000e+00  0.000000e+00  0.000000e+00  0.000000e+00  0.000000e+00  0.000000e+00
-3.077253  0.000000e+00  0.000000e+00  0.000000e+00  0.000000e+00  0.000000e+00  0.000000e+00
-3.074651  0.000000e+00  0.000000e+00  0.000000e+00  0.000000e+00  0.000000e+00  0.000000e+00
-3.072049  0.000000e+00  0.000000e+00  0.000000e+00  0.000000e+00  0.000000e+00  0.000000e+00
-3.069447  0.000000e+00  0.000000e+00  0.000000e+00  0.000000e+00  0.000000e+00  0.000000e+00
-3.066845  0.000000e+00  0.000000e+00  0.000000e+00  0.000000e+00  0.000000e+00  0.000000e+00
-3.064243  0.000000e+00  0.000000e+00  0.000000e+00  0.000000e+00  0.000000e+00  0.000000e+00
-3.061640  0.000000e+00  0.000000e+00  0.000000e+00  0.000000e+00  0.000000e+00  0.000000e+00
-3.059038  0.000000e+00  0.000000e+00  0.000000e+00  0.000000e+00  0.000000e+00  0.000000e+00
-3.056436  0.000000e+00  0.000000e+00  0.000000e+00  0.000000e+00  0.000000e+00  0.000000e+00
-3.053834  0.000000e+00  0.000000e+00  0.000000e+00  0.000000e+00  0.000000e+00  0.000000e+00
-3.051232  0.000000e+00  0.000000e+00  0.000000e+00  0.000000e+00  0.000000e+00  0.000000e+00
-3.048630  0.000000e+00  0.000000e+00  0.000000e+00  0.000000e+00  0.000000e+00  0.000000e+00
-3.046028  0.000000e+00  0.000000e+00  0.000000e+00  0.000000e+00  0.000000e+00  0.000000e+00
-3.043426  0.000000e+00  0.000000e+00  0.000000e+00  0.000000e+00  0.000000e+00  0.000000e+00
-3.040824  0.000000e+00  0.000000e+00  0.000000e+00  0.000000e+00  0.000000e+00  0.000000e+00
-3.038222  0.000000e+00  0.000000e+00  0.000000e+00  0.000000e+00  0.000000e+00  0.000000e+00
-3.035620  0.000000e+00  0.000000e+00  0.000000e+00  0.000000e+00  0.000000e+00  0.000000e+00
-3.033018  0.000000e+00  0.000000e+00  0.000000e+00  0.000000e+00  0.000000e+00  0.000000e+00
-3.030416  0.000000e+00  0.000000e+00  0.000000e+00  0.000000e+00  0.000000e+00  0.000000e+00
-3.027814  0.000000e+00  0.000000e+00  0.000000e+00  0.000000e+00  0.000000e+00  0.000000e+00
-3.025212  0.000000e+00  0.000000e+00  0.000000e+00  0.000000e+00  0.000000e+00  0.000000e+00
-3.022610  0.000000e+00  0.000000e+00  0.000000e+00  0.000000e+00  0.000000e+00  0.000000e+00
-3.020008  0.000000e+00  0.000000e+00  0.000000e+00  0.000000e+00  0.000000e+00  0.000000e+00
-3.017405  0.000000e+00  0.000000e+00  0.000000e+00  0.000000e+00  0.000000e+00  0.000000e+00
-3.014803  0.000000e+00  0.000000e+00  0.000000e+00  0.000000e+00  0.000000e+00  0.000000e+00
-3.012201  0.000000e+00  0.000000e+00  0.000000e+00  0.000000e+00  0.000000e+00  0.000000e+00
-3.009599  0.000000e+00  0.000000e+00  0.000000e+00  0.000000e+00  0.000000e+00  0.000000e+00
-3.006997  0.000000e+00  0.000000e+00  0.000000e+00  0.000000e+00  0.000000e+00  0.000000e+00
-3.004395  0.000000e+00  0.000000e+00  0.000000e+00  0.000000e+00  0.000000e+00  0.000000e+00
-3.001793  0.000000e+00  0.000000e+00  0.000000e+00  0.000000e+00  0.000000e+00  0.000000e+00
-2.999191  0.000000e+00  0.000000e+00  0.000000e+00  0.000000e+00  0.000000e+00  0.000000e+00
-2.996589  0.000000e+00  0.000000e+00  0.000000e+00  0.000000e+00  0.000000e+00  0.000000e+00
-2.993987  0.000000e+00  0.000000e+00  0.000000e+00  0.000000e+00  0.000000e+00  0.000000e+00
-2.991385  0.000000e+00  0.000000e+00  0.000000e+00  0.000000e+00  0.000000e+00  0.000000e+00
-2.988783  0.000000e+00  0.000000e+00  0.000000e+00  0.000000e+00  0.000000e+00  0.000000e+00
-2.986181  0.000000e+00  0.000000e+00  0.000000e+00  0.000000e+00  0.000000e+00  0.000000e+00
-2.983579  0.000000e+00  0.000000e+00  0.000000e+00  0.000000e+00  0.000000e+00  0.000000e+00
-2.980977  0.000000e+00  0.000000e+00  0.000000e+00  0.000000e+00  0.000000e+00  0.000000e+00
-2.978375  0.000000e+00  0.000000e+00  0.000000e+00  0.000000e+00  0.000000e+00  0.000000e+00
-2.975772  0.000000e+00  0.000000e+00  0.000000e+00  0.000000e+00  0.000000e+00  0.000000e+00
-2.973170  0.000000e+00  0.000000e+00  0.000000e+00  0.000000e+00  0.000000e+00  0.000000e+00
-2.970568  0.000000e+00  0.000000e+00  0.000000e+00  0.000000e+00  0.000000e+00  0.000000e+00
-2.967966  0.000000e+00  0.000000e+00  0.000000e+00  0.000000e+00  0.000000e+00  0.000000e+00
-2.965364  0.000000e+00  0.000000e+00  0.000000e+00  0.000000e+00  0.000000e+00  0.000000e+00
-2.962762  0.000000e+00  0.000000e+00  0.000000e+00  0.000000e+00  0.000000e+00  0.000000e+00
-2.960160  0.000000e+00  0.000000e+00  0.000000e+00  0.000000e+00  0.000000e+00  0.000000e+00
-2.957558  0.000000e+00  0.000000e+00  0.000000e+00  0.000000e+00  0.000000e+00  0.000000e+00
-2.954956  0.000000e+00  0.000000e+00  0.000000e+00  0.000000e+00  0.000000e+00  0.000000e+00
-2.952354  0.000000e+00  0.000000e+00  0.000000e+00  0.000000e+00  0.000000e+00  0.000000e+00
-2.949752  0.000000e+00  0.000000e+00  0.000000e+00  0.000000e+00  0.000000e+00  0.000000e+00
-2.947150  0.000000e+00  0.000000e+00  0.000000e+00  0.000000e+00  0.000000e+00  0.000000e+00
-2.944548  0.000000e+00  0.000000e+00  0.000000e+00  0.000000e+00  0.000000e+00  0.000000e+00
-2.941946  0.000000e+00  0.000000e+00  0.000000e+00  0.000000e+00  0.000000e+00  0.000000e+00
-2.939344  0.000000e+00  0.000000e+00  0.000000e+00  0.000000e+00  0.000000e+00  0.000000e+00
-2.936742  0.000000e+00  0.000000e+00  0.000000e+00  0.000000e+00  0.000000e+00  0.000000e+00
-2.934140  0.000000e+00  0.000000e+00  0.000000e+00  0.000000e+00  0.000000e+00  0.000000e+00
-2.931537  0.000000e+00  0.000000e+00  0.000000e+00  0.000000e+00  0.000000e+00  0.000000e+00
-2.928935  0.000000e+00  0.000000e+00  0.000000e+00  0.000000e+00  0.000000e+00  0.000000e+00
-2.926333  0.000000e+00  0.000000e+00  0.000000e+00  0.000000e+00  0.000000e+00  0.000000e+00
-2.923731  0.000000e+00  0.000000e+00  0.000000e+00  0.000000e+00  0.000000e+00  0.000000e+00
-2.921129  0.000000e+00  0.000000e+00  0.000000e+00  0.000000e+00  0.000000e+00  0.000000e+00
-2.918527  0.000000e+00  0.000000e+00  0.000000e+00  0.000000e+00  0.000000e+00  0.000000e+00
-2.915925  0.000000e+00  0.000000e+00  0.000000e+00  0.000000e+00  0.000000e+00  0.000000e+00
-2.913323  0.000000e+00  0.000000e+00  0.000000e+00  0.000000e+00  0.000000e+00  0.000000e+00
-2.910721  0.000000e+00  0.000000e+00  0.000000e+00  0.000000e+00  0.000000e+00  0.000000e+00
-2.908119  0.000000e+00  0.000000e+00  0.000000e+00  0.000000e+00  0.000000e+00  0.000000e+00
-2.905517  0.000000e+00  0.000000e+00  0.000000e+00  0.000000e+00  0.000000e+00  0.000000e+00
-2.902915  0.000000e+00  0.000000e+00  0.000000e+00  0.000000e+00  0.000000e+00  0.000000e+00
-2.900313  0.000000e+00  0.000000e+00  0.000000e+00  0.000000e+00  0.000000e+00  0.000000e+00
-2.897711  0.000000e+00  0.000000e+00  0.000000e+00  0.000000e+00  0.000000e+00  0.000000e+00
-2.895109  0.000000e+00  0.000000e+00  0.000000e+00  0.000000e+00  0.000000e+00  0.000000e+00
-2.892507  0.000000e+00  0.000000e+00  0.000000e+00  0.000000e+00  0.000000e+00  0.000000e+00
-2.889905  0.000000e+00  0.000000e+00  0.000000e+00  0.000000e+00  0.000000e+00  0.000000e+00
-2.887302  0.000000e+00  0.000000e+00  0.000000e+00  0.000000e+00  0.000000e+00  0.000000e+00
-2.884700  0.000000e+00  0.000000e+00  0.000000e+00  0.000000e+00  0.000000e+00  0.000000e+00
-2.882098  0.000000e+00  0.000000e+00  0.000000e+00  0.000000e+00  0.000000e+00  0.000000e+00
-2.879496  0.000000e+00  0.000000e+00  0.000000e+00  0.000000e+00  0.000000e+00  0.000000e+00
-2.876894  0.000000e+00  0.000000e+00  0.000000e+00  0.000000e+00  0.000000e+00  0.000000e+00
-2.874292  0.000000e+00  0.000000e+00  0.000000e+00  0.000000e+00  0.000000e+00  0.000000e+00
-2.871690  0.000000e+00  0.000000e+00  0.000000e+00  0.000000e+00  0.000000e+00  0.000000e+00
-2.869088  0.000000e+00  0.000000e+00  0.000000e+00  0.000000e+00  0.000000e+00  0.000000e+00
-2.866486  0.000000e+00  0.000000e+00  0.000000e+00  0.000000e+00  0.000000e+00  0.000000e+00
-2.863884  0.000000e+00  0.000000e+00  0.000000e+00  0.000000e+00  0.000000e+00  0.000000e+00
-2.861282  0.000000e+00  0.000000e+00  0.000000e+00  0.000000e+00  0.000000e+00  0.000000e+00
-2.858680  0.000000e+00  0.000000e+00  0.000000e+00  0.000000e+00  0.000000e+00  0.000000e+00
-2.856078  0.000000e+00  0.000000e+00  0.000000e+00  0.000000e+00  0.000000e+00  0.000000e+00
-2.853476  0.000000e+00  0.000000e+00  0.000000e+00  0.000000e+00  0.000000e+00  0.000000e+00
-2.850874  0.000000e+00  0.000000e+00  0.000000e+00  0.000000e+00  0.000000e+00  0.000000e+00
-2.848272  0.000000e+00  0.000000e+00  0.000000e+00  0.000000e+00  0.000000e+00  0.000000e+00
-2.845669  0.000000e+00  0.000000e+00  0.000000e+00  0.000000e+00  0.000000e+00  0.000000e+00
-2.843067  0.000000e+00  0.000000e+00  0.000000e+00  0.000000e+00  0.000000e+00  0.000000e+00
-2.840465  0.000000e+00  0.000000e+00  0.000000e+00  0.000000e+00  0.000000e+00  0.000000e+00
-2.837863  0.000000e+00  0.000000e+00  0.000000e+00  0.000000e+00  0.000000e+00  0.000000e+00
-2.835261  0.000000e+00  0.000000e+00  0.000000e+00  0.000000e+00  0.000000e+00  0.000000e+00
-2.832659  0.000000e+00  0.000000e+00  0.000000e+00  0.000000e+00  0.000000e+00  0.000000e+00
-2.830057  0.000000e+00  0.000000e+00  0.000000e+00  0.000000e+00  0.000000e+00  0.000000e+00
-2.827455  0.000000e+00  0.000000e+00  0.000000e+00  0.000000e+00  0.000000e+00  0.000000e+00
-2.824853  0.000000e+00  0.000000e+00  0.000000e+00  0.000000e+00  0.000000e+00  0.000000e+00
-2.822251  0.000000e+00  0.000000e+00  0.000000e+00  0.000000e+00  0.000000e+00  0.000000e+00
-2.819649  0.000000e+00  0.000000e+00  0.000000e+00  0.000000e+00  0.000000e+00  0.000000e+00
-2.817047  0.000000e+00  0.000000e+00  0.000000e+00  0.000000e+00  0.000000e+00  0.000000e+00
-2.814445  0.000000e+00  0.000000e+00  0.000000e+00  0.000000e+00  0.000000e+00  0.000000e+00
-2.811843  0.000000e+00  0.000000e+00  0.000000e+00  0.000000e+00  0.000000e+00  0.000000e+00
-2.809241  0.000000e+00  0.000000e+00  0.000000e+00  0.000000e+00  0.000000e+00  0.000000e+00
-2.806639  0.000000e+00  0.000000e+00  0.000000e+00  0.000000e+00  0.000000e+00  0.000000e+00
-2.804037  0.000000e+00  0.000000e+00  0.000000e+00  0.000000e+00  0.000000e+00  0.000000e+00
-2.801434  0.000000e+00  0.000000e+00  0.000000e+00  0.000000e+00  0.000000e+00  0.000000e+00
-2.798832  0.000000e+00  0.000000e+00  0.000000e+00  0.000000e+00  0.000000e+00  0.000000e+00
-2.796230  0.000000e+00  0.000000e+00  0.000000e+00  0.000000e+00  0.000000e+00  0.000000e+00
-2.793628  0.000000e+00  0.000000e+00  0.000000e+00  0.000000e+00  0.000000e+00  0.000000e+00
-2.791026  0.000000e+00  0.000000e+00  0.000000e+00  0.000000e+00  0.000000e+00  0.000000e+00
-2.788424  0.000000e+00  0.000000e+00  0.000000e+00  0.000000e+00  0.000000e+00  0.000000e+00
-2.785822  0.000000e+00  0.000000e+00  0.000000e+00  0.000000e+00  0.000000e+00  0.000000e+00
-2.783220  0.000000e+00  0.000000e+00  0.000000e+00  0.000000e+00  0.000000e+00  0.000000e+00
-2.780618  0.000000e+00  0.000000e+00  0.000000e+00  0.000000e+00  0.000000e+00  0.000000e+00
-2.778016  0.000000e+00  0.000000e+00  0.000000e+00  0.000000e+00  0.000000e+00  0.000000e+00
-2.775414  0.000000e+00  0.000000e+00  0.000000e+00  0.000000e+00  0.000000e+00  0.000000e+00
-2.772812  0.000000e+00  0.000000e+00  0.000000e+00  0.000000e+00  0.000000e+00  0.000000e+00
-2.770210  0.000000e+00  0.000000e+00  0.000000e+00  0.000000e+00  0.000000e+00  0.000000e+00
-2.767608  0.000000e+00  0.000000e+00  0.000000e+00  0.000000e+00  0.000000e+00  0.000000e+00
-2.765006  0.000000e+00  0.000000e+00  0.000000e+00  0.000000e+00  0.000000e+00  0.000000e+00
-2.762404  0.000000e+00  0.000000e+00  0.000000e+00  0.000000e+00  0.000000e+00  0.000000e+00
-2.759802  0.000000e+00  0.000000e+00  0.000000e+00  0.000000e+00  0.000000e+00  0.000000e+00
-2.757199  0.000000e+00  0.000000e+00  0.000000e+00  0.000000e+00  0.000000e+00  0.000000e+00
-2.754597  0.000000e+00  0.000000e+00  0.000000e+00  0.000000e+00  0.000000e+00  0.000000e+00
-2.751995  0.000000e+00  0.000000e+00  0.000000e+00  0.000000e+00  0.000000e+00  0.000000e+00
-2.749393  0.000000e+00  0.000000e+00  0.000000e+00  0.000000e+00  0.000000e+00  0.000000e+00
-2.746791  0.000000e+00  0.000000e+00  0.000000e+00  0.000000e+00  0.000000e+00  0.000000e+00
-2.744189  0.000000e+00  0.000000e+00  0.000000e+00  0.000000e+00  0.000000e+00  0.000000e+00
-2.741587  0.000000e+00  0.000000e+00  0.000000e+00  0.000000e+00  0.000000e+00  0.000000e+00
-2.738985  0.000000e+00  0.000000e+00  0.000000e+00  0.000000e+00  0.000000e+00  0.000000e+00
-2.736383  0.000000e+00  0.000000e+00  0.000000e+00  0.000000e+00  0.000000e+00  0.000000e+00
-2.733781  0.000000e+00  0.000000e+00  0.000000e+00  0.000000e+00  0.000000e+00  0.000000e+00
-2.731179  0.000000e+00  0.000000e+00  0.000000e+00  0.000000e+00  0.000000e+00  0.000000e+00
-2.728577  0.000000e+00  0.000000e+00  0.000000e+00  0.000000e+00  0.000000e+00  0.000000e+00
-2.725975  0.000000e+00  0.000000e+00  0.000000e+00  0.000000e+00  0.000000e+00  0.000000e+00
-2.723373  0.000000e+00  0.000000e+00  0.000000e+00  0.000000e+00  0.000000e+00  0.000000e+00
-2.720771  0.000000e+00  0.000000e+00  0.000000e+00  0.000000e+00  0.000000e+00  0.000000e+00
-2.718169  0.000000e+00  0.000000e+00  0.000000e+00  0.000000e+00  0.000000e+00  0.000000e+00
-2.715566  0.000000e+00  0.000000e+00  0.000000e+00  0.000000e+00  0.000000e+00  0.000000e+00
-2.712964  0.000000e+00  0.000000e+00  0.000000e+00  0.000000e+00  0.000000e+00  0.000000e+00
-2.710362  0.000000e+00  0.000000e+00  0.000000e+00  0.000000e+00  0.000000e+00  0.000000e+00
-2.707760  0.000000e+00  0.000000e+00  0.000000e+00  0.000000e+00  0.000000e+00  0.000000e+00
-2.705158  0.000000e+00  0.000000e+00  0.000000e+00  0.000000e+00  0.000000e+00  0.000000e+00
-2.702556  0.000000e+00  0.000000e+00  0.000000e+00  0.000000e+00  0.000000e+00  0.000000e+00
-2.699954  0.000000e+00  0.000000e+00  0.000000e+00  0.000000e+00  0.000000e+00  0.000000e+00
-2.697352  0.000000e+00  0.000000e+00  0.000000e+00  0.000000e+00  0.000000e+00  0.000000e+00
-2.694750  0.000000e+00  0.000000e+00  0.000000e+00  0.000000e+00  0.000000e+00  0.000000e+00
-2.692148  0.000000e+00  0.000000e+00  0.000000e+00  0.000000e+00  0.000000e+00  0.000000e+00
-2.689546  0.000000e+00  0.000000e+00  0.000000e+00  0.000000e+00  0.000000e+00  0.000000e+00
-2.686944  0.000000e+00  0.000000e+00  0.000000e+00  0.000000e+00  0.000000e+00  0.000000e+00
-2.684342  0.000000e+00  0.000000e+00  0.000000e+00  0.000000e+00  0.000000e+00  0.000000e+00
-2.681740  0.000000e+00  0.000000e+00  0.000000e+00  0.000000e+00  0.000000e+00  0.000000e+00
-2.679138  0.000000e+00  0.000000e+00  0.000000e+00  0.000000e+00  0.000000e+00  0.000000e+00
-2.676536  0.000000e+00  0.000000e+00  0.000000e+00  0.000000e+00  0.000000e+00  0.000000e+00
-2.673934  0.000000e+00  0.000000e+00  0.000000e+00  0.000000e+00  0.000000e+00  0.000000e+00
-2.671331  0.000000e+00  0.000000e+00  0.000000e+00  0.000000e+00  0.000000e+00  0.000000e+00
-2.668729  0.000000e+00  0.000000e+00  0.000000e+00  0.000000e+00  0.000000e+00  0.000000e+00
-2.666127  0.000000e+00  0.000000e+00  0.000000e+00  0.000000e+00  0.000000e+00  0.000000e+00
-2.663525  0.000000e+00  0.000000e+00  0.000000e+00  0.000000e+00  0.000000e+00  0.000000e+00
-2.660923  0.000000e+00  0.000000e+00  0.000000e+00  0.000000e+00  0.000000e+00  0.000000e+00
-2.658321  0.000000e+00  0.000000e+00  0.000000e+00  0.000000e+00  0.000000e+00  0.000000e+00
-2.655719  0.000000e+00  0.000000e+00  0.000000e+00  0.000000e+00  0.000000e+00  0.000000e+00
-2.653117  0.000000e+00  0.000000e+00  0.000000e+00  0.000000e+00  0.000000e+00  0.000000e+00
-2.650515  0.000000e+00  0.000000e+00  0.000000e+00  0.000000e+00  0.000000e+00  0.000000e+00
-2.647913  0.000000e+00  0.000000e+00  0.000000e+00  0.000000e+00  0.000000e+00  0.000000e+00
-2.645311  0.000000e+00  0.000000e+00  0.000000e+00  0.000000e+00  0.000000e+00  0.000000e+00
-2.642709  0.000000e+00  0.000000e+00  0.000000e+00  0.000000e+00  0.000000e+00  0.000000e+00
-2.640107  0.000000e+00  0.000000e+00  0.000000e+00  0.000000e+00  0.000000e+00  0.000000e+00
-2.637505  0.000000e+00  0.000000e+00  0.000000e+00  0.000000e+00  0.000000e+00  0.000000e+00
-2.634903  0.000000e+00  0.000000e+00  0.000000e+00  0.000000e+00  0.000000e+00  0.000000e+00
-2.632301  0.000000e+00  0.000000e+00  0.000000e+00  0.000000e+00  0.000000e+00  0.000000e+00
-2.629699  0.000000e+00  0.000000e+00  0.000000e+00  0.000000e+00  0.000000e+00  0.000000e+00
-2.627096  0.000000e+00  0.000000e+00  0.000000e+00  0.000000e+00  0.000000e+00  0.000000e+00
-2.624494  0.000000e+00  0.000000e+00  0.000000e+00  0.000000e+00  0.000000e+00  0.000000e+00
-2.621892  0.000000e+00  0.000000e+00  0.000000e+00  0.000000e+00  0.000000e+00  0.000000e+00
-2.619290  0.000000e+00  0.000000e+00  0.000000e+00  0.000000e+00  0.000000e+00  0.000000e+00
-2.616688  0.000000e+00  0.000000e+00  0.000000e+00  0.000000e+00  0.000000e+00  0.000000e+00
-2.614086  0.000000e+00  0.000000e+00  0.000000e+00  0.000000e+00  0.000000e+00  0.000000e+00
-2.611484  0.000000e+00  0.000000e+00  0.000000e+00  0.000000e+00  0.000000e+00  0.000000e+00
-2.608882  0.000000e+00  0.000000e+00  0.000000e+00  0.000000e+00  0.000000e+00  0.000000e+00
-2.606280  0.000000e+00  0.000000e+00  0.000000e+00  0.000000e+00  0.000000e+00  0.000000e+00
-2.603678  0.000000e+00  0.000000e+00  0.000000e+00  0.000000e+00  0.000000e+00  0.000000e+00
-2.601076  0.000000e+00  0.000000e+00  0.000000e+00  0.000000e+00  0.000000e+00  0.000000e+00
-2.598474  0.000000e+00  0.000000e+00  0.000000e+00  0.000000e+00  0.000000e+00  0.000000e+00
-2.595872  0.000000e+00  0.000000e+00  0.000000e+00  0.000000e+00  0.000000e+00  0.000000e+00
-2.593270  0.000000e+00  0.000000e+00  0.000000e+00  0.000000e+00  0.000000e+00  0.000000e+00
-2.590668  0.000000e+00  0.000000e+00  0.000000e+00  0.000000e+00  0.000000e+00  0.000000e+00
-2.588066  0.000000e+00  0.000000e+00  0.000000e+00  0.000000e+00  0.000000e+00  0.000000e+00
-2.585463  0.000000e+00  0.000000e+00  0.000000e+00  0.000000e+00  0.000000e+00  0.000000e+00
-2.582861  0.000000e+00  0.000000e+00  0.000000e+00  0.000000e+00  0.000000e+00  0.000000e+00
-2.580259  0.000000e+00  0.000000e+00  0.000000e+00  0.000000e+00  0.000000e+00  0.000000e+00
-2.577657  0.000000e+00  0.000000e+00  0.000000e+00  0.000000e+00  0.000000e+00  0.000000e+00
-2.575055  0.000000e+00  0.000000e+00  0.000000e+00  0.000000e+00  0.000000e+00  0.000000e+00
-2.572453  0.000000e+00  0.000000e+00  0.000000e+00  0.000000e+00  0.000000e+00  0.000000e+00
-2.569851  0.000000e+00  0.000000e+00  0.000000e+00  0.000000e+00  0.000000e+00  0.000000e+00
-2.567249  0.000000e+00  0.000000e+00  0.000000e+00  0.000000e+00  0.000000e+00  0.000000e+00
-2.564647  0.000000e+00  0.000000e+00  0.000000e+00  0.000000e+00  0.000000e+00  0.000000e+00
-2.562045  0.000000e+00  0.000000e+00  0.000000e+00  0.000000e+00  0.000000e+00  0.000000e+00
-2.559443  0.000000e+00  0.000000e+00  0.000000e+00  0.000000e+00  0.000000e+00  0.000000e+00
-2.556841  0.000000e+00  0.000000e+00  0.000000e+00  0.000000e+00  0.000000e+00  0.000000e+00
-2.554239  0.000000e+00  0.000000e+00  0.000000e+00  0.000000e+00  0.000000e+00  0.000000e+00
-2.551637  0.000000e+00  0.000000e+00  0.000000e+00  0.000000e+00  0.000000e+00  0.000000e+00
-2.549035  0.000000e+00  0.000000e+00  0.000000e+00  0.000000e+00  0.000000e+00  0.000000e+00
-2.546433  0.000000e+00  0.000000e+00  0.000000e+00  0.000000e+00  0.000000e+00  0.000000e+00
-2.543831  0.000000e+00  0.000000e+00  0.000000e+00  0.000000e+00  0.000000e+00  0.000000e+00
-2.541228  0.000000e+00  0.000000e+00  0.000000e+00  0.000000e+00  0.000000e+00  0.000000e+00
-2.538626  0.000000e+00  0.000000e+00  0.000000e+00  0.000000e+00  0.000000e+00  0.000000e+00
-2.536024  0.000000e+00  0.000000e+00  0.000000e+00  0.000000e+00  0.000000e+00  0.000000e+00
-2.533422  0.000000e+00  0.000000e+00  0.000000e+00  0.000000e+00  0.000000e+00  0.000000e+00
-2.530820  0.000000e+00  0.000000e+00  0.000000e+00  0.000000e+00  0.000000e+00  0.000000e+00
-2.528218  0.000000e+00  0.000000e+00  0.000000e+00  0.000000e+00  0.000000e+00  0.000000e+00
-2.525616  0.000000e+00  0.000000e+00  0.000000e+00  0.000000e+00  0.000000e+00  0.000000e+00
-2.523014  0.000000e+00  0.000000e+00  0.000000e+00  0.000000e+00  0.000000e+00  0.000000e+00
-2.520412  2.280976e-04  0.000000e+00  0.000000e+00  0.000000e+00  0.000000e+00  0.000000e+00
-2.517810  4.131196e-04  0.000000e+00  0.000000e+00  0.000000e+00  0.000000e+00  0.000000e+00
-2.515208  5.914595e-04  0.000000e+00  0.000000e+00  0.000000e+00  0.000000e+00  0.000000e+00
-2.512606  7.632732e-04  0.000000e+00  0.000000e+00  0.000000e+00  0.000000e+00  0.000000e+00
-2.510004  9.287178e-04  0.000000e+00  0.000000e+00  0.000000e+00  0.000000e+00  0.000000e+00
-2.507402  1.087952e-03  0.000000e+00  0.000000e+00  0.000000e+00  0.000000e+00  0.000000e+00
-2.504800  1.241137e-03  0.000000e+00  0.000000e+00  0.000000e+00  0.000000e+00  0.000000e+00
-2.502198  1.388434e-03  0.000000e+00  0.000000e+00  0.000000e+00  0.000000e+00  0.000000e+00
-2.499596  1.530008e-03  0.000000e+00  0.000000e+00  0.000000e+00  0.000000e+00  0.000000e+00
-2.496993  1.666024e-03  0.000000e+00  0.000000e+00  0.000000e+00  0.000000e+00  0.000000e+00
-2.494391  1.796649e-03  0.000000e+00  0.000000e+00  0.000000e+00  0.000000e+00  0.000000e+00
-2.491789  1.922052e-03  0.000000e+00  0.000000e+00  0.000000e+00  0.000000e+00  0.000000e+00
-2.489187  2.042404e-03  0.000000e+00  0.000000e+00  0.000000e+00  0.000000e+00  0.000000e+00
-2.486585  2.157877e-03  0.000000e+00  0.000000e+00  0.000000e+00  0.000000e+00  0.000000e+00
-2.483983  2.268647e-03  0.000000e+00  0.000000e+00  0.000000e+00  0.000000e+00  0.000000e+00
-2.481381  2.374890e-03  0.000000e+00  0.000000e+00  0.000000e+00  0.000000e+00  0.000000e+00
-2.478779  2.476783e-03  0.000000e+00  0.000000e+00  0.000000e+00  0.000000e+00  0.000000e+00
-2.476177  2.574508e-03  0.000000e+00  0.000000e+00  0.000000e+00  0.000000e+00  0.000000e+00
-2.473575  2.668246e-03  0.000000e+00  0.000000e+00  0.000000e+00  0.000000e+00  0.000000e+00
-2.470973  2.758182e-03  0.000000e+00  0.000000e+00  0.000000e+00  0.000000e+00  0.000000e+00
-2.468371  2.844502e-03  0.000000e+00  0.000000e+00  0.000000e+00  0.000000e+00  0.000000e+00
-2.465769  2.927394e-03  0.000000e+00  0.000000e+00  0.000000e+00  0.000000e+00  0.000000e+00
-2.463167  3.007048e-03  0.000000e+00  0.000000e+00  0.000000e+00  0.000000e+00  0.000000e+00
-2.460565  3.083659e-03  0.000000e+00  0.000000e+00  0.000000e+00  0.000000e+00  0.000000e+00
-2.457963  3.157419e-03  0.000000e+00  0.000000e+00  0.000000e+00  0.000000e+00  0.000000e+00
-2.455360  3.228527e-03  0.000000e+00  0.000000e+00  0.000000e+00  0.000000e+00  0.000000e+00
-2.452758  3.297181e-03  0.000000e+00  0.000000e+00  0.000000e+00  0.000000e+00  0.000000e+00
-2.450156  3.363583e-03  0.000000e+00  0.000000e+00  0.000000e+00  0.000000e+00  0.000000e+00
-2.447554  3.427937e-03  0.000000e+00  0.000000e+00  0.000000e+00  0.000000e+00  0.000000e+00
-2.444952  3.490450e-03  0.000000e+00  0.000000e+00  0.000000e+00  0.000000e+00  0.000000e+00
-2.442350  3.551329e-03  0.000000e+00  0.000000e+00  0.000000e+00  0.000000e+00  0.000000e+00
-2.439748  3.610786e-03  0.000000e+00  0.000000e+00  0.000000e+00  0.000000e+00  0.000000e+00
-2.437146  3.669034e-03  0.000000e+00  0.000000e+00  0.000000e+00  0.000000e+00  0.000000e+00
-2.434544  3.726289e-03  0.000000e+00  0.000000e+00  0.000000e+00  0.000000e+00  0.000000e+00
-2.431942  3.782771e-03  0.000000e+00  0.000000e+00  0.000000e+00  0.000000e+00  0.000000e+00
-2.429340  3.838699e-03  0.000000e+00  0.000000e+00  0.000000e+00  0.000000e+00  0.000000e+00
-2.426738  3.894299e-03  0.000000e+00  0.000000e+00  0.000000e+00  0.000000e+00  0.000000e+00
-2.424136  3.949795e-03  0.000000e+00  0.000000e+00  0.000000e+00  0.000000e+00  0.000000e+00
-2.421534  4.005418e-03  0.000000e+00  0.000000e+00  0.000000e+00  0.000000e+00  0.000000e+00
-2.418932  4.061399e-03  0.000000e+00  0.000000e+00  0.000000e+00  0.000000e+00  0.000000e+00
-2.416330  4.117972e-03  0.000000e+00  0.000000e+00  0.000000e+00  0.000000e+00  0.000000e+00
-2.413728  4.175377e-03  0.000000e+00  0.000000e+00  0.000000e+00  0.000000e+00  0.000000e+00
-2.411125  4.233851e-03  0.000000e+00  0.000000e+00  0.000000e+00  0.000000e+00  0.000000e+00
-2.408523  4.293640e-03  0.000000e+00  0.000000e+00  0.000000e+00  0.000000e+00  0.000000e+00
-2.405921  4.354989e-03  0.000000e+00  0.000000e+00  0.000000e+00  0.000000e+00  0.000000e+00
-2.403319  4.418147e-03  0.000000e+00  0.000000e+00  0.000000e+00  0.000000e+00  0.000000e+00
-2.400717  4.483367e-03  0.000000e+00  0.000000e+00  0.000000e+00  0.000000e+00  0.000000e+00
-2.398115  4.550904e-03  0.000000e+00  0.000000e+00  0.000000e+00  0.000000e+00  0.000000e+00
-2.395513  4.621016e-03  0.000000e+00  0.000000e+00  0.000000e+00  0.000000e+00  0.000000e+00
-2.392911  4.693965e-03  0.000000e+00  0.000000e+00  0.000000e+00  0.000000e+00  0.000000e+00
-2.390309  4.770016e-03  0.000000e+00  0.000000e+00  0.000000e+00  0.000000e+00  0.000000e+00
-2.387707  4.849437e-03  0.000000e+00  0.000000e+00  0.000000e+00  0.000000e+00  0.000000e+00
-2.385105  4.932471e-03  0.000000e+00  0.000000e+00  0.000000e+00  0.000000e+00  0.000000e+00
-2.382503  5.019056e-03  0.000000e+00  0.000000e+00  0.000000e+00  0.000000e+00  0.000000e+00
-2.379901  5.108944e-03  0.000000e+00  0.000000e+00  0.000000e+00  0.000000e+00  0.000000e+00
-2.377299  5.201882e-03  0.000000e+00  0.000000e+00  0.000000e+00  0.000000e+00  0.000000e+00
-2.374697  5.297615e-03  0.000000e+00  0.000000e+00  0.000000e+00  0.000000e+00  0.000000e+00
-2.372095  5.395882e-03  0.000000e+00  0.000000e+00  0.000000e+00  0.000000e+00  0.000000e+00
-2.369493  5.496422e-03  0.000000e+00  0.000000e+00  0.000000e+00  0.000000e+00  0.000000e+00
-2.366890  5.598969e-03  0.000000e+00  0.000000e+00  0.000000e+00  0.000000e+00  0.000000e+00
-2.364288  5.703255e-03  0.000000e+00  0.000000e+00  0.000000e+00  0.000000e+00  0.000000e+00
-2.361686  5.809007e-03  0.000000e+00  0.000000e+00  0.000000e+00  0.000000e+00  0.000000e+00
-2.359084  5.915952e-03  0.000000e+00  0.000000e+00  0.000000e+00  0.000000e+00  0.000000e+00
-2.356482  6.023810e-03  0.000000e+00  0.000000e+00  0.000000e+00  0.000000e+00  0.000000e+00
-2.353880  6.132299e-03  0.000000e+00  0.000000e+00  0.000000e+00  0.000000e+00  0.000000e+00
-2.351278  6.241136e-03  0.000000e+00  0.000000e+00  0.000000e+00  0.000000e+00  0.000000e+00
-2.348676  6.350030e-03  0.000000e+00  0.000000e+00  0.000000e+00  0.000000e+00  0.000000e+00
-2.346074  6.458691e-03  0.000000e+00  0.000000e+00  0.000000e+00  0.000000e+00  0.000000e+00
-2.343472  6.566822e-03  0.000000e+00  0.000000e+00  0.000000e+00  0.000000e+00  0.000000e+00
-2.340870  6.674131e-03  0.000000e+00  0.000000e+00  0.000000e+00  0.000000e+00  0.000000e+00
-2.338268  6.780519e-03  0.000000e+00  0.000000e+00  0.000000e+00  0.000000e+00  0.000000e+00
-2.335666  6.886072e-03  0.000000e+00  0.000000e+00  0.000000e+00  0.000000e+00  0.000000e+00
-2.333064  6.990887e-03  0.000000e+00  0.000000e+00  0.000000e+00  0.000000e+00  0.000000e+00
-2.330462  7.095063e-03  0.000000e+00  0.000000e+00  0.000000e+00  0.000000e+00  0.000000e+00
-2.327860  7.198699e-03  0.000000e+00  0.000000e+00  0.000000e+00  0.000000e+00  0.000000e+00
-2.325257  7.301896e-03  0.000000e+00  0.000000e+00  0.000000e+00  0.000000e+00  0.000000e+00
-2.322655  7.404755e-03  0.000000e+00  0.000000e+00  0.000000e+00  0.000000e+00  0.000000e+00
-2.320053  7.507379e-03  0.000000e+00  0.000000e+00  0.000000e+00  0.000000e+00  0.000000e+00
-2.317451  7.609872e-03  0.000000e+00  0.000000e+00  0.000000e+00  0.000000e+00  0.000000e+00
-2.314849  7.712339e-03  0.000000e+00  0.000000e+00  0.000000e+00  0.000000e+00  0.000000e+00
-2.312247  7.814886e-03  0.000000e+00  0.000000e+00  0.000000e+00  0.000000e+00  0.000000e+00
-2.309645  7.917621e-03  0.000000e+00  0.000000e+00  0.000000e+00  0.000000e+00  0.000000e+00
-2.307043  8.020654e-03  0.000000e+00  0.000000e+00  0.000000e+00  0.000000e+00  0.000000e+00
-2.304441  8.124094e-03  0.000000e+00  0.000000e+00  0.000000e+00  0.000000e+00  0.000000e+00
-2.301839  8.228052e-03  0.000000e+00  0.000000e+00  0.000000e+00  0.000000e+00  0.000000e+00
-2.299237  8.332642e-03  0.000000e+00  0.000000e+00  0.000000e+00  0.000000e+00  0.000000e+00
-2.296635  8.437977e-03  0.000000e+00  0.000000e+00  0.000000e+00  0.000000e+00  0.000000e+00
-2.294033  8.544174e-03  0.000000e+00  0.000000e+00  0.000000e+00  0.000000e+00  0.000000e+00
-2.291431  8.651348e-03  0.000000e+00  0.000000e+00  0.000000e+00  0.000000e+00  0.000000e+00
-2.288829  8.759619e-03  0.000000e+00  0.000000e+00  0.000000e+00  0.000000e+00  0.000000e+00
-2.286227  8.869105e-03  0.000000e+00  0.000000e+00  0.000000e+00  0.000000e+00  0.000000e+00
-2.283625  8.979929e-03  0.000000e+00  0.000000e+00  0.000000e+00  0.000000e+00  0.000000e+00
-2.281022  9.092207e-03  0.000000e+00  0.000000e+00  0.000000e+00  0.000000e+00  0.000000e+00
-2.278420  9.205988e-03  0.000000e+00  0.000000e+00  0.000000e+00  0.000000e+00  0.000000e+00
-2.275818  9.321277e-03  0.000000e+00  0.000000e+00  0.000000e+00  0.000000e+00  0.000000e+00
-2.273216  9.438076e-03  0.000000e+00  0.000000e+00  0.000000e+00  0.000000e+00  0.000000e+00
-2.270614  9.556388e-03  0.000000e+00  0.000000e+00  0.000000e+00  0.000000e+00  0.000000e+00
-2.268012  9.676213e-03  0.000000e+00  0.000000e+00  0.000000e+00  0.000000e+00  0.000000e+00
-2.265410  9.797556e-03  0.000000e+00  0.000000e+00  0.000000e+00  0.000000e+00  0.000000e+00
-2.262808  9.920419e-03  0.000000e+00  0.000000e+00  0.000000e+00  0.000000e+00  0.000000e+00
-2.260206  1.004480e-02  0.000000e+00  0.000000e+00  0.000000e+00  0.000000e+00  0.000000e+00
-2.257604  1.017071e-02  0.000000e+00  0.000000e+00  0.000000e+00  0.000000e+00  0.000000e+00
-2.255002  1.029815e-02  0.000000e+00  0.000000e+00  0.000000e+00  0.000000e+00  0.000000e+00
-2.252400  1.042712e-02  0.000000e+00  0.000000e+00  0.000000e+00  0.000000e+00  0.000000e+00
-2.249798  1.055762e-02  0.000000e+00  0.000000e+00  0.000000e+00  0.000000e+00  0.000000e+00
-2.247196  1.068965e-02  0.000000e+00  0.000000e+00  0.000000e+00  0.000000e+00  0.000000e+00
-2.244594  1.082323e-02  0.000000e+00  0.000000e+00  0.000000e+00  0.000000e+00  0.000000e+00
-2.241992  1.095834e-02  0.000000e+00  0.000000e+00  0.000000e+00  0.000000e+00  0.000000e+00
-2.239390  1.109500e-02  0.000000e+00  0.000000e+00  0.000000e+00  0.000000e+00  0.000000e+00
-2.236787  1.123320e-02  0.000000e+00  0.000000e+00  0.000000e+00  0.000000e+00  0.000000e+00
-2.234185  1.137296e-02  0.000000e+00  0.000000e+00  0.000000e+00  0.000000e+00  0.000000e+00
-2.231583  1.151427e-02  0.000000e+00  0.000000e+00  0.000000e+00  0.000000e+00  0.000000e+00
-2.228981  1.165713e-02  0.000000e+00  0.000000e+00  0.000000e+00  0.000000e+00  0.000000e+00
-2.226379  1.180155e-02  0.000000e+00  0.000000e+00  0.000000e+00  0.000000e+00  0.000000e+00
-2.223777  1.194753e-02  0.000000e+00  0.000000e+00  0.000000e+00  0.000000e+00  0.000000e+00
-2.221175  1.209508e-02  0.000000e+00  0.000000e+00  0.000000e+00  0.000000e+00  0.000000e+00
-2.218573  1.224419e-02  0.000000e+00  0.000000e+00  0.000000e+00  0.000000e+00  0.000000e+00
-2.215971  1.239488e-02  0.000000e+00  0.000000e+00  0.000000e+00  0.000000e+00  0.000000e+00
-2.213369  1.254714e-02  0.000000e+00  0.000000e+00  0.000000e+00  0.000000e+00  0.000000e+00
-2.210767  1.270101e-02  0.000000e+00  0.000000e+00  0.000000e+00  0.000000e+00  0.000000e+00
-2.208165  1.285660e-02  0.000000e+00  0.000000e+00  0.000000e+00  0.000000e+00  0.000000e+00
-2.205563  1.301401e-02  0.000000e+00  0.000000e+00  0.000000e+00  0.000000e+00  0.000000e+00
-2.202961  1.317334e-02  0.000000e+00  0.000000e+00  0.000000e+00  0.000000e+00  0.000000e+00
-2.200359  1.333470e-02  0.000000e+00  0.000000e+00  0.000000e+00  0.000000e+00  0.000000e+00
-2.197757  1.349821e-02  0.000000e+00  0.000000e+00  0.000000e+00  0.000000e+00  0.000000e+00
-2.195154  1.366396e-02  0.000000e+00  0.000000e+00  0.000000e+00  0.000000e+00  0.000000e+00
-2.192552  1.383208e-02  0.000000e+00  0.000000e+00  0.000000e+00  0.000000e+00  0.000000e+00
-2.189950  1.400266e-02  0.000000e+00  0.000000e+00  0.000000e+00  0.000000e+00  0.000000e+00
-2.187348  1.417584e-02  0.000000e+00  0.000000e+00  0.000000e+00  0.000000e+00  0.000000e+00
-2.184746  1.435171e-02  0.000000e+00  0.000000e+00  0.000000e+00  0.000000e+00  0.000000e+00
-2.182144  1.453040e-02  0.000000e+00  0.000000e+00  0.000000e+00  0.000000e+00  0.000000e+00
-2.179542  1.471203e-02  0.000000e+00  0.000000e+00  0.000000e+00  0.000000e+00  0.000000e+00
-2.176940  1.489672e-02  0.000000e+00  0.000000e+00  0.000000e+00  0.000000e+00  0.000000e+00
-2.174338  1.508458e-02  0.000000e+00  0.000000e+00  0.000000e+00  0.000000e+00  0.000000e+00
-2.171736  1.527574e-02  0.000000e+00  0.000000e+00  0.000000e+00  0.000000e+00  0.000000e+00
-2.169134  1.547032e-02  0.000000e+00  0.000000e+00  0.000000e+00  0.000000e+00  0.000000e+00
-2.166532  1.566845e-02  0.000000e+00  0.000000e+00  0.000000e+00  0.000000e+00  0.000000e+00
-2.163930  1.587026e-02  0.000000e+00  0.000000e+00  0.000000e+00  0.000000e+00  0.000000e+00
-2.161328  1.607587e-02  0.000000e+00  0.000000e+00  0.000000e+00  0.000000e+00  0.000000e+00
-2.158726  1.628541e-02  0.000000e+00  0.000000e+00  0.000000e+00  0.000000e+00  0.000000e+00
-2.156124  1.649901e-02  0.000000e+00  0.000000e+00  0.000000e+00  0.000000e+00  0.000000e+00
-2.153522  1.671682e-02  0.000000e+00  0.000000e+00  0.000000e+00  0.000000e+00  0.000000e+00
-2.150919  1.693896e-02  0.000000e+00  0.000000e+00  0.000000e+00  0.000000e+00  0.000000e+00
-2.148317  1.716557e-02  0.000000e+00  0.000000e+00  0.000000e+00  0.000000e+00  0.000000e+00
-2.145715  1.739679e-02  0.000000e+00  0.000000e+00  0.000000e+00  0.000000e+00  0.000000e+00
-2.143113  1.763275e-02  0.000000e+00  0.000000e+00  0.000000e+00  0.000000e+00  0.000000e+00
-2.140511  1.787361e-02  0.000000e+00  0.000000e+00  0.000000e+00  0.000000e+00  0.000000e+00
-2.137909  1.811950e-02  0.000000e+00  0.000000e+00  0.000000e+00  0.000000e+00  0.000000e+00
-2.135307  1.837058e-02  0.000000e+00  0.000000e+00  0.000000e+00  0.000000e+00  0.000000e+00
-2.132705  1.862697e-02  0.000000e+00  0.000000e+00  0.000000e+00  0.000000e+00  0.000000e+00
-2.130103  1.888874e-02  0.000000e+00  0.000000e+00  0.000000e+00  0.000000e+00  0.000000e+00
-2.127501  1.915595e-02  0.000000e+00  0.000000e+00  0.000000e+00  0.000000e+00  0.000000e+00
-2.124899  1.942864e-02  0.000000e+00  0.000000e+00  0.000000e+00  0.000000e+00  0.000000e+00
-2.122297  1.970684e-02  0.000000e+00  0.000000e+00  0.000000e+00  0.000000e+00  0.000000e+00
-2.119695  1.999062e-02  0.000000e+00  0.000000e+00  0.000000e+00  0.000000e+00  0.000000e+00
-2.117093  2.028001e-02  0.000000e+00  0.000000e+00  0.000000e+00  0.000000e+00  0.000000e+00
-2.114491  2.057506e-02  0.000000e+00  0.000000e+00  0.000000e+00  0.000000e+00  0.000000e+00
-2.111889  2.087582e-02  0.000000e+00  0.000000e+00  0.000000e+00  0.000000e+00  0.000000e+00
-2.109287  2.118235e-02  0.000000e+00  0.000000e+00  0.000000e+00  0.000000e+00  0.000000e+00
-2.106684  2.149468e-02  0.000000e+00  0.000000e+00  0.000000e+00  0.000000e+00  0.000000e+00
-2.104082  2.181288e-02  0.000000e+00  0.000000e+00  0.000000e+00  0.000000e+00  0.000000e+00
-2.101480  2.213698e-02  0.000000e+00  0.000000e+00  0.000000e+00  0.000000e+00  0.000000e+00
-2.098878  2.246705e-02  0.000000e+00  0.000000e+00  0.000000e+00  0.000000e+00  0.000000e+00
-2.096276  2.280313e-02  0.000000e+00  0.000000e+00  0.000000e+00  0.000000e+00  0.000000e+00
-2.093674  2.314528e-02  0.000000e+00  0.000000e+00  0.000000e+00  0.000000e+00  0.000000e+00
-2.091072  2.349355e-02  0.000000e+00  0.000000e+00  0.000000e+00  0.000000e+00  0.000000e+00
-2.088470  2.384800e-02  0.000000e+00  0.000000e+00  0.000000e+00  0.000000e+00  0.000000e+00
-2.085868  2.420868e-02  0.000000e+00  0.000000e+00  0.000000e+00  0.000000e+00  0.000000e+00
-2.083266  2.457564e-02  0.000000e+00  0.000000e+00  0.000000e+00  0.000000e+00  0.000000e+00
-2.080664  2.494895e-02  0.000000e+00  0.000000e+00  0.000000e+00  0.000000e+00  0.000000e+00
-2.078062  2.532866e-02  0.000000e+00  0.000000e+00  0.000000e+00  0.000000e+00  0.000000e+00
-2.075460  2.571483e-02  0.000000e+00  0.000000e+00  0.000000e+00  0.000000e+00  0.000000e+00
-2.072858  2.610752e-02  0.000000e+00  0.000000e+00  0.000000e+00  0.000000e+00  0.000000e+00
-2.070256  2.650679e-02  0.000000e+00  0.000000e+00  0.000000e+00  0.000000e+00  0.000000e+00
-2.067654  2.691269e-02  0.000000e+00  0.000000e+00  0.000000e+00  0.000000e+00  0.000000e+00
-2.065051  2.732530e-02  0.000000e+00  0.000000e+00  0.000000e+00  0.000000e+00  0.000000e+00
-2.062449  2.774469e-02  0.000000e+00  0.000000e+00  0.000000e+00  0.000000e+00  0.000000e+00
-2.059847  2.817095e-02  0.000000e+00  0.000000e+00  0.000000e+00  0.000000e+00  0.000000e+00
-2.057245  2.860416e-02  0.000000e+00  0.000000e+00  0.000000e+00  0.000000e+00  0.000000e+00
-2.054643  2.904441e-02  0.000000e+00  0.000000e+00  0.000000e+00  0.000000e+00  0.000000e+00
-2.052041  2.949178e-02  0.000000e+00  0.000000e+00  0.000000e+00  0.000000e+00  0.000000e+00
-2.049439  2.994636e-02  0.000000e+00  0.000000e+00  0.000000e+00  0.000000e+00  0.000000e+00
-2.046837  3.040824e-02  0.000000e+00  0.000000e+00  0.000000e+00  0.000000e+00  0.000000e+00
-2.044235  3.087750e-02  0.000000e+00  0.000000e+00  0.000000e+00  0.000000e+00  0.000000e+00
-2.041633  3.135425e-02  0.000000e+00  0.000000e+00  0.000000e+00  0.000000e+00  0.000000e+00
-2.039031  3.183857e-02  0.000000e+00  0.000000e+00  0.000000e+00  0.000000e+00  0.000000e+00
-2.036429  3.233056e-02  0.000000e+00  0.000000e+00  0.000000e+00  0.000000e+00  0.000000e+00
-2.033827  3.283030e-02  0.000000e+00  0.000000e+00  0.000000e+00  0.000000e+00  0.000000e+00
-2.031225  3.333790e-02  0.000000e+00  0.000000e+00  0.000000e+00  0.000000e+00  0.000000e+00
-2.028623  3.385346e-02  0.000000e+00  0.000000e+00  0.000000e+00  0.000000e+00  0.000000e+00
-2.026021  3.437706e-02  0.000000e+00  0.000000e+00  0.000000e+00  0.000000e+00  0.000000e+00
-2.023419  3.490881e-02  0.000000e+00  0.000000e+00  0.000000e+00  0.000000e+00  0.000000e+00
-2.020816  3.544882e-02  0.000000e+00  0.000000e+00  0.000000e+00  0.000000e+00  0.000000e+00
-2.018214  3.599718e-02  0.000000e+00  0.000000e+00  0.000000e+00  0.000000e+00  0.000000e+00
-2.015612  3.655399e-02  0.000000e+00  0.000000e+00  0.000000e+00  0.000000e+00  0.000000e+00
-2.013010  3.711936e-02  0.000000e+00  0.000000e+00  0.000000e+00  0.000000e+00  0.000000e+00
-2.010408  3.769341e-02  0.000000e+00  0.000000e+00  0.000000e+00  0.000000e+00  0.000000e+00
-2.007806  3.827622e-02  0.000000e+00  0.000000e+00  0.000000e+00  0.000000e+00  0.000000e+00
-2.005204  3.886792e-02  0.000000e+00  0.000000e+00  0.000000e+00  0.000000e+00  0.000000e+00
-2.002602  3.946861e-02  0.000000e+00  0.000000e+00  0.000000e+00  0.000000e+00  0.000000e+00
-2.000000  4.007840e-02  0.000000e+00  0.000000e+00  0.000000e+00  0.000000e+00  0.000000e+00
-1.997398  4.069741e-02  0.000000e+00  0.000000e+00  0.000000e+00  0.000000e+00  0.000000e+00
-1.994796  4.132575e-02  0.000000e+00  0.000000e+00  0.000000e+00  0.000000e+00  0.000000e+00
-1.992194  4.196364e-02  0.000000e+00  0.000000e+00  0.000000e+00  0.000000e+00  0.000000e+00
-1.989592  4.261155e-02  0.000000e+00  0.000000e+00  0.000000e+00  0.000000e+00  0.000000e+00
-1.986990  4.327000e-02  0.000000e+00  0.000000e+00  0.000000e+00  0.000000e+00  0.000000e+00
-1.984388  4.393953e-02  0.000000e+00  0.000000e+00  0.000000e+00  0.000000e+00  0.000000e+00
-1.981786  4.462067e-02  0.000000e+00  0.000000e+00  0.000000e+00  0.000000e+00  0.000000e+00
-1.979184  4.531396e-02  0.000000e+00  0.000000e+00  0.000000e+00  0.000000e+00  0.000000e+00
-1.976581  4.601994e-02  0.000000e+00  0.000000e+00  0.000000e+00  0.000000e+00  0.000000e+00
-1.973979  4.673918e-02  0.000000e+00  0.000000e+00  0.000000e+00  0.000000e+00  0.000000e+00
-1.971377  4.747223e-02  0.000000e+00  0.000000e+00  0.000000e+00  0.000000e+00  0.000000e+00
-1.968775  4.821967e-02  0.000000e+00  0.000000e+00  0.000000e+00  0.000000e+00  0.000000e+00
-1.966173  4.898207e-02  0.000000e+00  0.000000e+00  0.000000e+00  0.000000e+00  0.000000e+00
-1.963571  4.976000e-02  0.000000e+00  0.000000e+00  0.000000e+00  0.000000e+00  0.000000e+00
-1.960969  5.055407e-02  0.000000e+00  0.000000e+00  0.000000e+00  0.000000e+00  0.000000e+00
-1.958367  5.136487e-02  0.000000e+00  0.000000e+00  0.000000e+00  0.000000e+00  0.000000e+00
-1.955765  5.219301e-02  0.000000e+00  0.000000e+00  0.000000e+00  0.000000e+00  0.000000e+00
-1.953163  5.303909e-02  0.000000e+00  0.000000e+00  0.000000e+00  0.000000e+00  0.000000e+00
-1.950561  5.390374e-02  0.000000e+00  0.000000e+00  0.000000e+00  0.000000e+00  0.000000e+00
-1.947959  5.478758e-02  0.000000e+00  0.000000e+00  0.000000e+00  0.000000e+00  0.000000e+00
-1.945357  5.569126e-02  0.000000e+00  0.000000e+00  0.000000e+00  0.000000e+00  0.000000e+00
-1.942755  5.661541e-02  0.000000e+00  0.000000e+00  0.000000e+00  0.000000e+00  0.000000e+00
-1.940153  5.756069e-02  0.000000e+00  0.000000e+00  0.000000e+00  0.000000e+00  0.000000e+00
-1.937551  5.852776e-02  0.000000e+00  0.000000e+00  0.000000e+00  0.000000e+00  0.000000e+00
-1.934949  5.951728e-02  0.000000e+00  0.000000e+00  0.000000e+00  0.000000e+00  0.000000e+00
-1.932346  6.052994e-02  0.000000e+00  0.000000e+00  0.000000e+00  0.000000e+00  0.000000e+00
-1.929744  6.156641e-02  0.000000e+00  0.000000e+00  0.000000e+00  0.000000e+00  0.000000e+00
-1.927142  6.262740e-02  0.000000e+00  0.000000e+00  0.000000e+00  0.000000e+00  0.000000e+00
-1.924540  6.371361e-02  0.000000e+00  0.000000e+00  0.000000e+00  0.000000e+00  0.000000e+00
-1.921938  6.482574e-02  0.000000e+00  0.000000e+00  0.000000e+00  0.000000e+00  0.000000e+00
-1.919336  6.596450e-02  0.000000e+00  0.000000e+00  0.000000e+00  0.000000e+00  0.000000e+00
-1.916734  6.713014e-02  0.000000e+00  0.000000e+00  0.000000e+00  0.000000e+00  0.000000e+00
-1.914132  6.832253e-02  0.000000e+00  0.000000e+00  0.000000e+00  0.000000e+00  0.000000e+00
-1.911530  6.954148e-02  0.000000e+00  0.000000e+00  0.000000e+00  0.000000e+00  0.000000e+00
-1.908928  7.078684e-02  0.000000e+00  0.000000e+00  0.000000e+00  0.000000e+00  0.000000e+00
-1.906326  7.205843e-02  0.000000e+00  0.000000e+00  0.000000e+00  0.000000e+00  0.000000e+00
-1.903724  7.335608e-02  0.000000e+00  0.000000e+00  0.000000e+00  0.000000e+00  0.000000e+00
-1.901122  7.467962e-02  0.000000e+00  0.000000e+00  0.000000e+00  0.000000e+00  0.000000e+00
-1.898520  7.602887e-02  0.000000e+00  0.000000e+00  0.000000e+00  0.000000e+00  0.000000e+00
-1.895918  7.740366e-02  0.000000e+00  0.000000e+00  0.000000e+00  0.000000e+00  0.000000e+00
-1.893316  7.880381e-02  0.000000e+00  0.000000e+00  0.000000e+00  0.000000e+00  0.000000e+00
-1.890713  8.022914e-02  0.000000e+00  0.000000e+00  0.000000e+00  0.000000e+00  0.000000e+00
-1.888111  8.167946e-02  0.000000e+00  0.000000e+00  0.000000e+00  0.000000e+00  0.000000e+00
-1.885509  8.315460e-02  0.000000e+00  0.000000e+00  0.000000e+00  0.000000e+00  0.000000e+00
-1.882907  8.465436e-02  0.000000e+00  0.000000e+00  0.000000e+00  0.000000e+00  0.000000e+00
-1.880305  8.617857e-02  0.000000e+00  0.000000e+00  0.000000e+00  0.000000e+00  0.000000e+00
-1.877703  8.772702e-02  0.000000e+00  0.000000e+00  0.000000e+00  0.000000e+00  0.000000e+00
-1.875101  8.929953e-02  0.000000e+00  0.000000e+00  0.000000e+00  0.000000e+00  0.000000e+00
-1.872499  9.089590e-02  0.000000e+00  0.000000e+00  0.000000e+00  0.000000e+00  0.000000e+00
-1.869897  9.251594e-02  0.000000e+00  0.000000e+00  0.000000e+00  0.000000e+00  0.000000e+00
-1.867295  9.415945e-02  0.000000e+00  0.000000e+00  0.000000e+00  0.000000e+00  0.000000e+00
-1.864693  9.582622e-02  0.000000e+00  0.000000e+00  0.000000e+00  0.000000e+00  0.000000e+00
-1.862091  9.751606e-02  0.000000e+00  0.000000e+00  0.000000e+00  0.000000e+00  0.000000e+00
-1.859489  9.922876e-02  0.000000e+00  0.000000e+00  0.000000e+00  0.000000e+00  0.000000e+00
-1.856887  1.009641e-01  0.000000e+00  0.000000e+00  0.000000e+00  0.000000e+00  0.000000e+00
-1.854285  1.027219e-01  0.000000e+00  0.000000e+00  0.000000e+00  0.000000e+00  0.000000e+00
-1.851683  1.045019e-01  0.000000e+00  0.000000e+00  0.000000e+00  0.000000e+00  0.000000e+00
-1.849081  1.063039e-01  0.000000e+00  0.000000e+00  0.000000e+00  0.000000e+00  0.000000e+00
-1.846478  1.081278e-01  0.000000e+00  0.000000e+00  0.000000e+00  0.000000e+00  0.000000e+00
-1.843876  1.099732e-01  0.000000e+00  0.000000e+00  0.000000e+00  0.000000e+00  0.000000e+00
-1.841274  1.118399e-01  0.000000e+00  0.000000e+00  0.000000e+00  0.000000e+00  0.000000e+00
-1.838672  1.137278e-01  0.000000e+00  0.000000e+00  0.000000e+00  0.000000e+00  0.000000e+00
-1.836070  1.156366e-01  0.000000e+00  0.000000e+00  0.000000e+00  0.000000e+00  0.000000e+00
-1.833468  1.175660e-01  0.000000e+00  0.000000e+00  0.000000e+00  0.000000e+00  0.000000e+00
-1.830866  1.195159e-01  0.000000e+00  0.000000e+00  0.000000e+00  0.000000e+00  0.000000e+00
-1.828264  1.214860e-01  0.000000e+00  0.000000e+00  0.000000e+00  0.000000e+00  0.000000e+00
-1.825662  1.234760e-01  0.000000e+00  0.000000e+00  0.000000e+00  0.000000e+00  0.000000e+00
-1.823060  1.254857e-01  0.000000e+00  0.000000e+00  0.000000e+00  0.000000e+00  0.000000e+00
-1.820458  1.275149e-01  0.000000e+00  0.000000e+00  0.000000e+00  0.000000e+00  0.000000e+00
-1.817856  1.295634e-01  0.000000e+00  0.000000e+00  0.000000e+00  0.000000e+00  0.000000e+00
-1.815254  1.316307e-01  0.000000e+00  0.000000e+00  0.000000e+00  0.000000e+00  0.000000e+00
-1.812652  1.337168e-01  0.000000e+00  0.000000e+00  0.000000e+00  0.000000e+00  0.000000e+00
-1.810050  1.358214e-01  0.000000e+00  0.000000e+00  0.000000e+00  0.000000e+00  0.000000e+00
-1.807448  1.379441e-01  0.000000e+00  0.000000e+00  0.000000e+00  0.000000e+00  0.000000e+00
-1.804846  1.400849e-01  0.000000e+00  0.000000e+00  0.000000e+00  0.000000e+00  0.000000e+00
-1.802243  1.422439e-01  0.000000e+00  0.000000e+00  0.000000e+00  0.000000e+00  0.000000e+00
-1.799641  1.444215e-01  0.000000e+00  0.000000e+00  0.000000e+00  0.000000e+00  0.000000e+00
-1.797039  1.466178e-01  0.000000e+00  0.000000e+00  0.000000e+00  0.000000e+00  0.000000e+00
-1.794437  1.488332e-01  0.000000e+00  0.000000e+00  0.000000e+00  0.000000e+00  0.000000e+00
-1.791835  1.510679e-01  0.000000e+00  0.000000e+00  0.000000e+00  0.000000e+00  0.000000e+00
-1.789233  1.533222e-01  0.000000e+00  0.000000e+00  0.000000e+00  0.000000e+00  0.000000e+00
-1.786631  1.555963e-01  0.000000e+00  0.000000e+00  0.000000e+00  0.000000e+00  0.000000e+00
-1.784029  1.578905e-01  0.000000e+00  0.000000e+00  0.000000e+00  0.000000e+00  0.000000e+00
-1.781427  1.602052e-01  0.000000e+00  0.000000e+00  0.000000e+00  0.000000e+00  0.000000e+00
-1.778825  1.625405e-01  0.000000e+00  0.000000e+00  0.000000e+00  0.000000e+00  0.000000e+00
-1.776223  1.648968e-01  0.000000e+00  0.000000e+00  0.000000e+00  0.000000e+00  0.000000e+00
-1.773621  1.672743e-01  0.000000e+00  0.000000e+00  0.000000e+00  0.000000e+00  0.000000e+00
-1.771019  1.696734e-01  0.000000e+00  0.000000e+00  0.000000e+00  0.000000e+00  0.000000e+00
-1.768417  1.720943e-01  0.000000e+00  0.000000e+00  0.000000e+00  0.000000e+00  0.000000e+00
-1.765815  1.745373e-01  0.000000e+00  0.000000e+00  0.000000e+00  0.000000e+00  0.000000e+00
-1.763213  1.770028e-01  0.000000e+00  0.000000e+00  0.000000e+00  0.000000e+00  0.000000e+00
-1.760610  1.794909e-01  0.000000e+00  0.000000e+00  0.000000e+00  0.000000e+00  0.000000e+00
-1.758008  1.820022e-01  0.000000e+00  0.000000e+00  0.000000e+00  0.000000e+00  0.000000e+00
-1.755406  1.845368e-01  0.000000e+00  0.000000e+00  0.000000e+00  0.000000e+00  0.000000e+00
-1.752804  1.870950e-01  0.000000e+00  0.000000e+00  0.000000e+00  0.000000e+00  0.000000e+00
-1.750202  1.896772e-01  0.000000e+00  0.000000e+00  0.000000e+00  0.000000e+00  0.000000e+00
-1.747600  1.922837e-01  0.000000e+00  0.000000e+00  0.000000e+00  0.000000e+00  0.000000e+00
-1.744998  1.949149e-01  0.000000e+00  0.000000e+00  0.000000e+00  0.000000e+00  0.000000e+00
-1.742396  1.975709e-01  0.000000e+00  0.000000e+00  0.000000e+00  0.000000e+00  0.000000e+00
-1.739794  2.002523e-01  0.000000e+00  0.000000e+00  0.000000e+00  0.000000e+00  0.000000e+00
-1.737192  2.029593e-01  0.000000e+00  0.000000e+00  0.000000e+00  0.000000e+00  0.000000e+00
-1.734590  2.056922e-01  0.000000e+00  0.000000e+00  0.000000e+00  0.000000e+00  0.000000e+00
-1.731988  2.084515e-01  0.000000e+00  0.000000e+00  0.000000e+00  0.000000e+00  0.000000e+00
-1.729386  2.112373e-01  0.000000e+00  0.000000e+00  0.000000e+00  0.000000e+00  0.000000e+00
-1.726784  2.140502e-01  0.000000e+00  0.000000e+00  0.000000e+00  0.000000e+00  0.000000e+00
-1.724182  2.168905e-01  0.000000e+00  0.000000e+00  0.000000e+00  0.000000e+00  0.000000e+00
-1.721580  2.197584e-01  0.000000e+00  0.000000e+00  0.000000e+00  0.000000e+00  0.000000e+00
-1.718978  2.226544e-01  0.000000e+00  0.000000e+00  0.000000e+00  0.000000e+00  0.000000e+00
-1.716375  2.255789e-01  0.000000e+00  0.000000e+00  0.000000e+00  0.000000e+00  0.000000e+00
-1.713773  2.285321e-01  0.000000e+00  0.000000e+00  0.000000e+00  0.000000e+00  0.000000e+00
-1.711171  2.315146e-01  0.000000e+00  0.000000e+00  0.000000e+00  0.000000e+00  0.000000e+00
-1.708569  2.345266e-01  0.000000e+00  0.000000e+00  0.000000e+00  0.000000e+00  0.000000e+00
-1.705967  2.375685e-01  0.000000e+00  0.000000e+00  0.000000e+00  0.000000e+00  0.000000e+00
-1.703365  2.406408e-01  0.000000e+00  0.000000e+00  0.000000e+00  0.000000e+00  0.000000e+00
-1.700763  2.437434e-01  0.000000e+00  0.000000e+00  0.000000e+00  0.000000e+00  0.000000e+00
-1.698161  2.468766e-01  0.000000e+00  0.000000e+00  0.000000e+00  0.000000e+00  0.000000e+00
-1.695559  2.500404e-01  0.000000e+00  0.000000e+00  0.000000e+00  0.000000e+00  0.000000e+00
-1.692957  2.532348e-01  0.000000e+00  0.000000e+00  0.000000e+00  0.000000e+00  0.000000e+00
-1.690355  2.564599e-01  0.000000e+00  0.000000e+00  0.000000e+00  0.000000e+00  0.000000e+00
-1.687753  2.597159e-01  0.000000e+00  0.000000e+00  0.000000e+00  0.000000e+00  0.000000e+00
-1.685151  2.630028e-01  0.000000e+00  0.000000e+00  0.000000e+00  0.000000e+00  0.000000e+00
-1.682549  2.663208e-01  0.000000e+00  0.000000e+00  0.000000e+00  0.000000e+00  0.000000e+00
-1.679947  2.696698e-01  0.000000e+00  0.000000e+00  0.000000e+00  0.000000e+00  0.000000e+00
-1.677345  2.730500e-01  0.000000e+00  0.000000e+00  0.000000e+00  0.000000e+00  0.000000e+00
-1.674743  2.764614e-01  0.000000e+00  0.000000e+00  0.000000e+00  0.000000e+00  0.000000e+00
-1.672140  2.799043e-01  0.000000e+00  0.000000e+00  0.000000e+00  0.000000e+00  0.000000e+00
-1.669538  2.833785e-01  0.000000e+00  0.000000e+00  0.000000e+00  0.000000e+00  0.000000e+00
-1.666936  2.868844e-01  0.000000e+00  0.000000e+00  0.000000e+00  0.000000e+00  0.000000e+00
-1.664334  2.904218e-01  0.000000e+00  0.000000e+00  0.000000e+00  0.000000e+00  0.000000e+00
-1.661732  2.939910e-01  0.000000e+00  0.000000e+00  0.000000e+00  0.000000e+00  0.000000e+00
-1.659130  2.975920e-01  0.000000e+00  0.000000e+00  0.000000e+00  0.000000e+00  0.000000e+00
-1.656528  3.012249e-01  0.000000e+00  0.000000e+00  0.000000e+00  0.000000e+00  0.000000e+00
-1.653926  3.048898e-01  0.000000e+00  0.000000e+00  0.000000e+00  0.000000e+00  0.000000e+00
-1.651324  3.085868e-01  0.000000e+00  0.000000e+00  0.000000e+00  0.000000e+00  0.000000e+00
-1.648722  3.123159e-01  0.000000e+00  0.000000e+00  0.000000e+00  0.000000e+00  0.000000e+00
-1.646120  3.160774e-01  0.000000e+00  0.000000e+00  0.000000e+00  0.000000e+00  0.000000e+00
-1.643518  3.198713e-01  0.000000e+00  0.000000e+00  0.000000e+00  0.000000e+00  0.000000e+00
-1.640916  3.236977e-01  0.000000e+00  0.000000e+00  0.000000e+00  0.000000e+00  0.000000e+00
-1.638314  3.275566e-01  0.000000e+00  0.000000e+00  0.000000e+00  0.000000e+00  0.000000e+00
-1.635712  3.314482e-01  0.000000e+00  0.000000e+00  0.000000e+00  0.000000e+00  0.000000e+00
-1.633110  3.353726e-01  0.000000e+00  0.000000e+00  0.000000e+00  0.000000e+00  0.000000e+00
-1.630507  3.393299e-01  0.000000e+00  0.000000e+00  0.000000e+00  0.000000e+00  0.000000e+00
-1.627905  3.433202e-01  0.000000e+00  0.000000e+00  0.000000e+00  0.000000e+00  0.000000e+00
-1.625303  3.473435e-01  0.000000e+00  0.000000e+00  0.000000e+00  0.000000e+00  0.000000e+00
-1.622701  3.514001e-01  0.000000e+00  0.000000e+00  0.000000e+00  0.000000e+00  0.000000e+00
-1.620099  3.554899e-01  0.000000e+00  0.000000e+00  0.000000e+00  0.000000e+00  0.000000e+00
-1.617497  3.596132e-01  0.000000e+00  0.000000e+00  0.000000e+00  0.000000e+00  0.000000e+00
-1.614895  3.637699e-01  0.000000e+00  0.000000e+00  0.000000e+00  0.000000e+00  0.000000e+00
-1.612293  3.679605e-01  0.000000e+00  0.000000e+00  0.000000e+00  0.000000e+00  0.000000e+00
-1.609691  3.721856e-01  0.000000e+00  0.000000e+00  0.000000e+00  0.000000e+00  0.000000e+00
-1.607089  3.764460e-01  0.000000e+00  0.000000e+00  0.000000e+00  0.000000e+00  0.000000e+00
-1.604487  3.807427e-01  0.000000e+00  0.000000e+00  0.000000e+00  0.000000e+00  0.000000e+00
-1.601885  3.850763e-01  0.000000e+00  0.000000e+00  0.000000e+00  0.000000e+00  0.000000e+00
-1.599283  3.894478e-01  0.000000e+00  0.000000e+00  0.000000e+00  0.000000e+00  0.000000e+00
-1.596681  3.938580e-01  0.000000e+00  0.000000e+00  0.000000e+00  0.000000e+00  0.000000e+00
-1.594079  3.983077e-01  0.000000e+00  0.000000e+00  0.000000e+00  0.000000e+00  0.000000e+00
-1.591477  4.027978e-01  0.000000e+00  0.000000e+00  0.000000e+00  0.000000e+00  0.000000e+00
-1.588875  4.073292e-01  0.000000e+00  0.000000e+00  0.000000e+00  0.000000e+00  0.000000e+00
-1.586272  4.119027e-01  0.000000e+00  0.000000e+00  0.000000e+00  0.000000e+00  0.000000e+00
-1.583670  4.165194e-01  0.000000e+00  0.000000e+00  0.000000e+00  0.000000e+00  0.000000e+00
-1.581068  4.211800e-01  0.000000e+00  0.000000e+00  0.000000e+00  0.000000e+00  0.000000e+00
-1.578466  4.258855e-01  0.000000e+00  0.000000e+00  0.000000e+00  0.000000e+00  0.000000e+00
-1.575864  4.306368e-01  0.000000e+00  0.000000e+00  0.000000e+00  0.000000e+00  0.000000e+00
-1.573262  4.354349e-01  0.000000e+00  0.000000e+00  0.000000e+00  0.000000e+00  0.000000e+00
-1.570660  4.402806e-01  0.000000e+00  0.000000e+00  0.000000e+00  0.000000e+00  0.000000e+00
-1.568058  4.451751e-01  0.000000e+00  0.000000e+00  0.000000e+00  0.000000e+00  0.000000e+00
-1.565456  4.501192e-01  0.000000e+00  0.000000e+00  0.000000e+00  0.000000e+00  0.000000e+00
-1.562854  4.551138e-01  0.000000e+00  0.000000e+00  0.000000e+00  0.000000e+00  0.000000e+00
-1.560252  4.601602e-01  0.000000e+00  0.000000e+00  0.000000e+00  0.000000e+00  0.000000e+00
-1.557650  4.652591e-01  0.000000e+00  0.000000e+00  0.000000e+00  0.000000e+00  0.000000e+00
-1.555048  4.704117e-01  0.000000e+00  0.000000e+00  0.000000e+00  0.000000e+00  0.000000e+00
-1.552446  4.756189e-01  0.000000e+00  0.000000e+00  0.000000e+00  0.000000e+00  0.000000e+00
-1.549844  4.808818e-01  0.000000e+00  0.000000e+00  0.000000e+00  0.000000e+00  0.000000e+00
-1.547242  4.862016e-01  0.000000e+00  0.000000e+00  0.000000e+00  0.000000e+00  0.000000e+00
-1.544640  4.915791e-01  0.000000e+00  0.000000e+00  0.000000e+00  0.000000e+00  0.000000e+00
-1.542037  4.970156e-01  0.000000e+00  0.000000e+00  0.000000e+00  0.000000e+00  0.000000e+00
-1.539435  5.025120e-01  0.000000e+00  0.000000e+00  0.000000e+00  0.000000e+00  0.000000e+00
-1.536833  5.080696e-01  0.000000e+00  0.000000e+00  0.000000e+00  0.000000e+00  0.000000e+00
-1.534231  5.136894e-01  0.000000e+00  0.000000e+00  0.000000e+00  0.000000e+00  0.000000e+00
-1.531629  5.193726e-01  0.000000e+00  0.000000e+00  0.000000e+00  0.000000e+00  0.000000e+00
-1.529027  5.251202e-01  0.000000e+00  0.000000e+00  0.000000e+00  0.000000e+00  0.000000e+00
-1.526425  5.309336e-01  0.000000e+00  0.000000e+00  0.000000e+00  0.000000e+00  0.000000e+00
-1.523823  5.368138e-01  0.000000e+00  0.000000e+00  0.000000e+00  0.000000e+00  0.000000e+00
-1.521221  5.427619e-01  0.000000e+00  0.000000e+00  0.000000e+00  0.000000e+00  0.000000e+00
-1.518619  5.487794e-01  0.000000e+00  0.000000e+00  0.000000e+00  0.000000e+00  0.000000e+00
-1.516017  5.548672e-01  0.000000e+00  0.000000e+00  0.000000e+00  0.000000e+00  0.000000e+00
-1.513415  5.610266e-01  0.000000e+00  0.000000e+00  0.000000e+00  0.000000e+00  0.000000e+00
-1.510813  5.672588e-01  0.000000e+00  0.000000e+00  0.000000e+00  0.000000e+00  0.000000e+00
-1.508211  5.735649e-01  0.000000e+00  0.000000e+00  0.000000e+00  0.000000e+00  0.000000e+00
-1.505609  5.799461e-01  0.000000e+00  0.000000e+00  0.000000e+00  0.000000e+00  0.000000e+00
-1.503007  5.864036e-01  0.000000e+00  0.000000e+00  0.000000e+00  0.000000e+00  0.000000e+00
-1.500404  5.929387e-01  0.000000e+00  0.000000e+00  0.000000e+00  0.000000e+00  0.000000e+00
-1.497802  5.995525e-01  0.000000e+00  0.000000e+00  0.000000e+00  0.000000e+00  0.000000e+00
-1.495200  6.062464e-01  0.000000e+00  0.000000e+00  0.000000e+00  0.000000e+00  0.000000e+00
-1.492598  6.130217e-01  0.000000e+00  0.000000e+00  0.000000e+00  0.000000e+00  0.000000e+00
-1.489996  6.198795e-01  0.000000e+00  0.000000e+00  0.000000e+00  0.000000e+00  0.000000e+00
-1.487394  6.268212e-01  0.000000e+00  0.000000e+00  0.000000e+00  0.000000e+00  0.000000e+00
-1.484792  6.338481e-01  0.000000e+00  0.000000e+00  0.000000e+00  0.000000e+00  0.000000e+00
-1.482190  6.409616e-01  0.000000e+00  0.000000e+00  0.000000e+00  0.000000e+00  0.000000e+00
-1.479588  6.481629e-01  0.000000e+00  0.000000e+00  0.000000e+00  0.000000e+00  0.000000e+00
-1.476986  6.554536e-01  0.000000e+00  0.000000e+00  0.000000e+00  0.000000e+00  0.000000e+00
-1.474384  6.628348e-01  0.000000e+00  0.000000e+00  0.000000e+00  0.000000e+00  0.000000e+00
-1.471782  6.703081e-01  0.000000e+00  0.000000e+00  0.000000e+00  0.000000e+00  0.000000e+00
-1.469180  6.778748e-01  0.000000e+00  0.000000e+00  0.000000e+00  0.000000e+00  0.000000e+00
-1.466578  6.855364e-01  0.000000e+00  0.000000e+00  0.000000e+00  0.000000e+00  0.000000e+00
-1.463976  6.932943e-01  0.000000e+00  0.000000e+00  0.000000e+00  0.000000e+00  0.000000e+00
-1.461374  7.011500e-01  0.000000e+00  0.000000e+00  0.000000e+00  0.000000e+00  0.000000e+00
-1.458772  7.091050e-01  0.000000e+00  0.000000e+00  0.000000e+00  0.000000e+00  0.000000e+00
-1.456169  7.171608e-01  0.000000e+00  0.000000e+00  0.000000e+00  0.000000e+00  0.000000e+00
-1.453567  7.253189e-01  0.000000e+00  0.000000e+00  0.000000e+00  0.000000e+00  0.000000e+00
-1.450965  7.335808e-01  0.000000e+00  0.000000e+00  0.000000e+00  0.000000e+00  0.000000e+00
-1.448363  7.419480e-01  0.000000e+00  0.000000e+00  0.000000e+00  0.000000e+00  0.000000e+00
-1.445761  7.504223e-01  0.000000e+00  0.000000e+00  0.000000e+00  0.000000e+00  0.000000e+00
-1.443159  7.590051e-01  0.000000e+00  0.000000e+00  0.000000e+00  0.000000e+00  0.000000e+00
-1.440557  7.676981e-01  0.000000e+00  0.000000e+00  0.000000e+00  0.000000e+00  0.000000e+00
-1.437955  7.765030e-01  0.000000e+00  0.000000e+00  0.000000e+00  0.000000e+00  0.000000e+00
-1.435353  7.854213e-01  0.000000e+00  0.000000e+00  0.000000e+00  0.000000e+00  0.000000e+00
-1.432751  7.944547e-01  0.000000e+00  0.000000e+00  0.000000e+00  0.000000e+00  0.000000e+00
-1.430149  8.036050e-01  0.000000e+00  0.000000e+00  0.000000e+00  0.000000e+00  0.000000e+00
-1.427547  8.128738e-01  0.000000e+00  0.000000e+00  0.000000e+00  0.000000e+00  0.000000e+00
-1.424945  8.222630e-01  0.000000e+00  0.000000e+00  0.000000e+00  0.000000e+00  0.000000e+00
-1.422343  8.317749e-01  0.000000e+00  0.000000e+00  0.000000e+00  0.000000e+00  0.000000e+00
-1.419741  8.414118e-01  0.000000e+00  0.000000e+00  0.000000e+00  0.000000e+00  0.000000e+00
-1.417139  8.511762e-01  0.000000e+00  0.000000e+00  0.000000e+00  0.000000e+00  0.000000e+00
-1.414537  8.610705e-01  0.000000e+00  0.000000e+00  0.000000e+00  0.000000e+00  0.000000e+00
-1.411934  8.710972e-01  0.000000e+00  0.000000e+00  0.000000e+00  0.000000e+00  0.000000e+00
-1.409332  8.812588e-01  0.000000e+00  0.000000e+00  0.000000e+00  0.000000e+00  0.000000e+00
-1.406730  8.915580e-01  0.000000e+00  0.000000e+00  0.000000e+00  0.000000e+00  0.000000e+00
-1.404128  9.019972e-01  0.000000e+00  0.000000e+00  0.000000e+00  0.000000e+00  0.000000e+00
-1.401526  9.125791e-01  0.000000e+00  0.000000e+00  0.000000e+00  0.000000e+00  0.000000e+00
-1.398924  9.233063e-01  0.000000e+00  0.000000e+00  0.000000e+00  0.000000e+00  0.000000e+00
-1.396322  9.341814e-01  0.000000e+00  0.000000e+00  0.000000e+00  0.000000e+00  0.000000e+00
-1.393720  9.452073e-01  0.000000e+00  0.000000e+00  0.000000e+00  0.000000e+00  0.000000e+00
-1.391118  9.563867e-01  0.000000e+00  0.000000e+00  0.000000e+00  0.000000e+00  0.000000e+00
-1.388516  9.677222e-01  0.000000e+00  0.000000e+00  0.000000e+00  0.000000e+00  0.000000e+00
-1.385914  9.792168e-01  0.000000e+00  0.000000e+00  0.000000e+00  0.000000e+00  0.000000e+00
-1.383312  9.908733e-01  0.000000e+00  0.000000e+00  0.000000e+00  0.000000e+00  0.000000e+00
-1.380710  1.002695e+00  0.000000e+00  0.000000e+00  0.000000e+00  0.000000e+00  0.000000e+00
-1.378108  1.014683e+00  0.000000e+00  0.000000e+00  0.000000e+00  0.000000e+00  0.000000e+00
-1.375506  1.026843e+00  0.000000e+00  0.000000e+00  0.000000e+00  0.000000e+00  0.000000e+00
-1.372904  1.039176e+00  0.000000e+00  0.000000e+00  0.000000e+00  0.000000e+00  0.000000e+00
-1.370301  1.051686e+00  0.000000e+00  0.000000e+00  0.000000e+00  0.000000e+00  0.000000e+00
-1.367699  1.064376e+00  0.000000e+00  0.000000e+00  0.000000e+00  0.000000e+00  0.000000e+00
-1.365097  1.077248e+00  0.000000e+00  0.000000e+00  0.000000e+00  0.000000e+00  0.000000e+00
-1.362495  1.090306e+00  0.000000e+00  0.000000e+00  0.000000e+00  0.000000e+00  0.000000e+00
-1.359893  1.103554e+00  0.000000e+00  0.000000e+00  0.000000e+00  0.000000e+00  0.000000e+00
-1.357291  1.116993e+00  0.000000e+00  0.000000e+00  0.000000e+00  0.000000e+00  0.000000e+00
-1.354689  1.130629e+00  0.000000e+00  0.000000e+00  0.000000e+00  0.000000e+00  0.000000e+00
-1.352087  1.144463e+00  0.000000e+00  0.000000e+00  0.000000e+00  0.000000e+00  0.000000e+00
-1.349485  1.158499e+00  0.000000e+00  0.000000e+00  0.000000e+00  0.000000e+00  0.000000e+00
-1.346883  1.172741e+00  0.000000e+00  0.000000e+00  0.000000e+00  0.000000e+00  0.000000e+00
-1.344281  1.187189e+00  0.000000e+00  0.000000e+00  0.000000e+00  0.000000e+00  0.000000e+00
-1.341679  1.201845e+00  0.000000e+00  0.000000e+00  0.000000e+00  0.000000e+00  0.000000e+00
-1.339077  1.216709e+00  0.000000e+00  0.000000e+00  0.000000e+00  0.000000e+00  0.000000e+00
-1.336475  1.231783e+00  0.000000e+00  0.000000e+00  0.000000e+00  0.000000e+00  0.000000e+00
-1.333873  1.247068e+00  0.000000e+00  0.000000e+00  0.000000e+00  0.000000e+00  0.000000e+00
-1.331271  1.262564e+00  0.000000e+00  0.000000e+00  0.000000e+00  0.000000e+00  0.000000e+00
-1.328669  1.278273e+00  0.000000e+00  0.000000e+00  0.000000e+00  0.000000e+00  0.000000e+00
-1.326066  1.294196e+00  0.000000e+00  0.000000e+00  0.000000e+00  0.000000e+00  0.000000e+00
-1.323464  1.310334e+00  0.000000e+00  0.000000e+00  0.000000e+00  0.000000e+00  0.000000e+00
-1.320862  1.326688e+00  0.000000e+00  0.000000e+00  0.000000e+00  0.000000e+00  0.000000e+00
-1.318260  1.343259e+00  0.000000e+00  0.000000e+00  0.000000e+00  0.000000e+00  0.000000e+00
-1.315658  1.360048e+00  0.000000e+00  0.000000e+00  0.000000e+00  0.000000e+00  0.000000e+00
-1.313056  1.377057e+00  0.000000e+00  0.000000e+00  0.000000e+00  0.000000e+00  0.000000e+00
-1.310454  1.394286e+00  0.000000e+00  0.000000e+00  0.000000e+00  0.000000e+00  0.000000e+00
-1.307852  1.411738e+00  0.000000e+00  0.000000e+00  0.000000e+00  0.000000e+00  0.000000e+00
-1.305250  1.429412e+00  0.000000e+00  0.000000e+00  0.000000e+00  0.000000e+00  0.000000e+00
-1.302648  1.447310e+00  0.000000e+00  0.000000e+00  0.000000e+00  0.000000e+00  0.000000e+00
-1.300046  1.465434e+00  0.000000e+00  0.000000e+00  0.000000e+00  0.000000e+00  0.000000e+00
-1.297444  1.483785e+00  0.000000e+00  0.000000e+00  0.000000e+00  0.000000e+00  0.000000e+00
-1.294842  1.502363e+00  0.000000e+00  0.000000e+00  0.000000e+00  0.000000e+00  0.000000e+00
-1.292240  1.521171e+00  0.000000e+00  0.000000e+00  0.000000e+00  0.000000e+00  0.000000e+00
-1.289638  1.540209e+00  0.000000e+00  0.000000e+00  0.000000e+00  0.000000e+00  0.000000e+00
-1.287036  1.559480e+00  0.000000e+00  0.000000e+00  0.000000e+00  0.000000e+00  0.000000e+00
-1.284434  1.578983e+00  0.000000e+00  0.000000e+00  0.000000e+00  0.000000e+00  0.000000e+00
-1.281831  1.598720e+00  0.000000e+00  0.000000e+00  0.000000e+00  0.000000e+00  0.000000e+00
-1.279229  1.618694e+00  0.000000e+00  0.000000e+00  0.000000e+00  0.000000e+00  0.000000e+00
-1.276627  1.638905e+00  0.000000e+00  0.000000e+00  0.000000e+00  0.000000e+00  0.000000e+00
-1.274025  1.659354e+00  0.000000e+00  0.000000e+00  0.000000e+00  0.000000e+00  0.000000e+00
-1.271423  1.680043e+00  0.000000e+00  0.000000e+00  0.000000e+00  0.000000e+00  0.000000e+00
-1.268821  1.700974e+00  0.000000e+00  0.000000e+00  0.000000e+00  0.000000e+00  0.000000e+00
-1.266219  1.722147e+00  0.000000e+00  0.000000e+00  0.000000e+00  0.000000e+00  0.000000e+00
-1.263617  1.743565e+00  0.000000e+00  0.000000e+00  0.000000e+00  0.000000e+00  0.000000e+00
-1.261015  1.765228e+00  0.000000e+00  0.000000e+00  0.000000e+00  0.000000e+00  0.000000e+00
-1.258413  1.787137e+00  0.000000e+00  0.000000e+00  0.000000e+00  0.000000e+00  0.000000e+00
-1.255811  1.809293e+00  0.000000e+00  0.000000e+00  0.000000e+00  0.000000e+00  0.000000e+00
-1.253209  1.831695e+00  0.000000e+00  0.000000e+00  0.000000e+00  0.000000e+00  0.000000e+00
-1.250607  1.854344e+00  0.000000e+00  0.000000e+00  0.000000e+00  0.000000e+00  0.000000e+00
-1.248005  1.877239e+00  0.000000e+00  0.000000e+00  0.000000e+00  0.000000e+00  0.000000e+00
-1.245403  1.900382e+00  0.000000e+00  0.000000e+00  0.000000e+00  0.000000e+00  0.000000e+00
-1.242801  1.923772e+00  0.000000e+00  0.000000e+00  0.000000e+00  0.000000e+00  0.000000e+00
-1.240198  1.947410e+00  0.000000e+00  0.000000e+00  0.000000e+00  0.000000e+00  0.000000e+00
-1.237596  1.971296e+00  0.000000e+00  0.000000e+00  0.000000e+00  0.000000e+00  0.000000e+00
-1.234994  1.995430e+00  0.000000e+00  0.000000e+00  0.000000e+00  0.000000e+00  0.000000e+00
-1.232392  2.019813e+00  0.000000e+00  0.000000e+00  0.000000e+00  0.000000e+00  0.000000e+00
-1.229790  2.044444e+00  0.000000e+00  0.000000e+00  0.000000e+00  0.000000e+00  0.000000e+00
-1.227188  2.069325e+00  0.000000e+00  0.000000e+00  0.000000e+00  0.000000e+00  0.000000e+00
-1.224586  2.094454e+00  0.000000e+00  0.000000e+00  0.000000e+00  0.000000e+00  0.000000e+00
-1.221984  2.119833e+00  0.000000e+00  0.000000e+00  0.000000e+00  0.000000e+00  0.000000e+00
-1.219382  2.145462e+00  0.000000e+00  0.000000e+00  0.000000e+00  0.000000e+00  0.000000e+00
-1.216780  2.171341e+00  0.000000e+00  0.000000e+00  0.000000e+00  0.000000e+00  0.000000e+00
-1.214178  2.197469e+00  0.000000e+00  0.000000e+00  0.000000e+00  0.000000e+00  0.000000e+00
-1.211576  2.223849e+00  0.000000e+00  0.000000e+00  0.000000e+00  0.000000e+00  0.000000e+00
-1.208974  2.250479e+00  0.000000e+00  0.000000e+00  0.000000e+00  0.000000e+00  0.000000e+00
-1.206372  2.277361e+00  0.000000e+00  0.000000e+00  0.000000e+00  0.000000e+00  0.000000e+00
-1.203770  2.304493e+00  0.000000e+00  0.000000e+00  0.000000e+00  0.000000e+00  0.000000e+00
-1.201168  2.331877e+00  0.000000e+00  0.000000e+00  0.000000e+00  0.000000e+00  0.000000e+00
-1.198566  2.359513e+00  0.000000e+00  0.000000e+00  0.000000e+00  0.000000e+00  0.000000e+00
-1.195963  2.387403e+00  0.000000e+00  0.000000e+00  0.000000e+00  0.000000e+00  0.000000e+00
-1.193361  2.415551e+00  0.000000e+00  0.000000e+00  0.000000e+00  0.000000e+00  0.000000e+00
-1.190759  2.443960e+00  0.000000e+00  0.000000e+00  0.000000e+00  0.000000e+00  0.000000e+00
-1.188157  2.472636e+00  0.000000e+00  0.000000e+00  0.000000e+00  0.000000e+00  0.000000e+00
-1.185555  2.501582e+00  0.000000e+00  0.000000e+00  0.000000e+00  0.000000e+00  0.000000e+00
-1.182953  2.530804e+00  0.000000e+00  0.000000e+00  0.000000e+00  0.000000e+00  0.000000e+00
-1.180351  2.560306e+00  0.000000e+00  0.000000e+00  0.000000e+00  0.000000e+00  0.000000e+00
-1.177749  2.590093e+00  0.000000e+00  0.000000e+00  0.000000e+00  0.000000e+00  0.000000e+00
-1.175147  2.620168e+00  0.000000e+00  0.000000e+00  0.000000e+00  0.000000e+00  0.000000e+00
-1.172545  2.650537e+00  0.000000e+00  0.000000e+00  0.000000e+00  0.000000e+00  0.000000e+00
-1.169943  2.681205e+00  0.000000e+00  0.000000e+00  0.000000e+00  0.000000e+00  0.000000e+00
-1.167341  2.712177e+00  0.000000e+00  0.000000e+00  0.000000e+00  0.000000e+00  0.000000e+00
-1.164739  2.743457e+00  0.000000e+00  0.000000e+00  0.000000e+00  0.000000e+00  0.000000e+00
-1.162137  2.775050e+00  0.000000e+00  0.000000e+00  0.000000e+00  0.000000e+00  0.000000e+00
-1.159535  2.806961e+00  0.000000e+00  0.000000e+00  0.000000e+00  0.000000e+00  0.000000e+00
-1.156933  2.839195e+00  0.000000e+00  0.000000e+00  0.000000e+00  0.000000e+00  0.000000e+00
-1.154331  2.871758e+00  0.000000e+00  0.000000e+00  0.000000e+00  0.000000e+00  0.000000e+00
-1.151728  2.904654e+00  0.000000e+00  0.000000e+00  0.000000e+00  0.000000e+00  0.000000e+00
-1.149126  2.937889e+00  0.000000e+00  0.000000e+00  0.000000e+00  0.000000e+00  0.000000e+00
-1.146524  2.971468e+00  0.000000e+00  0.000000e+00  0.000000e+00  0.000000e+00  0.000000e+00
-1.143922  3.005397e+00  0.000000e+00  0.000000e+00  0.000000e+00  0.000000e+00  0.000000e+00
-1.141320  3.039680e+00  0.000000e+00  0.000000e+00  0.000000e+00  0.000000e+00  0.000000e+00
-1.138718  3.074323e+00  0.000000e+00  0.000000e+00  0.000000e+00  0.000000e+00  0.000000e+00
-1.136116  3.109333e+00  0.000000e+00  0.000000e+00  0.000000e+00  0.000000e+00  0.000000e+00
-1.133514  3.144713e+00  0.000000e+00  0.000000e+00  0.000000e+00  0.000000e+00  0.000000e+00
-1.130912  3.180459e+00  0.000000e+00  0.000000e+00  0.000000e+00  0.000000e+00  0.000000e+00
-1.128310  3.216556e+00  0.000000e+00  0.000000e+00  0.000000e+00  0.000000e+00  0.000000e+00
-1.125708  3.252988e+00  0.000000e+00  0.000000e+00  0.000000e+00  0.000000e+00  0.000000e+00
-1.123106  3.289739e+00  0.000000e+00  0.000000e+00  0.000000e+00  0.000000e+00  0.000000e+00
-1.120504  3.326794e+00  0.000000e+00  0.000000e+00  0.000000e+00  0.000000e+00  0.000000e+00
-1.117902  3.364136e+00  0.000000e+00  0.000000e+00  0.000000e+00  0.000000e+00  0.000000e+00
-1.115300  3.401748e+00  0.000000e+00  0.000000e+00  0.000000e+00  0.000000e+00  0.000000e+00
-1.112698  3.439615e+00  0.000000e+00  0.000000e+00  0.000000e+00  0.000000e+00  0.000000e+00
-1.110095  3.477719e+00  0.000000e+00  0.000000e+00  0.000000e+00  0.000000e+00  0.000000e+00
-1.107493  3.516042e+00  0.000000e+00  0.000000e+00  0.000000e+00  0.000000e+00  0.000000e+00
-1.104891  3.554569e+00  0.000000e+00  0.000000e+00  0.000000e+00  0.000000e+00  0.000000e+00
-1.102289  3.593281e+00  0.000000e+00  0.000000e+00  0.000000e+00  0.000000e+00  0.000000e+00
-1.099687  3.632160e+00  0.000000e+00  0.000000e+00  0.000000e+00  0.000000e+00  0.000000e+00
-1.097085  3.671189e+00  0.000000e+00  0.000000e+00  0.000000e+00  0.000000e+00  0.000000e+00
-1.094483  3.687042e+00  0.000000e+00  0.000000e+00  0.000000e+00  0.000000e+00  0.000000e+00
-1.091881  3.724596e+00  0.000000e+00  0.000000e+00  0.000000e+00  0.000000e+00  0.000000e+00
-1.089279  3.762402e+00  0.000000e+00  0.000000e+00  0.000000e+00  0.000000e+00  0.000000e+00
-1.086677  3.800457e+00  0.000000e+00  0.000000e+00  0.000000e+00  0.000000e+00  0.000000e+00
-1.084075  3.838763e+00  0.000000e+00  0.000000e+00  0.000000e+00  0.000000e+00  0.000000e+00
-1.081473  3.877319e+00  0.000000e+00  0.000000e+00  0.000000e+00  0.000000e+00  0.000000e+00
-1.078871  3.916124e+00  0.000000e+00  0.000000e+00  0.000000e+00  0.000000e+00  0.000000e+00
-1.076269  3.955179e+00  0.000000e+00  0.000000e+00  0.000000e+00  0.000000e+00  0.000000e+00
-1.073667  3.994484e+00  0.000000e+00  0.000000e+00  0.000000e+00  0.000000e+00  0.000000e+00
-1.071065  4.034038e+00  0.000000e+00  0.000000e+00  0.000000e+00  0.000000e+00  0.000000e+00
-1.068463  4.073841e+00  0.000000e+00  0.000000e+00  0.000000e+00  0.000000e+00  0.000000e+00
-1.065860  4.113892e+00  0.000000e+00  0.000000e+00  0.000000e+00  0.000000e+00  0.000000e+00
-1.063258  4.154192e+00  0.000000e+00  0.000000e+00  0.000000e+00  0.000000e+00  0.000000e+00
-1.060656  4.194740e+00  0.000000e+00  0.000000e+00  0.000000e+00  0.000000e+00  0.000000e+00
-1.058054  4.235536e+00  0.000000e+00  0.000000e+00  0.000000e+00  0.000000e+00  0.000000e+00
-1.055452  4.276578e+00  0.000000e+00  0.000000e+00  0.000000e+00  0.000000e+00  0.000000e+00
-1.052850  4.317867e+00  0.000000e+00  0.000000e+00  0.000000e+00  0.000000e+00  0.000000e+00
-1.050248  4.359403e+00  0.000000e+00  0.000000e+00  0.000000e+00  0.000000e+00  0.000000e+00
-1.047646  4.401184e+00  0.000000e+00  0.000000e+00  0.000000e+00  0.000000e+00  0.000000e+00
-1.045044  4.443210e+00  0.000000e+00  0.000000e+00  0.000000e+00  0.000000e+00  0.000000e+00
-1.042442  4.485481e+00  0.000000e+00  0.000000e+00  0.000000e+00  0.000000e+00  0.000000e+00
-1.039840  4.527996e+00  0.000000e+00  0.000000e+00  0.000000e+00  0.000000e+00  0.000000e+00
-1.037238  4.570754e+00  0.000000e+00  0.000000e+00  0.000000e+00  0.000000e+00  0.000000e+00
-1.034636  4.613755e+00  0.000000e+00  0.000000e+00  0.000000e+00  0.000000e+00  0.000000e+00
-1.032034  4.656998e+00  0.000000e+00  0.000000e+00  0.000000e+00  0.000000e+00  0.000000e+00
-1.029432  4.700482e+00  0.000000e+00  0.000000e+00  0.000000e+00  0.000000e+00  0.000000e+00
-1.026830  4.744206e+00  0.000000e+00  0.000000e+00  0.000000e+00  0.000000e+00  0.000000e+00
-1.024228  4.788170e+00  0.000000e+00  0.000000e+00  0.000000e+00  0.000000e+00  0.000000e+00
-1.021625  4.832373e+00  0.000000e+00  0.000000e+00  0.000000e+00  0.000000e+00  0.000000e+00
-1.019023  4.876814e+00  0.000000e+00  0.000000e+00  0.000000e+00  0.000000e+00  0.000000e+00
-1.016421  4.921491e+00  0.000000e+00  0.000000e+00  0.000000e+00  0.000000e+00  0.000000e+00
-1.013819  4.966404e+00  0.000000e+00  0.000000e+00  0.000000e+00  0.000000e+00  0.000000e+00
-1.011217  5.011553e+00  0.000000e+00  0.000000e+00  0.000000e+00  0.000000e+00  0.000000e+00
-1.008615  5.056935e+00  0.000000e+00  0.000000e+00  0.000000e+00  0.000000e+00  0.000000e+00
-1.006013  5.102550e+00  0.000000e+00  0.000000e+00  0.000000e+00  0.000000e+00  0.000000e+00
-1.003411  5.148396e+00  0.000000e+00  0.000000e+00  0.000000e+00  0.000000e+00  0.000000e+00
-1.000809  5.194473e+00  0.000000e+00  0.000000e+00  0.000000e+00  0.000000e+00  0.000000e+00
-0.998207  5.240780e+00  0.000000e+00  0.000000e+00  0.000000e+00  0.000000e+00  0.000000e+00
-0.995605  5.287314e+00  0.000000e+00  0.000000e+00  0.000000e+00  0.000000e+00  0.000000e+00
-0.993003  5.334075e+00  0.000000e+00  0.000000e+00  0.000000e+00  0.000000e+00  0.000000e+00
-0.990401  5.381061e+00  0.000000e+00  0.000000e+00  0.000000e+00  0.000000e+00  0.000000e+00
-0.987799  5.428271e+00  0.000000e+00  0.000000e+00  0.000000e+00  0.000000e+00  0.000000e+00
-0.985197  5.475704e+00  0.000000e+00  0.000000e+00  0.000000e+00  0.000000e+00  0.000000e+00
-0.982595  5.523358e+00  0.000000e+00  0.000000e+00  0.000000e+00  0.000000e+00  0.000000e+00
-0.979992  5.571231e+00  0.000000e+00  0.000000e+00  0.000000e+00  0.000000e+00  0.000000e+00
-0.977390  5.619322e+00  0.000000e+00  0.000000e+00  0.000000e+00  0.000000e+00  0.000000e+00
-0.974788  5.667630e+00  0.000000e+00  0.000000e+00  0.000000e+00  0.000000e+00  0.000000e+00
-0.972186  5.716152e+00  0.000000e+00  0.000000e+00  0.000000e+00  0.000000e+00  0.000000e+00
-0.969584  5.764886e+00  0.000000e+00  0.000000e+00  0.000000e+00  0.000000e+00  0.000000e+00
-0.966982  5.813832e+00  0.000000e+00  0.000000e+00  0.000000e+00  0.000000e+00  0.000000e+00
-0.964380  5.862988e+00  0.000000e+00  0.000000e+00  0.000000e+00  0.000000e+00  0.000000e+00
-0.961778  5.912350e+00  0.000000e+00  0.000000e+00  0.000000e+00  0.000000e+00  0.000000e+00
-0.959176  5.961918e+00  0.000000e+00  0.000000e+00  0.000000e+00  0.000000e+00  0.000000e+00
-0.956574  6.011690e+00  0.000000e+00  0.000000e+00  0.000000e+00  0.000000e+00  0.000000e+00
-0.953972  6.061663e+00  0.000000e+00  0.000000e+00  0.000000e+00  0.000000e+00  0.000000e+00
-0.951370  6.111835e+00  0.000000e+00  0.000000e+00  0.000000e+00  0.000000e+00  0.000000e+00
-0.948768  6.162204e+00  0.000000e+00  0.000000e+00  0.000000e+00  0.000000e+00  0.000000e+00
-0.946166  6.212769e+00  0.000000e+00  0.000000e+00  0.000000e+00  0.000000e+00  0.000000e+00
-0.943564  6.263526e+00  0.000000e+00  0.000000e+00  0.000000e+00  0.000000e+00  0.000000e+00
-0.940962  6.314473e+00  0.000000e+00  0.000000e+00  0.000000e+00  0.000000e+00  0.000000e+00
-0.938360  6.365608e+00  0.000000e+00  0.000000e+00  0.000000e+00  0.000000e+00  0.000000e+00
-0.935757  6.416929e+00  0.000000e+00  0.000000e+00  0.000000e+00  0.000000e+00  0.000000e+00
-0.933155  6.468433e+00  0.000000e+00  0.000000e+00  0.000000e+00  0.000000e+00  0.000000e+00
-0.930553  6.520118e+00  0.000000e+00  0.000000e+00  0.000000e+00  0.000000e+00  0.000000e+00
-0.927951  6.571980e+00  0.000000e+00  0.000000e+00  0.000000e+00  0.000000e+00  0.000000e+00
-0.925349  6.624017e+00  0.000000e+00  0.000000e+00  0.000000e+00  0.000000e+00  0.000000e+00
-0.922747  6.676227e+00  0.000000e+00  0.000000e+00  0.000000e+00  0.000000e+00  0.000000e+00
-0.920145  6.728606e+00  0.000000e+00  0.000000e+00  0.000000e+00  0.000000e+00  0.000000e+00
-0.917543  6.781152e+00  0.000000e+00  0.000000e+00  0.000000e+00  0.000000e+00  0.000000e+00
-0.914941  6.833861e+00  0.000000e+00  0.000000e+00  0.000000e+00  0.000000e+00  0.000000e+00
-0.912339  6.886732e+00  0.000000e+00  0.000000e+00  0.000000e+00  0.000000e+00  0.000000e+00
-0.909737  6.939759e+00  0.000000e+00  0.000000e+00  0.000000e+00  0.000000e+00  0.000000e+00
-0.907135  6.992942e+00  0.000000e+00  0.000000e+00  0.000000e+00  0.000000e+00  0.000000e+00
-0.904533  7.046275e+00  0.000000e+00  0.000000e+00  0.000000e+00  0.000000e+00  0.000000e+00
-0.901931  7.099756e+00  0.000000e+00  0.000000e+00  0.000000e+00  0.000000e+00  0.000000e+00
-0.899329  7.153382e+00  0.000000e+00  0.000000e+00  0.000000e+00  0.000000e+00  0.000000e+00
-0.896727  7.207148e+00  0.000000e+00  0.000000e+00  0.000000e+00  0.000000e+00  0.000000e+00
-0.894125  7.261052e+00  0.000000e+00  0.000000e+00  0.000000e+00  0.000000e+00  0.000000e+00
-0.891522  7.315090e+00  0.000000e+00  0.000000e+00  0.000000e+00  0.000000e+00  0.000000e+00
-0.888920  7.369258e+00  0.000000e+00  0.000000e+00  0.000000e+00  0.000000e+00  0.000000e+00
-0.886318  7.423553e+00  0.000000e+00  0.000000e+00  0.000000e+00  0.000000e+00  0.000000e+00
-0.883716  7.477969e+00  0.000000e+00  0.000000e+00  0.000000e+00  0.000000e+00  0.000000e+00
-0.881114  7.532505e+00  0.000000e+00  0.000000e+00  0.000000e+00  0.000000e+00  0.000000e+00
-0.878512  7.587155e+00  0.000000e+00  0.000000e+00  0.000000e+00  0.000000e+00  0.000000e+00
-0.875910  7.641916e+00  0.000000e+00  0.000000e+00  0.000000e+00  0.000000e+00  0.000000e+00
-0.873308  7.696782e+00  0.000000e+00  0.000000e+00  0.000000e+00  0.000000e+00  0.000000e+00
-0.870706  7.751751e+00  0.000000e+00  0.000000e+00  0.000000e+00  0.000000e+00  0.000000e+00
-0.868104  7.806818e+00  0.000000e+00  0.000000e+00  0.000000e+00  0.000000e+00  0.000000e+00
-0.865502  7.861978e+00  0.000000e+00  0.000000e+00  0.000000e+00  0.000000e+00  0.000000e+00
-0.862900  7.917226e+00  0.000000e+00  0.000000e+00  0.000000e+00  0.000000e+00  0.000000e+00
-0.860298  7.972559e+00  0.000000e+00  0.000000e+00  0.000000e+00  0.000000e+00  0.000000e+00
-0.857696  8.027970e+00  0.000000e+00  0.000000e+00  0.000000e+00  0.000000e+00  0.000000e+00
-0.855094  8.083457e+00  0.000000e+00  0.000000e+00  0.000000e+00  0.000000e+00  0.000000e+00
-0.852492  8.139013e+00  0.000000e+00  0.000000e+00  0.000000e+00  0.000000e+00  0.000000e+00
-0.849889  8.194634e+00  0.000000e+00  0.000000e+00  0.000000e+00  0.000000e+00  0.000000e+00
-0.847287  8.250314e+00  0.000000e+00  0.000000e+00  0.000000e+00  0.000000e+00  0.000000e+00
-0.844685  8.306048e+00  0.000000e+00  0.000000e+00  0.000000e+00  0.000000e+00  0.000000e+00
-0.842083  8.361832e+00  0.000000e+00  0.000000e+00  0.000000e+00  0.000000e+00  0.000000e+00
-0.839481  8.417659e+00  0.000000e+00  0.000000e+00  0.000000e+00  0.000000e+00  0.000000e+00
-0.836879  8.473525e+00  0.000000e+00  0.000000e+00  0.000000e+00  0.000000e+00  0.000000e+00
-0.834277  8.529423e+00  0.000000e+00  0.000000e+00  0.000000e+00  0.000000e+00  0.000000e+00
-0.831675  8.585347e+00  0.000000e+00  0.000000e+00  0.000000e+00  0.000000e+00  0.000000e+00
-0.829073  8.641293e+00  0.000000e+00  0.000000e+00  0.000000e+00  0.000000e+00  0.000000e+00
-0.826471  8.697254e+00  0.000000e+00  0.000000e+00  0.000000e+00  0.000000e+00  0.000000e+00
-0.823869  8.753224e+00  0.000000e+00  0.000000e+00  0.000000e+00  0.000000e+00  0.000000e+00
-0.821267  8.809197e+00  0.000000e+00  0.000000e+00  0.000000e+00  0.000000e+00  0.000000e+00
-0.818665  8.865166e+00  0.000000e+00  0.000000e+00  0.000000e+00  0.000000e+00  0.000000e+00
-0.816063  8.921126e+00  0.000000e+00  0.000000e+00  0.000000e+00  0.000000e+00  0.000000e+00
-0.813461  8.977069e+00  0.000000e+00  0.000000e+00  0.000000e+00  0.000000e+00  0.000000e+00
-0.810859  9.032990e+00  0.000000e+00  0.000000e+00  0.000000e+00  0.000000e+00  0.000000e+00
-0.808257  9.088880e+00  0.000000e+00  0.000000e+00  0.000000e+00  0.000000e+00  0.000000e+00
-0.805654  9.144735e+00  0.000000e+00  0.000000e+00  0.000000e+00  0.000000e+00  0.000000e+00
-0.803052  9.200546e+00  0.000000e+00  0.000000e+00  0.000000e+00  0.000000e+00  0.000000e+00
-0.800450  9.256306e+00  0.000000e+00  0.000000e+00  0.000000e+00  0.000000e+00  0.000000e+00
-0.797848  9.312009e+00  0.000000e+00  0.000000e+00  0.000000e+00  0.000000e+00  0.000000e+00
-0.795246  9.367647e+00  0.000000e+00  0.000000e+00  0.000000e+00  0.000000e+00  0.000000e+00
-0.792644  9.423211e+00  0.000000e+00  0.000000e+00  0.000000e+00  0.000000e+00  0.000000e+00
-0.790042  9.478696e+00  0.000000e+00  0.000000e+00  0.000000e+00  0.000000e+00  0.000000e+00
-0.787440  9.534093e+00  0.000000e+00  0.000000e+00  0.000000e+00  0.000000e+00  0.000000e+00
-0.784838  9.589394e+00  0.000000e+00  0.000000e+00  0.000000e+00  0.000000e+00  0.000000e+00
-0.782236  9.644591e+00  0.000000e+00  0.000000e+00  0.000000e+00  0.000000e+00  0.000000e+00
-0.779634  9.699676e+00  0.000000e+00  0.000000e+00  0.000000e+00  0.000000e+00  0.000000e+00
-0.777032  9.754640e+00  0.000000e+00  0.000000e+00  0.000000e+00  0.000000e+00  0.000000e+00
-0.774430  9.809476e+00  0.000000e+00  0.000000e+00  0.000000e+00  0.000000e+00  0.000000e+00
-0.771828  9.864174e+00  0.000000e+00  0.000000e+00  0.000000e+00  0.000000e+00  0.000000e+00
-0.769226  9.918726e+00  0.000000e+00  0.000000e+00  0.000000e+00  0.000000e+00  0.000000e+00
-0.766624  9.973123e+00  0.000000e+00  0.000000e+00  0.000000e+00  0.000000e+00  0.000000e+00
-0.764022  1.002736e+01  0.000000e+00  0.000000e+00  0.000000e+00  0.000000e+00  0.000000e+00
-0.761419  1.008142e+01  0.000000e+00  0.000000e+00  0.000000e+00  0.000000e+00  0.000000e+00
-0.758817  1.013529e+01  0.000000e+00  0.000000e+00  0.000000e+00  0.000000e+00  0.000000e+00
-0.756215  1.018898e+01  0.000000e+00  0.000000e+00  0.000000e+00  0.000000e+00  0.000000e+00
-0.753613  1.024246e+01  0.000000e+00  0.000000e+00  0.000000e+00  0.000000e+00  0.000000e+00
-0.751011  1.029573e+01  0.000000e+00  0.000000e+00  0.000000e+00  0.000000e+00  0.000000e+00
-0.748409  1.034878e+01  0.000000e+00  0.000000e+00  0.000000e+00  0.000000e+00  0.000000e+00
-0.745807  1.040160e+01  0.000000e+00  0.000000e+00  0.000000e+00  0.000000e+00  0.000000e+00
-0.743205  1.045418e+01  0.000000e+00  0.000000e+00  0.000000e+00  0.000000e+00  0.000000e+00
-0.740603  1.050650e+01  0.000000e+00  0.000000e+00  0.000000e+00  0.000000e+00  0.000000e+00
-0.738001  1.055856e+01  0.000000e+00  0.000000e+00  0.000000e+00  0.000000e+00  0.000000e+00
-0.735399  1.061034e+01  0.000000e+00  0.000000e+00  0.000000e+00  0.000000e+00  0.000000e+00
-0.732797  1.066184e+01  0.000000e+00  0.000000e+00  0.000000e+00  0.000000e+00  0.000000e+00
-0.730195  1.071305e+01  0.000000e+00  0.000000e+00  0.000000e+00  0.000000e+00  0.000000e+00
-0.727593  1.076395e+01  0.000000e+00  0.000000e+00  0.000000e+00  0.000000e+00  0.000000e+00
-0.724991  1.081452e+01  0.000000e+00  0.000000e+00  0.000000e+00  0.000000e+00  0.000000e+00
-0.722389  1.086477e+01  0.000000e+00  0.000000e+00  0.000000e+00  0.000000e+00  0.000000e+00
-0.719786  1.091467e+01  0.000000e+00  0.000000e+00  0.000000e+00  0.000000e+00  0.000000e+00
-0.717184  1.096422e+01  0.000000e+00  0.000000e+00  0.000000e+00  0.000000e+00  0.000000e+00
-0.714582  1.101340e+01  0.000000e+00  0.000000e+00  0.000000e+00  0.000000e+00  0.000000e+00
-0.711980  1.106220e+01  0.000000e+00  0.000000e+00  0.000000e+00  0.000000e+00  0.000000e+00
-0.709378  1.111061e+01  0.000000e+00  0.000000e+00  0.000000e+00  0.000000e+00  0.000000e+00
-0.706776  1.115861e+01  0.000000e+00  0.000000e+00  0.000000e+00  0.000000e+00  0.000000e+00
-0.704174  1.120619e+01  0.000000e+00  0.000000e+00  0.000000e+00  0.000000e+00  0.000000e+00
-0.701572  1.125335e+01  0.000000e+00  0.000000e+00  0.000000e+00  0.000000e+00  0.000000e+00
-0.698970  1.130005e+01  0.000000e+00  0.000000e+00  0.000000e+00  0.000000e+00  0.000000e+00
