# # nu-e elastic cross section (10^-38 cm^2/GeV) #   From Marciano et al doi.org/10.1088/0954-3899/29/11/013 #
# log(energy in GeV)  nu_e      nu_mu      nu_tau      nu_e_bar      nu_mu_bar    nu_tau_bar #

-3.301030  5.598528e-04  1.394786e-04  1.381976e-04  2.848198e-04  1.277858e-04  1.288021e-04
-3.298729  5.610337e-04  1.396002e-04  1.383181e-04  2.851551e-04  1.278707e-04  1.288877e-04
-3.296428  5.622133e-04  1.397213e-04  1.384380e-04  2.854897e-04  1.279551e-04  1.289728e-04
-3.294127  5.633915e-04  1.398417e-04  1.385574e-04  2.858236e-04  1.280389e-04  1.290573e-04
-3.291826  5.645684e-04  1.399615e-04  1.386761e-04  2.861570e-04  1.281221e-04  1.291411e-04
-3.289525  5.657438e-04  1.400807e-04  1.387942e-04  2.864897e-04  1.282048e-04  1.292244e-04
-3.287224  5.669178e-04  1.401993e-04  1.389117e-04  2.868217e-04  1.282868e-04  1.293072e-04
-3.284923  5.680904e-04  1.403173e-04  1.390286e-04  2.871531e-04  1.283683e-04  1.293893e-04
-3.282622  5.692615e-04  1.404347e-04  1.391450e-04  2.874839e-04  1.284493e-04  1.294709e-04
-3.280321  5.704312e-04  1.405515e-04  1.392607e-04  2.878140e-04  1.285296e-04  1.295519e-04
-3.278020  5.715994e-04  1.406677e-04  1.393758e-04  2.881435e-04  1.286095e-04  1.296324e-04
-3.275719  5.727661e-04  1.407833e-04  1.394904e-04  2.884723e-04  1.286887e-04  1.297122e-04
-3.273418  5.739314e-04  1.408984e-04  1.396043e-04  2.888005e-04  1.287674e-04  1.297916e-04
-3.271117  5.750951e-04  1.410128e-04  1.397177e-04  2.891280e-04  1.288455e-04  1.298703e-04
-3.268816  5.762572e-04  1.411266e-04  1.398305e-04  2.894549e-04  1.289231e-04  1.299485e-04
-3.266515  5.774179e-04  1.412398e-04  1.399427e-04  2.897812e-04  1.290001e-04  1.300261e-04
-3.264214  5.785770e-04  1.413525e-04  1.400543e-04  2.901068e-04  1.290766e-04  1.301032e-04
-3.261912  5.797345e-04  1.414645e-04  1.401653e-04  2.904318e-04  1.291525e-04  1.301797e-04
-3.259611  5.808904e-04  1.415760e-04  1.402757e-04  2.907561e-04  1.292279e-04  1.302557e-04
-3.257310  5.820448e-04  1.416869e-04  1.403856e-04  2.910798e-04  1.293027e-04  1.303311e-04
-3.255009  5.831975e-04  1.417972e-04  1.404949e-04  2.914029e-04  1.293770e-04  1.304060e-04
-3.252708  5.843486e-04  1.419069e-04  1.406036e-04  2.917253e-04  1.294507e-04  1.304803e-04
-3.250407  5.854981e-04  1.420160e-04  1.407117e-04  2.920471e-04  1.295239e-04  1.305541e-04
-3.248106  5.866459e-04  1.421246e-04  1.408193e-04  2.923682e-04  1.295966e-04  1.306274e-04
-3.245805  5.877921e-04  1.422326e-04  1.409263e-04  2.926887e-04  1.296687e-04  1.307001e-04
-3.243504  5.889366e-04  1.423400e-04  1.410327e-04  2.930085e-04  1.297403e-04  1.307722e-04
-3.241203  5.900794e-04  1.424468e-04  1.411385e-04  2.933277e-04  1.298114e-04  1.308439e-04
-3.238902  5.912205e-04  1.425530e-04  1.412438e-04  2.936463e-04  1.298820e-04  1.309150e-04
-3.236601  5.923599e-04  1.426587e-04  1.413485e-04  2.939642e-04  1.299520e-04  1.309856e-04
-3.234300  5.934976e-04  1.427638e-04  1.414527e-04  2.942815e-04  1.300215e-04  1.310556e-04
-3.231999  5.946335e-04  1.428684e-04  1.415563e-04  2.945981e-04  1.300904e-04  1.311251e-04
-3.229698  5.957677e-04  1.429724e-04  1.416593e-04  2.949141e-04  1.301589e-04  1.311941e-04
-3.227397  5.969001e-04  1.430758e-04  1.417617e-04  2.952295e-04  1.302268e-04  1.312626e-04
-3.225096  5.980307e-04  1.431786e-04  1.418636e-04  2.955442e-04  1.302942e-04  1.313305e-04
-3.222795  5.991596e-04  1.432809e-04  1.419650e-04  2.958582e-04  1.303611e-04  1.313980e-04
-3.220494  6.002867e-04  1.433826e-04  1.420658e-04  2.961717e-04  1.304275e-04  1.314649e-04
-3.218193  6.014119e-04  1.434838e-04  1.421660e-04  2.964844e-04  1.304934e-04  1.315313e-04
-3.215892  6.025354e-04  1.435844e-04  1.422657e-04  2.967966e-04  1.305588e-04  1.315972e-04
-3.213591  6.036570e-04  1.436845e-04  1.423648e-04  2.971081e-04  1.306236e-04  1.316626e-04
-3.211290  6.047767e-04  1.437840e-04  1.424634e-04  2.974189e-04  1.306880e-04  1.317274e-04
-3.208989  6.058946e-04  1.438829e-04  1.425615e-04  2.977292e-04  1.307519e-04  1.317918e-04
-3.206688  6.070107e-04  1.439813e-04  1.426589e-04  2.980387e-04  1.308152e-04  1.318557e-04
-3.204387  6.081248e-04  1.440791e-04  1.427559e-04  2.983477e-04  1.308781e-04  1.319191e-04
-3.202086  6.092371e-04  1.441765e-04  1.428523e-04  2.986559e-04  1.309405e-04  1.319819e-04
-3.199785  6.103474e-04  1.442732e-04  1.429482e-04  2.989636e-04  1.310024e-04  1.320443e-04
-3.197484  6.114559e-04  1.443694e-04  1.430435e-04  2.992706e-04  1.310638e-04  1.321062e-04
-3.195183  6.125624e-04  1.444651e-04  1.431383e-04  2.995770e-04  1.311247e-04  1.321676e-04
-3.192882  6.136670e-04  1.445602e-04  1.432326e-04  2.998827e-04  1.311851e-04  1.322285e-04
-3.190581  6.147697e-04  1.446548e-04  1.433263e-04  3.001877e-04  1.312451e-04  1.322889e-04
-3.188280  6.158704e-04  1.447489e-04  1.434195e-04  3.004922e-04  1.313045e-04  1.323489e-04
-3.185978  6.169691e-04  1.448424e-04  1.435122e-04  3.007960e-04  1.313635e-04  1.324083e-04
-3.183677  6.180658e-04  1.449354e-04  1.436043e-04  3.010991e-04  1.314220e-04  1.324673e-04
-3.181376  6.191606e-04  1.450279e-04  1.436959e-04  3.014016e-04  1.314801e-04  1.325258e-04
-3.179075  6.202533e-04  1.451198e-04  1.437870e-04  3.017035e-04  1.315377e-04  1.325839e-04
-3.176774  6.213441e-04  1.452112e-04  1.438776e-04  3.020047e-04  1.315948e-04  1.326414e-04
-3.174473  6.224328e-04  1.453021e-04  1.439677e-04  3.023053e-04  1.316514e-04  1.326985e-04
-3.172172  6.235195e-04  1.453925e-04  1.440572e-04  3.026052e-04  1.317076e-04  1.327551e-04
-3.169871  6.246042e-04  1.454823e-04  1.441462e-04  3.029045e-04  1.317633e-04  1.328113e-04
-3.167570  6.256868e-04  1.455717e-04  1.442347e-04  3.032031e-04  1.318186e-04  1.328670e-04
-3.165269  6.267674e-04  1.456605e-04  1.443227e-04  3.035011e-04  1.318734e-04  1.329222e-04
-3.162968  6.278459e-04  1.457488e-04  1.444102e-04  3.037985e-04  1.319277e-04  1.329770e-04
-3.160667  6.289223e-04  1.458366e-04  1.444972e-04  3.040952e-04  1.319816e-04  1.330313e-04
-3.158366  6.299966e-04  1.459238e-04  1.445836e-04  3.043913e-04  1.320350e-04  1.330852e-04
-3.156065  6.310689e-04  1.460106e-04  1.446696e-04  3.046867e-04  1.320880e-04  1.331386e-04
-3.153764  6.321390e-04  1.460968e-04  1.447551e-04  3.049815e-04  1.321406e-04  1.331916e-04
-3.151463  6.332070e-04  1.461826e-04  1.448400e-04  3.052756e-04  1.321927e-04  1.332441e-04
-3.149162  6.342729e-04  1.462678e-04  1.449245e-04  3.055691e-04  1.322444e-04  1.332962e-04
-3.146861  6.353367e-04  1.463526e-04  1.450084e-04  3.058620e-04  1.322956e-04  1.333478e-04
-3.144560  6.363983e-04  1.464368e-04  1.450919e-04  3.061542e-04  1.323464e-04  1.333990e-04
-3.142259  6.374577e-04  1.465206e-04  1.451749e-04  3.064457e-04  1.323968e-04  1.334498e-04
-3.139958  6.385151e-04  1.466038e-04  1.452574e-04  3.067366e-04  1.324467e-04  1.335001e-04
-3.137657  6.395702e-04  1.466866e-04  1.453394e-04  3.070269e-04  1.324962e-04  1.335500e-04
-3.135356  6.406232e-04  1.467688e-04  1.454209e-04  3.073165e-04  1.325453e-04  1.335995e-04
-3.133055  6.416739e-04  1.468506e-04  1.455019e-04  3.076055e-04  1.325939e-04  1.336485e-04
-3.130754  6.427225e-04  1.469319e-04  1.455824e-04  3.078938e-04  1.326422e-04  1.336972e-04
-3.128453  6.437689e-04  1.470127e-04  1.456625e-04  3.081815e-04  1.326900e-04  1.337453e-04
-3.126152  6.448131e-04  1.470930e-04  1.457421e-04  3.084686e-04  1.327374e-04  1.337931e-04
-3.123851  6.458551e-04  1.471728e-04  1.458212e-04  3.087550e-04  1.327844e-04  1.338405e-04
-3.121550  6.468948e-04  1.472522e-04  1.458998e-04  3.090407e-04  1.328309e-04  1.338874e-04
-3.119249  6.479323e-04  1.473311e-04  1.459780e-04  3.093258e-04  1.328771e-04  1.339339e-04
-3.116948  6.489676e-04  1.474095e-04  1.460556e-04  3.096103e-04  1.329228e-04  1.339801e-04
-3.114647  6.500006e-04  1.474874e-04  1.461328e-04  3.098941e-04  1.329682e-04  1.340258e-04
-3.112346  6.510314e-04  1.475648e-04  1.462096e-04  3.101772e-04  1.330131e-04  1.340711e-04
-3.110045  6.520599e-04  1.476418e-04  1.462859e-04  3.104597e-04  1.330577e-04  1.341160e-04
-3.107743  6.530861e-04  1.477183e-04  1.463617e-04  3.107416e-04  1.331018e-04  1.341605e-04
-3.105442  6.541100e-04  1.477944e-04  1.464370e-04  3.110228e-04  1.331456e-04  1.342046e-04
-3.103141  6.551317e-04  1.478700e-04  1.465119e-04  3.113034e-04  1.331889e-04  1.342483e-04
-3.100840  6.561511e-04  1.479451e-04  1.465864e-04  3.115833e-04  1.332319e-04  1.342916e-04
-3.098539  6.571682e-04  1.480198e-04  1.466603e-04  3.118626e-04  1.332745e-04  1.343345e-04
-3.096238  6.581829e-04  1.480940e-04  1.467339e-04  3.121412e-04  1.333167e-04  1.343770e-04
-3.093937  6.591954e-04  1.481677e-04  1.468069e-04  3.124192e-04  1.333585e-04  1.344192e-04
-3.091636  6.602055e-04  1.482410e-04  1.468796e-04  3.126966e-04  1.333999e-04  1.344609e-04
-3.089335  6.612134e-04  1.483139e-04  1.469517e-04  3.129733e-04  1.334409e-04  1.345023e-04
-3.087034  6.622188e-04  1.483863e-04  1.470235e-04  3.132493e-04  1.334816e-04  1.345433e-04
-3.084733  6.632220e-04  1.484582e-04  1.470947e-04  3.135247e-04  1.335219e-04  1.345839e-04
-3.082432  6.642228e-04  1.485297e-04  1.471656e-04  3.137994e-04  1.335618e-04  1.346241e-04
-3.080131  6.652212e-04  1.486008e-04  1.472360e-04  3.140735e-04  1.336014e-04  1.346640e-04
-3.077830  6.662173e-04  1.486714e-04  1.473060e-04  3.143470e-04  1.336405e-04  1.347035e-04
-3.075529  6.672111e-04  1.487416e-04  1.473755e-04  3.146198e-04  1.336794e-04  1.347426e-04
-3.073228  6.682024e-04  1.488113e-04  1.474446e-04  3.148919e-04  1.337178e-04  1.347813e-04
-3.070927  6.691914e-04  1.488806e-04  1.475133e-04  3.151634e-04  1.337559e-04  1.348197e-04
-3.068626  6.701780e-04  1.489495e-04  1.475815e-04  3.154343e-04  1.337936e-04  1.348578e-04
-3.066325  6.711623e-04  1.490179e-04  1.476493e-04  3.157044e-04  1.338310e-04  1.348954e-04
-3.064024  6.721441e-04  1.490859e-04  1.477167e-04  3.159740e-04  1.338680e-04  1.349327e-04
-3.061723  6.731235e-04  1.491535e-04  1.477836e-04  3.162429e-04  1.339047e-04  1.349697e-04
-3.059422  6.741006e-04  1.492206e-04  1.478502e-04  3.165111e-04  1.339410e-04  1.350063e-04
-3.057121  6.750752e-04  1.492874e-04  1.479163e-04  3.167787e-04  1.339770e-04  1.350426e-04
-3.054820  6.760474e-04  1.493537e-04  1.479820e-04  3.170457e-04  1.340126e-04  1.350785e-04
-3.052519  6.770172e-04  1.494196e-04  1.480473e-04  3.173120e-04  1.340479e-04  1.351140e-04
-3.050218  6.779846e-04  1.494850e-04  1.481121e-04  3.175776e-04  1.340828e-04  1.351492e-04
-3.047917  6.789496e-04  1.495501e-04  1.481766e-04  3.178426e-04  1.341174e-04  1.351841e-04
-3.045616  6.799121e-04  1.496147e-04  1.482407e-04  3.181070e-04  1.341517e-04  1.352186e-04
-3.043315  6.808722e-04  1.496790e-04  1.483043e-04  3.183707e-04  1.341856e-04  1.352528e-04
-3.041014  6.818298e-04  1.497428e-04  1.483675e-04  3.186337e-04  1.342192e-04  1.352867e-04
-3.038713  6.827850e-04  1.498062e-04  1.484304e-04  3.188961e-04  1.342524e-04  1.353202e-04
-3.036412  6.837378e-04  1.498692e-04  1.484928e-04  3.191579e-04  1.342854e-04  1.353534e-04
-3.034111  6.846881e-04  1.499318e-04  1.485548e-04  3.194189e-04  1.343180e-04  1.353863e-04
-3.031809  6.856359e-04  1.499940e-04  1.486165e-04  3.196794e-04  1.343503e-04  1.354188e-04
-3.029508  6.865813e-04  1.500558e-04  1.486777e-04  3.199392e-04  1.343822e-04  1.354511e-04
-3.027207  6.875242e-04  1.501172e-04  1.487385e-04  3.201983e-04  1.344139e-04  1.354830e-04
-3.024906  6.884647e-04  1.501782e-04  1.487990e-04  3.204568e-04  1.344452e-04  1.355145e-04
-3.022605  6.894027e-04  1.502389e-04  1.488590e-04  3.207146e-04  1.344762e-04  1.355458e-04
-3.020304  6.903381e-04  1.502991e-04  1.489187e-04  3.209718e-04  1.345069e-04  1.355767e-04
-3.018003  6.912712e-04  1.503589e-04  1.489780e-04  3.212283e-04  1.345373e-04  1.356074e-04
-3.015702  6.922017e-04  1.504184e-04  1.490369e-04  3.214842e-04  1.345674e-04  1.356377e-04
-3.013401  6.931297e-04  1.504774e-04  1.490954e-04  3.217394e-04  1.345972e-04  1.356677e-04
-3.011100  6.940553e-04  1.505361e-04  1.491536e-04  3.219940e-04  1.346267e-04  1.356974e-04
-3.008799  6.949783e-04  1.505944e-04  1.492113e-04  3.222479e-04  1.346558e-04  1.357268e-04
-3.006498  6.958989e-04  1.506523e-04  1.492687e-04  3.225012e-04  1.346847e-04  1.357559e-04
-3.004197  6.968170e-04  1.507099e-04  1.493257e-04  3.227538e-04  1.347133e-04  1.357847e-04
-3.001896  6.977325e-04  1.507670e-04  1.493824e-04  3.230058e-04  1.347416e-04  1.358132e-04
-2.999595  6.986456e-04  1.508238e-04  1.494386e-04  3.232571e-04  1.347695e-04  1.358414e-04
-2.997294  6.995561e-04  1.508802e-04  1.494945e-04  3.235077e-04  1.347972e-04  1.358693e-04
-2.994993  7.004641e-04  1.509363e-04  1.495501e-04  3.237577e-04  1.348246e-04  1.358970e-04
-2.992692  7.013696e-04  1.509920e-04  1.496052e-04  3.240071e-04  1.348517e-04  1.359243e-04
-2.990391  7.022726e-04  1.510473e-04  1.496600e-04  3.242558e-04  1.348786e-04  1.359513e-04
-2.988090  7.031731e-04  1.511022e-04  1.497145e-04  3.245038e-04  1.349051e-04  1.359781e-04
-2.985789  7.040711e-04  1.511568e-04  1.497686e-04  3.247512e-04  1.349314e-04  1.360046e-04
-2.983488  7.049665e-04  1.512111e-04  1.498223e-04  3.249980e-04  1.349574e-04  1.360308e-04
-2.981187  7.058594e-04  1.512649e-04  1.498757e-04  3.252441e-04  1.349831e-04  1.360567e-04
-2.978886  7.067498e-04  1.513184e-04  1.499287e-04  3.254895e-04  1.350085e-04  1.360823e-04
-2.976585  7.076376e-04  1.513716e-04  1.499814e-04  3.257343e-04  1.350337e-04  1.361077e-04
-2.974284  7.085229e-04  1.514244e-04  1.500337e-04  3.259784e-04  1.350586e-04  1.361328e-04
-2.971983  7.094057e-04  1.514769e-04  1.500857e-04  3.262219e-04  1.350832e-04  1.361576e-04
-2.969682  7.102859e-04  1.515290e-04  1.501373e-04  3.264647e-04  1.351075e-04  1.361821e-04
-2.967381  7.111636e-04  1.515807e-04  1.501886e-04  3.267069e-04  1.351316e-04  1.362064e-04
-2.965080  7.120388e-04  1.516321e-04  1.502395e-04  3.269484e-04  1.351554e-04  1.362304e-04
-2.962779  7.129114e-04  1.516832e-04  1.502901e-04  3.271893e-04  1.351790e-04  1.362542e-04
-2.960478  7.137815e-04  1.517339e-04  1.503404e-04  3.274295e-04  1.352023e-04  1.362776e-04
-2.958177  7.146490e-04  1.517843e-04  1.503903e-04  3.276690e-04  1.352253e-04  1.363009e-04
-2.955875  7.155140e-04  1.518344e-04  1.504399e-04  3.279080e-04  1.352481e-04  1.363238e-04
-2.953574  7.163764e-04  1.518841e-04  1.504892e-04  3.281462e-04  1.352707e-04  1.363466e-04
-2.951273  7.172363e-04  1.519335e-04  1.505381e-04  3.283838e-04  1.352930e-04  1.363690e-04
-2.948972  7.180937e-04  1.519826e-04  1.505867e-04  3.286208e-04  1.353150e-04  1.363912e-04
-2.946671  7.189484e-04  1.520313e-04  1.506350e-04  3.288571e-04  1.353368e-04  1.364132e-04
-2.944370  7.198007e-04  1.520797e-04  1.506830e-04  3.290927e-04  1.353583e-04  1.364349e-04
-2.942069  7.206504e-04  1.521278e-04  1.507306e-04  3.293277e-04  1.353796e-04  1.364564e-04
-2.939768  7.214975e-04  1.521755e-04  1.507779e-04  3.295620e-04  1.354007e-04  1.364776e-04
-2.937467  7.223421e-04  1.522229e-04  1.508249e-04  3.297957e-04  1.354215e-04  1.364986e-04
-2.935166  7.231841e-04  1.522700e-04  1.508716e-04  3.300288e-04  1.354421e-04  1.365193e-04
-2.932865  7.240236e-04  1.523168e-04  1.509179e-04  3.302611e-04  1.354624e-04  1.365398e-04
-2.930564  7.248605e-04  1.523633e-04  1.509639e-04  3.304929e-04  1.354825e-04  1.365601e-04
-2.928263  7.256949e-04  1.524094e-04  1.510097e-04  3.307240e-04  1.355024e-04  1.365801e-04
-2.925962  7.265267e-04  1.524553e-04  1.510551e-04  3.309544e-04  1.355220e-04  1.365999e-04
-2.923661  7.273559e-04  1.525008e-04  1.511002e-04  3.311842e-04  1.355415e-04  1.366195e-04
-2.921360  7.281826e-04  1.525460e-04  1.511450e-04  3.314133e-04  1.355606e-04  1.366388e-04
-2.919059  7.290068e-04  1.525909e-04  1.511895e-04  3.316418e-04  1.355796e-04  1.366579e-04
-2.916758  7.298283e-04  1.526355e-04  1.512337e-04  3.318696e-04  1.355983e-04  1.366768e-04
-2.914457  7.306474e-04  1.526798e-04  1.512776e-04  3.320968e-04  1.356169e-04  1.366955e-04
-2.912156  7.314638e-04  1.527238e-04  1.513212e-04  3.323233e-04  1.356352e-04  1.367139e-04
-2.909855  7.322778e-04  1.527675e-04  1.513645e-04  3.325492e-04  1.356532e-04  1.367322e-04
-2.907554  7.330891e-04  1.528109e-04  1.514075e-04  3.327744e-04  1.356711e-04  1.367502e-04
-2.905253  7.338979e-04  1.528540e-04  1.514502e-04  3.329990e-04  1.356887e-04  1.367680e-04
-2.902952  7.347042e-04  1.528968e-04  1.514926e-04  3.332229e-04  1.357062e-04  1.367855e-04
-2.900651  7.355079e-04  1.529393e-04  1.515347e-04  3.334462e-04  1.357234e-04  1.368029e-04
-2.898350  7.363090e-04  1.529815e-04  1.515765e-04  3.336688e-04  1.357404e-04  1.368200e-04
-2.896049  7.371076e-04  1.530235e-04  1.516181e-04  3.338908e-04  1.357572e-04  1.368370e-04
-2.893748  7.379036e-04  1.530651e-04  1.516593e-04  3.341121e-04  1.357738e-04  1.368537e-04
-2.891447  7.386971e-04  1.531065e-04  1.517003e-04  3.343328e-04  1.357902e-04  1.368702e-04
-2.889146  7.394881e-04  1.531475e-04  1.517410e-04  3.345528e-04  1.358064e-04  1.368865e-04
-2.886845  7.402764e-04  1.531883e-04  1.517814e-04  3.347722e-04  1.358224e-04  1.369027e-04
-2.884544  7.410623e-04  1.532288e-04  1.518215e-04  3.349909e-04  1.358382e-04  1.369186e-04
-2.882243  7.418456e-04  1.532690e-04  1.518614e-04  3.352090e-04  1.358538e-04  1.369343e-04
-2.879942  7.426263e-04  1.533090e-04  1.519010e-04  3.354264e-04  1.358692e-04  1.369498e-04
-2.877640  7.434045e-04  1.533486e-04  1.519403e-04  3.356432e-04  1.358844e-04  1.369651e-04
-2.875339  7.441802e-04  1.533880e-04  1.519793e-04  3.358594e-04  1.358994e-04  1.369803e-04
-2.873038  7.449533e-04  1.534272e-04  1.520181e-04  3.360749e-04  1.359142e-04  1.369952e-04
-2.870737  7.457238e-04  1.534660e-04  1.520565e-04  3.362897e-04  1.359288e-04  1.370099e-04
-2.868436  7.464919e-04  1.535046e-04  1.520948e-04  3.365039e-04  1.359433e-04  1.370245e-04
-2.866135  7.472574e-04  1.535429e-04  1.521327e-04  3.367175e-04  1.359575e-04  1.370389e-04
-2.863834  7.480203e-04  1.535809e-04  1.521704e-04  3.369304e-04  1.359716e-04  1.370530e-04
-2.861533  7.487807e-04  1.536187e-04  1.522078e-04  3.371427e-04  1.359855e-04  1.370670e-04
-2.859232  7.495386e-04  1.536562e-04  1.522450e-04  3.373543e-04  1.359992e-04  1.370809e-04
-2.856931  7.502940e-04  1.536935e-04  1.522819e-04  3.375653e-04  1.360127e-04  1.370945e-04
-2.854630  7.510468e-04  1.537304e-04  1.523186e-04  3.377756e-04  1.360261e-04  1.371079e-04
-2.852329  7.517971e-04  1.537672e-04  1.523550e-04  3.379853e-04  1.360392e-04  1.371212e-04
-2.850028  7.525448e-04  1.538036e-04  1.523911e-04  3.381944e-04  1.360522e-04  1.371343e-04
-2.847727  7.532901e-04  1.538399e-04  1.524270e-04  3.384028e-04  1.360650e-04  1.371472e-04
-2.845426  7.540328e-04  1.538758e-04  1.524626e-04  3.386105e-04  1.360777e-04  1.371600e-04
-2.843125  7.547730e-04  1.539115e-04  1.524980e-04  3.388177e-04  1.360902e-04  1.371726e-04
-2.840824  7.555107e-04  1.539470e-04  1.525331e-04  3.390241e-04  1.361025e-04  1.371850e-04
-2.838523  7.562459e-04  1.539822e-04  1.525680e-04  3.392300e-04  1.361146e-04  1.371972e-04
-2.836222  7.569785e-04  1.540172e-04  1.526027e-04  3.394352e-04  1.361266e-04  1.372093e-04
-2.833921  7.577086e-04  1.540519e-04  1.526371e-04  3.396397e-04  1.361384e-04  1.372212e-04
-2.831620  7.584363e-04  1.540864e-04  1.526712e-04  3.398437e-04  1.361500e-04  1.372329e-04
-2.829319  7.591614e-04  1.541206e-04  1.527051e-04  3.400469e-04  1.361615e-04  1.372445e-04
-2.827018  7.598840e-04  1.541546e-04  1.527388e-04  3.402496e-04  1.361728e-04  1.372559e-04
-2.824717  7.606041e-04  1.541883e-04  1.527722e-04  3.404516e-04  1.361840e-04  1.372671e-04
-2.822416  7.613217e-04  1.542218e-04  1.528054e-04  3.406530e-04  1.361950e-04  1.372782e-04
-2.820115  7.620369e-04  1.542551e-04  1.528384e-04  3.408537e-04  1.362059e-04  1.372892e-04
-2.817814  7.627495e-04  1.542881e-04  1.528711e-04  3.410538e-04  1.362165e-04  1.372999e-04
-2.815513  7.634596e-04  1.543209e-04  1.529036e-04  3.412532e-04  1.362271e-04  1.373106e-04
-2.813212  7.641673e-04  1.543535e-04  1.529359e-04  3.414521e-04  1.362375e-04  1.373210e-04
-2.810911  7.648724e-04  1.543859e-04  1.529679e-04  3.416502e-04  1.362477e-04  1.373314e-04
-2.808610  7.655751e-04  1.544180e-04  1.529998e-04  3.418478e-04  1.362578e-04  1.373415e-04
-2.806309  7.662753e-04  1.544498e-04  1.530314e-04  3.420447e-04  1.362677e-04  1.373515e-04
-2.804008  7.669731e-04  1.544815e-04  1.530627e-04  3.422410e-04  1.362775e-04  1.373614e-04
-2.801706  7.676683e-04  1.545129e-04  1.530939e-04  3.424366e-04  1.362872e-04  1.373711e-04
-2.799405  7.683611e-04  1.545441e-04  1.531248e-04  3.426317e-04  1.362967e-04  1.373807e-04
-2.797104  7.690514e-04  1.545751e-04  1.531555e-04  3.428260e-04  1.363060e-04  1.373902e-04
-2.794803  7.697393e-04  1.546059e-04  1.531860e-04  3.430198e-04  1.363153e-04  1.373995e-04
-2.792502  7.704246e-04  1.546364e-04  1.532162e-04  3.432129e-04  1.363243e-04  1.374086e-04
-2.790201  7.711076e-04  1.546667e-04  1.532463e-04  3.434054e-04  1.363333e-04  1.374176e-04
-2.787900  7.717881e-04  1.546969e-04  1.532761e-04  3.435973e-04  1.363421e-04  1.374265e-04
-2.785599  7.724661e-04  1.547267e-04  1.533057e-04  3.437885e-04  1.363508e-04  1.374352e-04
-2.783298  7.731417e-04  1.547564e-04  1.533351e-04  3.439791e-04  1.363593e-04  1.374438e-04
-2.780997  7.738148e-04  1.547859e-04  1.533643e-04  3.441691e-04  1.363677e-04  1.374523e-04
-2.778696  7.744855e-04  1.548151e-04  1.533933e-04  3.443584e-04  1.363760e-04  1.374606e-04
-2.776395  7.751538e-04  1.548442e-04  1.534221e-04  3.445472e-04  1.363841e-04  1.374688e-04
-2.774094  7.758196e-04  1.548730e-04  1.534507e-04  3.447353e-04  1.363921e-04  1.374769e-04
-2.771793  7.764830e-04  1.549017e-04  1.534790e-04  3.449227e-04  1.364000e-04  1.374848e-04
-2.769492  7.771439e-04  1.549301e-04  1.535072e-04  3.451096e-04  1.364077e-04  1.374927e-04
-2.767191  7.778025e-04  1.549583e-04  1.535351e-04  3.452958e-04  1.364154e-04  1.375003e-04
-2.764890  7.784586e-04  1.549863e-04  1.535629e-04  3.454814e-04  1.364229e-04  1.375079e-04
-2.762589  7.791123e-04  1.550141e-04  1.535905e-04  3.456664e-04  1.364302e-04  1.375153e-04
-2.760288  7.797636e-04  1.550418e-04  1.536178e-04  3.458507e-04  1.364375e-04  1.375226e-04
-2.757987  7.804125e-04  1.550692e-04  1.536450e-04  3.460345e-04  1.364446e-04  1.375298e-04
-2.755686  7.810590e-04  1.550964e-04  1.536720e-04  3.462176e-04  1.364516e-04  1.375369e-04
-2.753385  7.817031e-04  1.551234e-04  1.536987e-04  3.464001e-04  1.364585e-04  1.375438e-04
-2.751084  7.823448e-04  1.551502e-04  1.537253e-04  3.465820e-04  1.364653e-04  1.375507e-04
-2.748783  7.829841e-04  1.551769e-04  1.537517e-04  3.467632e-04  1.364719e-04  1.375574e-04
-2.746482  7.836211e-04  1.552033e-04  1.537779e-04  3.469439e-04  1.364785e-04  1.375640e-04
-2.744181  7.842556e-04  1.552296e-04  1.538039e-04  3.471239e-04  1.364849e-04  1.375705e-04
-2.741880  7.848878e-04  1.552556e-04  1.538297e-04  3.473033e-04  1.364912e-04  1.375768e-04
-2.739579  7.855176e-04  1.552815e-04  1.538554e-04  3.474821e-04  1.364974e-04  1.375831e-04
-2.737278  7.861450e-04  1.553072e-04  1.538808e-04  3.476603e-04  1.365035e-04  1.375892e-04
-2.734977  7.867700e-04  1.553327e-04  1.539061e-04  3.478379e-04  1.365095e-04  1.375952e-04
-2.732676  7.873927e-04  1.553580e-04  1.539312e-04  3.480148e-04  1.365154e-04  1.376012e-04
-2.730375  7.880131e-04  1.553831e-04  1.539561e-04  3.481912e-04  1.365211e-04  1.376070e-04
-2.728074  7.886310e-04  1.554081e-04  1.539808e-04  3.483669e-04  1.365268e-04  1.376127e-04
-2.725772  7.892467e-04  1.554328e-04  1.540053e-04  3.485420e-04  1.365324e-04  1.376183e-04
-2.723471  7.898600e-04  1.554574e-04  1.540297e-04  3.487165e-04  1.365378e-04  1.376238e-04
-2.721170  7.904709e-04  1.554818e-04  1.540539e-04  3.488904e-04  1.365432e-04  1.376292e-04
-2.718869  7.910795e-04  1.555061e-04  1.540779e-04  3.490637e-04  1.365484e-04  1.376344e-04
-2.716568  7.916858e-04  1.555301e-04  1.541017e-04  3.492364e-04  1.365535e-04  1.376396e-04
-2.714267  7.922898e-04  1.555540e-04  1.541254e-04  3.494085e-04  1.365586e-04  1.376447e-04
-2.711966  7.928914e-04  1.555777e-04  1.541488e-04  3.495800e-04  1.365635e-04  1.376497e-04
-2.709665  7.934907e-04  1.556012e-04  1.541722e-04  3.497509e-04  1.365684e-04  1.376546e-04
-2.707364  7.940877e-04  1.556246e-04  1.541953e-04  3.499211e-04  1.365731e-04  1.376593e-04
-2.705063  7.946824e-04  1.556478e-04  1.542183e-04  3.500908e-04  1.365777e-04  1.376640e-04
-2.702762  7.952748e-04  1.556708e-04  1.542411e-04  3.502599e-04  1.365823e-04  1.376686e-04
-2.700461  7.958649e-04  1.556936e-04  1.542637e-04  3.504283e-04  1.365868e-04  1.376731e-04
-2.698160  7.964528e-04  1.557163e-04  1.542862e-04  3.505962e-04  1.365911e-04  1.376775e-04
-2.695859  7.970383e-04  1.557388e-04  1.543085e-04  3.507635e-04  1.365954e-04  1.376818e-04
-2.693558  7.976215e-04  1.557612e-04  1.543307e-04  3.509301e-04  1.365996e-04  1.376860e-04
-2.691257  7.982025e-04  1.557834e-04  1.543526e-04  3.510962e-04  1.366037e-04  1.376902e-04
-2.688956  7.987812e-04  1.558054e-04  1.543745e-04  3.512617e-04  1.366077e-04  1.376942e-04
-2.686655  7.993576e-04  1.558273e-04  1.543961e-04  3.514266e-04  1.366116e-04  1.376981e-04
-2.684354  7.999317e-04  1.558490e-04  1.544176e-04  3.515909e-04  1.366154e-04  1.377020e-04
-2.682053  8.005036e-04  1.558705e-04  1.544390e-04  3.517546e-04  1.366191e-04  1.377057e-04
-2.679752  8.010733e-04  1.558919e-04  1.544602e-04  3.519177e-04  1.366228e-04  1.377094e-04
-2.677451  8.016407e-04  1.559131e-04  1.544812e-04  3.520802e-04  1.366264e-04  1.377130e-04
-2.675150  8.022058e-04  1.559342e-04  1.545021e-04  3.522421e-04  1.366298e-04  1.377165e-04
-2.672849  8.027687e-04  1.559551e-04  1.545228e-04  3.524035e-04  1.366332e-04  1.377200e-04
-2.670548  8.033294e-04  1.559759e-04  1.545434e-04  3.525642e-04  1.366366e-04  1.377233e-04
-2.668247  8.038878e-04  1.559965e-04  1.545638e-04  3.527244e-04  1.366398e-04  1.377266e-04
-2.665946  8.044441e-04  1.560170e-04  1.545841e-04  3.528839e-04  1.366430e-04  1.377297e-04
-2.663645  8.049981e-04  1.560373e-04  1.546042e-04  3.530429e-04  1.366460e-04  1.377328e-04
-2.661344  8.055499e-04  1.560575e-04  1.546242e-04  3.532013e-04  1.366490e-04  1.377359e-04
-2.659043  8.060995e-04  1.560775e-04  1.546440e-04  3.533591e-04  1.366519e-04  1.377388e-04
-2.656742  8.066468e-04  1.560973e-04  1.546637e-04  3.535164e-04  1.366548e-04  1.377417e-04
-2.654441  8.071920e-04  1.561170e-04  1.546832e-04  3.536730e-04  1.366575e-04  1.377445e-04
-2.652140  8.077350e-04  1.561366e-04  1.547026e-04  3.538291e-04  1.366602e-04  1.377472e-04
-2.649839  8.082758e-04  1.561560e-04  1.547219e-04  3.539846e-04  1.366629e-04  1.377498e-04
-2.647537  8.088145e-04  1.561753e-04  1.547410e-04  3.541395e-04  1.366654e-04  1.377524e-04
-2.645236  8.093509e-04  1.561945e-04  1.547600e-04  3.542939e-04  1.366679e-04  1.377549e-04
-2.642935  8.098852e-04  1.562135e-04  1.547788e-04  3.544477e-04  1.366703e-04  1.377573e-04
-2.640634  8.104173e-04  1.562323e-04  1.547975e-04  3.546008e-04  1.366726e-04  1.377596e-04
-2.638333  8.109473e-04  1.562510e-04  1.548160e-04  3.547535e-04  1.366748e-04  1.377619e-04
-2.636032  8.114751e-04  1.562696e-04  1.548344e-04  3.549055e-04  1.366770e-04  1.377641e-04
-2.633731  8.120007e-04  1.562881e-04  1.548527e-04  3.550570e-04  1.366791e-04  1.377662e-04
-2.631430  8.125242e-04  1.563064e-04  1.548708e-04  3.552079e-04  1.366812e-04  1.377683e-04
-2.629129  8.130456e-04  1.563245e-04  1.548888e-04  3.553582e-04  1.366832e-04  1.377703e-04
-2.626828  8.135648e-04  1.563426e-04  1.549067e-04  3.555080e-04  1.366851e-04  1.377722e-04
-2.624527  8.140819e-04  1.563605e-04  1.549244e-04  3.556572e-04  1.366869e-04  1.377741e-04
-2.622226  8.145969e-04  1.563782e-04  1.549420e-04  3.558058e-04  1.366887e-04  1.377759e-04
-2.619925  8.151098e-04  1.563959e-04  1.549595e-04  3.559539e-04  1.366904e-04  1.377776e-04
-2.617624  8.156205e-04  1.564134e-04  1.549769e-04  3.561014e-04  1.366921e-04  1.377792e-04
-2.615323  8.161292e-04  1.564308e-04  1.549941e-04  3.562484e-04  1.366937e-04  1.377808e-04
-2.613022  8.166358e-04  1.564480e-04  1.550112e-04  3.563948e-04  1.366952e-04  1.377824e-04
-2.610721  8.171402e-04  1.564651e-04  1.550281e-04  3.565406e-04  1.366966e-04  1.377839e-04
-2.608420  8.176426e-04  1.564821e-04  1.550450e-04  3.566858e-04  1.366980e-04  1.377853e-04
-2.606119  8.181429e-04  1.564990e-04  1.550617e-04  3.568306e-04  1.366994e-04  1.377866e-04
-2.603818  8.186411e-04  1.565157e-04  1.550782e-04  3.569747e-04  1.367007e-04  1.377879e-04
-2.601517  8.191372e-04  1.565323e-04  1.550947e-04  3.571183e-04  1.367019e-04  1.377892e-04
-2.599216  8.196313e-04  1.565488e-04  1.551110e-04  3.572613e-04  1.367031e-04  1.377903e-04
-2.596915  8.201233e-04  1.565652e-04  1.551273e-04  3.574038e-04  1.367042e-04  1.377915e-04
-2.594614  8.206133e-04  1.565814e-04  1.551433e-04  3.575458e-04  1.367052e-04  1.377925e-04
-2.592313  8.211012e-04  1.565975e-04  1.551593e-04  3.576872e-04  1.367062e-04  1.377935e-04
-2.590012  8.215871e-04  1.566135e-04  1.551752e-04  3.578280e-04  1.367072e-04  1.377945e-04
-2.587711  8.220709e-04  1.566294e-04  1.551909e-04  3.579683e-04  1.367081e-04  1.377954e-04
-2.585410  8.225527e-04  1.566452e-04  1.552065e-04  3.581080e-04  1.367089e-04  1.377962e-04
-2.583109  8.230324e-04  1.566608e-04  1.552220e-04  3.582472e-04  1.367097e-04  1.377970e-04
-2.580808  8.235102e-04  1.566763e-04  1.552374e-04  3.583859e-04  1.367104e-04  1.377977e-04
-2.578507  8.239859e-04  1.566917e-04  1.552527e-04  3.585240e-04  1.367111e-04  1.377984e-04
-2.576206  8.244597e-04  1.567070e-04  1.552678e-04  3.586615e-04  1.367117e-04  1.377990e-04
-2.573905  8.249314e-04  1.567222e-04  1.552829e-04  3.587986e-04  1.367123e-04  1.377996e-04
-2.571603  8.254011e-04  1.567373e-04  1.552978e-04  3.589351e-04  1.367128e-04  1.378001e-04
-2.569302  8.258688e-04  1.567522e-04  1.553126e-04  3.590710e-04  1.367132e-04  1.378006e-04
-2.567001  8.263346e-04  1.567671e-04  1.553273e-04  3.592064e-04  1.367137e-04  1.378010e-04
-2.564700  8.267984e-04  1.567818e-04  1.553419e-04  3.593413e-04  1.367140e-04  1.378014e-04
-2.562399  8.272602e-04  1.567964e-04  1.553564e-04  3.594756e-04  1.367144e-04  1.378017e-04
-2.560098  8.277200e-04  1.568109e-04  1.553708e-04  3.596094e-04  1.367146e-04  1.378020e-04
-2.557797  8.281778e-04  1.568253e-04  1.553850e-04  3.597427e-04  1.367149e-04  1.378022e-04
-2.555496  8.286337e-04  1.568396e-04  1.553992e-04  3.598754e-04  1.367151e-04  1.378024e-04
-2.553195  8.290877e-04  1.568538e-04  1.554132e-04  3.600076e-04  1.367152e-04  1.378026e-04
-2.550894  8.295397e-04  1.568679e-04  1.554272e-04  3.601393e-04  1.367153e-04  1.378027e-04
-2.548593  8.299898e-04  1.568818e-04  1.554410e-04  3.602705e-04  1.367153e-04  1.378027e-04
-2.546292  8.304379e-04  1.568957e-04  1.554548e-04  3.604011e-04  1.367153e-04  1.378027e-04
-2.543991  8.308841e-04  1.569095e-04  1.554684e-04  3.605312e-04  1.367153e-04  1.378027e-04
-2.541690  8.313284e-04  1.569231e-04  1.554819e-04  3.606608e-04  1.367152e-04  1.378026e-04
-2.539389  8.317708e-04  1.569367e-04  1.554954e-04  3.607899e-04  1.367151e-04  1.378025e-04
-2.537088  8.322112e-04  1.569501e-04  1.555087e-04  3.609184e-04  1.367149e-04  1.378023e-04
-2.534787  8.326498e-04  1.569635e-04  1.555219e-04  3.610464e-04  1.367147e-04  1.378021e-04
-2.532486  8.330864e-04  1.569767e-04  1.555350e-04  3.611739e-04  1.367145e-04  1.378018e-04
-2.530185  8.335212e-04  1.569899e-04  1.555481e-04  3.613009e-04  1.367142e-04  1.378015e-04
-2.527884  8.339541e-04  1.570029e-04  1.555610e-04  3.614274e-04  1.367138e-04  1.378012e-04
-2.525583  8.343851e-04  1.570159e-04  1.555738e-04  3.615533e-04  1.367135e-04  1.378008e-04
-2.523282  8.348142e-04  1.570287e-04  1.555865e-04  3.616788e-04  1.367131e-04  1.378004e-04
-2.520981  8.352414e-04  1.570415e-04  1.555992e-04  3.618037e-04  1.367126e-04  1.378000e-04
-2.518680  8.356668e-04  1.570541e-04  1.556117e-04  3.619281e-04  1.367121e-04  1.377995e-04
-2.516379  8.360904e-04  1.570667e-04  1.556242e-04  3.620520e-04  1.367116e-04  1.377990e-04
-2.514078  8.365120e-04  1.570791e-04  1.556365e-04  3.621754e-04  1.367111e-04  1.377984e-04
-2.511777  8.369319e-04  1.570915e-04  1.556488e-04  3.622983e-04  1.367105e-04  1.377978e-04
-2.509476  8.373499e-04  1.571038e-04  1.556609e-04  3.624207e-04  1.367098e-04  1.377972e-04
-2.507175  8.377660e-04  1.571160e-04  1.556730e-04  3.625426e-04  1.367092e-04  1.377965e-04
-2.504874  8.381803e-04  1.571281e-04  1.556850e-04  3.626640e-04  1.367085e-04  1.377958e-04
-2.502573  8.385929e-04  1.571401e-04  1.556969e-04  3.627849e-04  1.367077e-04  1.377950e-04
-2.500272  8.390035e-04  1.571520e-04  1.557087e-04  3.629052e-04  1.367070e-04  1.377943e-04
-2.497971  8.394124e-04  1.571638e-04  1.557204e-04  3.630251e-04  1.367062e-04  1.377935e-04
-2.495669  8.398195e-04  1.571755e-04  1.557320e-04  3.631445e-04  1.367053e-04  1.377926e-04
-2.493368  8.402248e-04  1.571871e-04  1.557435e-04  3.632634e-04  1.367045e-04  1.377917e-04
-2.491067  8.406283e-04  1.571987e-04  1.557550e-04  3.633818e-04  1.367036e-04  1.377908e-04
-2.488766  8.410300e-04  1.572102e-04  1.557663e-04  3.634997e-04  1.367026e-04  1.377899e-04
-2.486465  8.414299e-04  1.572215e-04  1.557776e-04  3.636171e-04  1.367017e-04  1.377889e-04
-2.484164  8.418280e-04  1.572328e-04  1.557888e-04  3.637340e-04  1.367007e-04  1.377879e-04
-2.481863  8.422244e-04  1.572440e-04  1.557999e-04  3.638505e-04  1.366996e-04  1.377869e-04
-2.479562  8.426190e-04  1.572551e-04  1.558109e-04  3.639664e-04  1.366986e-04  1.377858e-04
-2.477261  8.430119e-04  1.572661e-04  1.558218e-04  3.640819e-04  1.366975e-04  1.377847e-04
-2.474960  8.434030e-04  1.572771e-04  1.558326e-04  3.641968e-04  1.366964e-04  1.377836e-04
-2.472659  8.437923e-04  1.572880e-04  1.558434e-04  3.643113e-04  1.366952e-04  1.377825e-04
-2.470358  8.441800e-04  1.572987e-04  1.558541e-04  3.644253e-04  1.366941e-04  1.377813e-04
-2.468057  8.445658e-04  1.573094e-04  1.558647e-04  3.645388e-04  1.366929e-04  1.377801e-04
-2.465756  8.449500e-04  1.573200e-04  1.558752e-04  3.646519e-04  1.366916e-04  1.377788e-04
-2.463455  8.453324e-04  1.573306e-04  1.558856e-04  3.647645e-04  1.366904e-04  1.377776e-04
-2.461154  8.457131e-04  1.573410e-04  1.558960e-04  3.648765e-04  1.366891e-04  1.377763e-04
-2.458853  8.460921e-04  1.573514e-04  1.559062e-04  3.649882e-04  1.366878e-04  1.377750e-04
-2.456552  8.464695e-04  1.573617e-04  1.559164e-04  3.650993e-04  1.366865e-04  1.377736e-04
-2.454251  8.468451e-04  1.573719e-04  1.559266e-04  3.652100e-04  1.366851e-04  1.377722e-04
-2.451950  8.472190e-04  1.573820e-04  1.559366e-04  3.653202e-04  1.366837e-04  1.377708e-04
-2.449649  8.475912e-04  1.573921e-04  1.559466e-04  3.654299e-04  1.366823e-04  1.377694e-04
-2.447348  8.479617e-04  1.574020e-04  1.559564e-04  3.655391e-04  1.366809e-04  1.377680e-04
-2.445047  8.483306e-04  1.574119e-04  1.559662e-04  3.656479e-04  1.366794e-04  1.377665e-04
-2.442746  8.486978e-04  1.574218e-04  1.559760e-04  3.657563e-04  1.366779e-04  1.377650e-04
-2.440445  8.490633e-04  1.574315e-04  1.559856e-04  3.658641e-04  1.366764e-04  1.377635e-04
-2.438144  8.494272e-04  1.574412e-04  1.559952e-04  3.659715e-04  1.366749e-04  1.377620e-04
-2.435843  8.497894e-04  1.574508e-04  1.560047e-04  3.660784e-04  1.366734e-04  1.377604e-04
-2.433542  8.501500e-04  1.574603e-04  1.560142e-04  3.661849e-04  1.366718e-04  1.377588e-04
-2.431241  8.505090e-04  1.574697e-04  1.560235e-04  3.662909e-04  1.366702e-04  1.377572e-04
-2.428940  8.508663e-04  1.574791e-04  1.560328e-04  3.663965e-04  1.366686e-04  1.377556e-04
-2.426639  8.512219e-04  1.574884e-04  1.560420e-04  3.665016e-04  1.366669e-04  1.377539e-04
-2.424338  8.515760e-04  1.574977e-04  1.560512e-04  3.666062e-04  1.366653e-04  1.377522e-04
-2.422037  8.519284e-04  1.575068e-04  1.560603e-04  3.667104e-04  1.366636e-04  1.377505e-04
-2.419736  8.522792e-04  1.575159e-04  1.560693e-04  3.668142e-04  1.366619e-04  1.377488e-04
-2.417434  8.526285e-04  1.575249e-04  1.560782e-04  3.669174e-04  1.366602e-04  1.377471e-04
-2.415133  8.529761e-04  1.575339e-04  1.560871e-04  3.670203e-04  1.366584e-04  1.377453e-04
-2.412832  8.533221e-04  1.575427e-04  1.560959e-04  3.671227e-04  1.366567e-04  1.377436e-04
-2.410531  8.536665e-04  1.575516e-04  1.561046e-04  3.672246e-04  1.366549e-04  1.377418e-04
-2.408230  8.540094e-04  1.575603e-04  1.561132e-04  3.673261e-04  1.366531e-04  1.377399e-04
-2.405929  8.543507e-04  1.575690e-04  1.561218e-04  3.674272e-04  1.366512e-04  1.377381e-04
-2.403628  8.546904e-04  1.575776e-04  1.561304e-04  3.675278e-04  1.366494e-04  1.377363e-04
-2.401327  8.550285e-04  1.575861e-04  1.561388e-04  3.676280e-04  1.366476e-04  1.377344e-04
-2.399026  8.553651e-04  1.575946e-04  1.561472e-04  3.677277e-04  1.366457e-04  1.377325e-04
-2.396725  8.557001e-04  1.576030e-04  1.561555e-04  3.678270e-04  1.366438e-04  1.377306e-04
-2.394424  8.560336e-04  1.576113e-04  1.561638e-04  3.679258e-04  1.366419e-04  1.377287e-04
-2.392123  8.563655e-04  1.576196e-04  1.561720e-04  3.680243e-04  1.366400e-04  1.377267e-04
-2.389822  8.566959e-04  1.576278e-04  1.561801e-04  3.681223e-04  1.366380e-04  1.377248e-04
-2.387521  8.570248e-04  1.576360e-04  1.561882e-04  3.682198e-04  1.366361e-04  1.377228e-04
-2.385220  8.573522e-04  1.576440e-04  1.561962e-04  3.683169e-04  1.366341e-04  1.377208e-04
-2.382919  8.576780e-04  1.576521e-04  1.562042e-04  3.684136e-04  1.366321e-04  1.377188e-04
-2.380618  8.580023e-04  1.576600e-04  1.562120e-04  3.685099e-04  1.366301e-04  1.377168e-04
-2.378317  8.583251e-04  1.576679e-04  1.562199e-04  3.686057e-04  1.366281e-04  1.377147e-04
-2.376016  8.586464e-04  1.576757e-04  1.562276e-04  3.687011e-04  1.366260e-04  1.377127e-04
-2.373715  8.589662e-04  1.576835e-04  1.562353e-04  3.687961e-04  1.366240e-04  1.377106e-04
-2.371414  8.592845e-04  1.576912e-04  1.562430e-04  3.688907e-04  1.366219e-04  1.377085e-04
-2.369113  8.596013e-04  1.576989e-04  1.562505e-04  3.689848e-04  1.366198e-04  1.377064e-04
-2.366812  8.599167e-04  1.577064e-04  1.562580e-04  3.690785e-04  1.366177e-04  1.377043e-04
-2.364511  8.602305e-04  1.577140e-04  1.562655e-04  3.691718e-04  1.366156e-04  1.377022e-04
-2.362210  8.605429e-04  1.577214e-04  1.562729e-04  3.692647e-04  1.366135e-04  1.377001e-04
-2.359909  8.608539e-04  1.577288e-04  1.562802e-04  3.693572e-04  1.366114e-04  1.376979e-04
-2.357608  8.611633e-04  1.577362e-04  1.562875e-04  3.694492e-04  1.366092e-04  1.376958e-04
-2.355307  8.614714e-04  1.577435e-04  1.562947e-04  3.695409e-04  1.366071e-04  1.376936e-04
-2.353006  8.617779e-04  1.577507e-04  1.563019e-04  3.696321e-04  1.366049e-04  1.376914e-04
-2.350705  8.620831e-04  1.577579e-04  1.563090e-04  3.697229e-04  1.366027e-04  1.376892e-04
-2.348404  8.623868e-04  1.577650e-04  1.563161e-04  3.698133e-04  1.366005e-04  1.376870e-04
-2.346103  8.626891e-04  1.577721e-04  1.563231e-04  3.699033e-04  1.365983e-04  1.376847e-04
-2.343802  8.629899e-04  1.577791e-04  1.563300e-04  3.699929e-04  1.365961e-04  1.376825e-04
-2.341500  8.632893e-04  1.577860e-04  1.563369e-04  3.700821e-04  1.365938e-04  1.376803e-04
-2.339199  8.635873e-04  1.577929e-04  1.563437e-04  3.701709e-04  1.365916e-04  1.376780e-04
-2.336898  8.638839e-04  1.577998e-04  1.563505e-04  3.702593e-04  1.365894e-04  1.376757e-04
-2.334597  8.641791e-04  1.578066e-04  1.563572e-04  3.703473e-04  1.365871e-04  1.376734e-04
-2.332296  8.644729e-04  1.578133e-04  1.563639e-04  3.704348e-04  1.365848e-04  1.376711e-04
-2.329995  8.647653e-04  1.578200e-04  1.563705e-04  3.705220e-04  1.365825e-04  1.376688e-04
-2.327694  8.650564e-04  1.578266e-04  1.563771e-04  3.706088e-04  1.365802e-04  1.376665e-04
-2.325393  8.653460e-04  1.578332e-04  1.563836e-04  3.706952e-04  1.365779e-04  1.376642e-04
-2.323092  8.656343e-04  1.578397e-04  1.563901e-04  3.707812e-04  1.365756e-04  1.376619e-04
-2.320791  8.659212e-04  1.578462e-04  1.563965e-04  3.708668e-04  1.365733e-04  1.376595e-04
-2.318490  8.662067e-04  1.578526e-04  1.564028e-04  3.709520e-04  1.365709e-04  1.376572e-04
-2.316189  8.664909e-04  1.578589e-04  1.564091e-04  3.710368e-04  1.365686e-04  1.376548e-04
-2.313888  8.667737e-04  1.578653e-04  1.564154e-04  3.711213e-04  1.365662e-04  1.376524e-04
-2.311587  8.670551e-04  1.578715e-04  1.564216e-04  3.712053e-04  1.365639e-04  1.376500e-04
-2.309286  8.673353e-04  1.578777e-04  1.564278e-04  3.712890e-04  1.365615e-04  1.376477e-04
-2.306985  8.676141e-04  1.578839e-04  1.564339e-04  3.713722e-04  1.365591e-04  1.376453e-04
-2.304684  8.678915e-04  1.578900e-04  1.564399e-04  3.714551e-04  1.365567e-04  1.376429e-04
-2.302383  8.681676e-04  1.578961e-04  1.564459e-04  3.715376e-04  1.365544e-04  1.376404e-04
-2.300082  8.684424e-04  1.579021e-04  1.564519e-04  3.716198e-04  1.365519e-04  1.376380e-04
-2.297781  8.687159e-04  1.579081e-04  1.564578e-04  3.717015e-04  1.365495e-04  1.376356e-04
-2.295480  8.689881e-04  1.579140e-04  1.564637e-04  3.717829e-04  1.365471e-04  1.376331e-04
-2.293179  8.692589e-04  1.579198e-04  1.564695e-04  3.718639e-04  1.365447e-04  1.376307e-04
-2.290878  8.695285e-04  1.579257e-04  1.564753e-04  3.719445e-04  1.365423e-04  1.376283e-04
-2.288577  8.697968e-04  1.579314e-04  1.564810e-04  3.720247e-04  1.365398e-04  1.376258e-04
-2.286276  8.700637e-04  1.579372e-04  1.564867e-04  3.721046e-04  1.365374e-04  1.376233e-04
-2.283975  8.703294e-04  1.579428e-04  1.564923e-04  3.721841e-04  1.365349e-04  1.376209e-04
-2.281674  8.705938e-04  1.579485e-04  1.564979e-04  3.722632e-04  1.365325e-04  1.376184e-04
-2.279373  8.708570e-04  1.579541e-04  1.565034e-04  3.723420e-04  1.365300e-04  1.376159e-04
-2.277072  8.711188e-04  1.579596e-04  1.565089e-04  3.724204e-04  1.365275e-04  1.376134e-04
-2.274771  8.713794e-04  1.579651e-04  1.565143e-04  3.724984e-04  1.365250e-04  1.376109e-04
-2.272470  8.716388e-04  1.579706e-04  1.565197e-04  3.725761e-04  1.365226e-04  1.376084e-04
-2.270169  8.718969e-04  1.579760e-04  1.565251e-04  3.726534e-04  1.365201e-04  1.376059e-04
-2.267868  8.721537e-04  1.579813e-04  1.565304e-04  3.727303e-04  1.365176e-04  1.376034e-04
-2.265566  8.724093e-04  1.579867e-04  1.565357e-04  3.728069e-04  1.365151e-04  1.376008e-04
-2.263265  8.726636e-04  1.579919e-04  1.565409e-04  3.728831e-04  1.365126e-04  1.375983e-04
-2.260964  8.729167e-04  1.579972e-04  1.565461e-04  3.729590e-04  1.365101e-04  1.375958e-04
-2.258663  8.731686e-04  1.580024e-04  1.565513e-04  3.730345e-04  1.365075e-04  1.375933e-04
-2.256362  8.734193e-04  1.580075e-04  1.565564e-04  3.731096e-04  1.365050e-04  1.375907e-04
-2.254061  8.736687e-04  1.580126e-04  1.565614e-04  3.731844e-04  1.365025e-04  1.375882e-04
-2.251760  8.739170e-04  1.580177e-04  1.565664e-04  3.732589e-04  1.365000e-04  1.375856e-04
-2.249459  8.741640e-04  1.580227e-04  1.565714e-04  3.733330e-04  1.364974e-04  1.375831e-04
-2.247158  8.744098e-04  1.580277e-04  1.565763e-04  3.734067e-04  1.364949e-04  1.375805e-04
-2.244857  8.746544e-04  1.580326e-04  1.565812e-04  3.734801e-04  1.364923e-04  1.375779e-04
-2.242556  8.748978e-04  1.580375e-04  1.565861e-04  3.735531e-04  1.364898e-04  1.375754e-04
-2.240255  8.751400e-04  1.580424e-04  1.565909e-04  3.736258e-04  1.364872e-04  1.375728e-04
-2.237954  8.753811e-04  1.580472e-04  1.565957e-04  3.736982e-04  1.364847e-04  1.375702e-04
-2.235653  8.756209e-04  1.580520e-04  1.566004e-04  3.737702e-04  1.364821e-04  1.375676e-04
-2.233352  8.758596e-04  1.580567e-04  1.566051e-04  3.738419e-04  1.364796e-04  1.375651e-04
-2.231051  8.760972e-04  1.580614e-04  1.566097e-04  3.739132e-04  1.364770e-04  1.375625e-04
-2.228750  8.763335e-04  1.580661e-04  1.566144e-04  3.739842e-04  1.364744e-04  1.375599e-04
-2.226449  8.765687e-04  1.580707e-04  1.566189e-04  3.740548e-04  1.364719e-04  1.375573e-04
-2.224148  8.768027e-04  1.580753e-04  1.566235e-04  3.741251e-04  1.364693e-04  1.375547e-04
-2.221847  8.770356e-04  1.580798e-04  1.566280e-04  3.741951e-04  1.364667e-04  1.375521e-04
-2.219546  8.772674e-04  1.580843e-04  1.566324e-04  3.742647e-04  1.364641e-04  1.375495e-04
-2.217245  8.774980e-04  1.580888e-04  1.566369e-04  3.743341e-04  1.364616e-04  1.375469e-04
-2.214944  8.777274e-04  1.580932e-04  1.566412e-04  3.744030e-04  1.364590e-04  1.375443e-04
-2.212643  8.779558e-04  1.580976e-04  1.566456e-04  3.744717e-04  1.364564e-04  1.375417e-04
-2.210342  8.781830e-04  1.581019e-04  1.566499e-04  3.745400e-04  1.364538e-04  1.375391e-04
-2.208041  8.784091e-04  1.581063e-04  1.566542e-04  3.746080e-04  1.364512e-04  1.375365e-04
-2.205740  8.786340e-04  1.581105e-04  1.566584e-04  3.746756e-04  1.364486e-04  1.375338e-04
-2.203439  8.788579e-04  1.581148e-04  1.566626e-04  3.747430e-04  1.364460e-04  1.375312e-04
-2.201138  8.790807e-04  1.581190e-04  1.566668e-04  3.748100e-04  1.364434e-04  1.375286e-04
-2.198837  8.793023e-04  1.581232e-04  1.566709e-04  3.748767e-04  1.364408e-04  1.375260e-04
-2.196536  8.795229e-04  1.581273e-04  1.566750e-04  3.749430e-04  1.364382e-04  1.375234e-04
-2.194235  8.797423e-04  1.581314e-04  1.566791e-04  3.750091e-04  1.364356e-04  1.375207e-04
-2.191934  8.799607e-04  1.581355e-04  1.566831e-04  3.750748e-04  1.364330e-04  1.375181e-04
-2.189633  8.801780e-04  1.581395e-04  1.566871e-04  3.751402e-04  1.364304e-04  1.375155e-04
-2.187331  8.803942e-04  1.581435e-04  1.566911e-04  3.752053e-04  1.364278e-04  1.375129e-04
-2.185030  8.806093e-04  1.581475e-04  1.566950e-04  3.752701e-04  1.364252e-04  1.375102e-04
-2.182729  8.808234e-04  1.581514e-04  1.566989e-04  3.753345e-04  1.364226e-04  1.375076e-04
-2.180428  8.810364e-04  1.581553e-04  1.567028e-04  3.753987e-04  1.364200e-04  1.375050e-04
-2.178127  8.812483e-04  1.581591e-04  1.567066e-04  3.754625e-04  1.364173e-04  1.375023e-04
-2.175826  8.814592e-04  1.581630e-04  1.567104e-04  3.755260e-04  1.364147e-04  1.374997e-04
-2.173525  8.816690e-04  1.581668e-04  1.567141e-04  3.755892e-04  1.364121e-04  1.374971e-04
-2.171224  8.818778e-04  1.581705e-04  1.567179e-04  3.756521e-04  1.364095e-04  1.374944e-04
-2.168923  8.820855e-04  1.581742e-04  1.567216e-04  3.757147e-04  1.364069e-04  1.374918e-04
-2.166622  8.822922e-04  1.581779e-04  1.567252e-04  3.757770e-04  1.364043e-04  1.374892e-04
-2.164321  8.824979e-04  1.581816e-04  1.567288e-04  3.758390e-04  1.364016e-04  1.374865e-04
-2.162020  8.827025e-04  1.581852e-04  1.567324e-04  3.759007e-04  1.363990e-04  1.374839e-04
-2.159719  8.829061e-04  1.581888e-04  1.567360e-04  3.759621e-04  1.363964e-04  1.374812e-04
-2.157418  8.831087e-04  1.581924e-04  1.567395e-04  3.760232e-04  1.363938e-04  1.374786e-04
-2.155117  8.833103e-04  1.581959e-04  1.567430e-04  3.760839e-04  1.363912e-04  1.374760e-04
-2.152816  8.835108e-04  1.581994e-04  1.567465e-04  3.761444e-04  1.363886e-04  1.374733e-04
-2.150515  8.837104e-04  1.582029e-04  1.567500e-04  3.762046e-04  1.363859e-04  1.374707e-04
-2.148214  8.839089e-04  1.582064e-04  1.567534e-04  3.762645e-04  1.363833e-04  1.374681e-04
-2.145913  8.841065e-04  1.582098e-04  1.567568e-04  3.763241e-04  1.363807e-04  1.374654e-04
-2.143612  8.843030e-04  1.582132e-04  1.567601e-04  3.763834e-04  1.363781e-04  1.374628e-04
-2.141311  8.844986e-04  1.582165e-04  1.567634e-04  3.764424e-04  1.363755e-04  1.374601e-04
-2.139010  8.846932e-04  1.582198e-04  1.567667e-04  3.765011e-04  1.363729e-04  1.374575e-04
-2.136709  8.848868e-04  1.582231e-04  1.567700e-04  3.765595e-04  1.363703e-04  1.374549e-04
-2.134408  8.850794e-04  1.582264e-04  1.567732e-04  3.766177e-04  1.363676e-04  1.374522e-04
-2.132107  8.852711e-04  1.582296e-04  1.567764e-04  3.766755e-04  1.363650e-04  1.374496e-04
-2.129806  8.854618e-04  1.582328e-04  1.567796e-04  3.767331e-04  1.363624e-04  1.374470e-04
-2.127505  8.856515e-04  1.582360e-04  1.567828e-04  3.767904e-04  1.363598e-04  1.374443e-04
-2.125204  8.858402e-04  1.582392e-04  1.567859e-04  3.768473e-04  1.363572e-04  1.374417e-04
-2.122903  8.860280e-04  1.582423e-04  1.567890e-04  3.769041e-04  1.363546e-04  1.374391e-04
-2.120602  8.862149e-04  1.582454e-04  1.567920e-04  3.769605e-04  1.363520e-04  1.374364e-04
-2.118301  8.864008e-04  1.582484e-04  1.567951e-04  3.770166e-04  1.363494e-04  1.374338e-04
-2.116000  8.865858e-04  1.582515e-04  1.567981e-04  3.770725e-04  1.363468e-04  1.374312e-04
-2.113699  8.867698e-04  1.582545e-04  1.568010e-04  3.771281e-04  1.363441e-04  1.374286e-04
-2.111397  8.869529e-04  1.582575e-04  1.568040e-04  3.771834e-04  1.363415e-04  1.374259e-04
-2.109096  8.871351e-04  1.582604e-04  1.568069e-04  3.772384e-04  1.363389e-04  1.374233e-04
-2.106795  8.873163e-04  1.582633e-04  1.568098e-04  3.772932e-04  1.363363e-04  1.374207e-04
-2.104494  8.874966e-04  1.582662e-04  1.568127e-04  3.773477e-04  1.363337e-04  1.374181e-04
-2.102193  8.876760e-04  1.582691e-04  1.568155e-04  3.774019e-04  1.363311e-04  1.374154e-04
-2.099892  8.878545e-04  1.582720e-04  1.568184e-04  3.774558e-04  1.363285e-04  1.374128e-04
-2.097591  8.880321e-04  1.582748e-04  1.568212e-04  3.775095e-04  1.363259e-04  1.374102e-04
-2.095290  8.882087e-04  1.582776e-04  1.568239e-04  3.775629e-04  1.363233e-04  1.374076e-04
-2.092989  8.883845e-04  1.582803e-04  1.568267e-04  3.776160e-04  1.363207e-04  1.374050e-04
-2.090688  8.885594e-04  1.582831e-04  1.568294e-04  3.776689e-04  1.363182e-04  1.374024e-04
-2.088387  8.887333e-04  1.582858e-04  1.568321e-04  3.777215e-04  1.363156e-04  1.373998e-04
-2.086086  8.889064e-04  1.582885e-04  1.568347e-04  3.777738e-04  1.363130e-04  1.373971e-04
-2.083785  8.890786e-04  1.582911e-04  1.568374e-04  3.778259e-04  1.363104e-04  1.373945e-04
-2.081484  8.892499e-04  1.582938e-04  1.568400e-04  3.778777e-04  1.363078e-04  1.373919e-04
-2.079183  8.894204e-04  1.582964e-04  1.568426e-04  3.779292e-04  1.363052e-04  1.373893e-04
-2.076882  8.895899e-04  1.582990e-04  1.568452e-04  3.779805e-04  1.363026e-04  1.373867e-04
-2.074581  8.897586e-04  1.583016e-04  1.568477e-04  3.780315e-04  1.363001e-04  1.373841e-04
-2.072280  8.899265e-04  1.583041e-04  1.568502e-04  3.780823e-04  1.362975e-04  1.373815e-04
-2.069979  8.900934e-04  1.583066e-04  1.568527e-04  3.781328e-04  1.362949e-04  1.373789e-04
-2.067678  8.902595e-04  1.583091e-04  1.568552e-04  3.781830e-04  1.362923e-04  1.373763e-04
-2.065377  8.904248e-04  1.583116e-04  1.568576e-04  3.782330e-04  1.362898e-04  1.373738e-04
-2.063076  8.905892e-04  1.583140e-04  1.568600e-04  3.782828e-04  1.362872e-04  1.373712e-04
-2.060775  8.907528e-04  1.583164e-04  1.568624e-04  3.783323e-04  1.362846e-04  1.373686e-04
-2.058474  8.909155e-04  1.583188e-04  1.568648e-04  3.783815e-04  1.362821e-04  1.373660e-04
-2.056173  8.910774e-04  1.583212e-04  1.568672e-04  3.784305e-04  1.362795e-04  1.373634e-04
-2.053872  8.912384e-04  1.583236e-04  1.568695e-04  3.784792e-04  1.362770e-04  1.373608e-04
-2.051571  8.913986e-04  1.583259e-04  1.568718e-04  3.785277e-04  1.362744e-04  1.373583e-04
-2.049270  8.915580e-04  1.583282e-04  1.568741e-04  3.785760e-04  1.362718e-04  1.373557e-04
-2.046969  8.917166e-04  1.583305e-04  1.568764e-04  3.786240e-04  1.362693e-04  1.373531e-04
-2.044668  8.918743e-04  1.583327e-04  1.568786e-04  3.786717e-04  1.362667e-04  1.373505e-04
-2.042367  8.920312e-04  1.583350e-04  1.568808e-04  3.787192e-04  1.362642e-04  1.373480e-04
-2.040066  8.921874e-04  1.583372e-04  1.568830e-04  3.787665e-04  1.362617e-04  1.373454e-04
-2.037765  8.923427e-04  1.583394e-04  1.568852e-04  3.788135e-04  1.362591e-04  1.373429e-04
-2.035463  8.924972e-04  1.583416e-04  1.568873e-04  3.788603e-04  1.362566e-04  1.373403e-04
-2.033162  8.926509e-04  1.583437e-04  1.568895e-04  3.789068e-04  1.362540e-04  1.373377e-04
-2.030861  8.928038e-04  1.583458e-04  1.568916e-04  3.789531e-04  1.362515e-04  1.373352e-04
-2.028560  8.929559e-04  1.583480e-04  1.568937e-04  3.789992e-04  1.362490e-04  1.373326e-04
-2.026259  8.931072e-04  1.583500e-04  1.568957e-04  3.790450e-04  1.362465e-04  1.373301e-04
-2.023958  8.932577e-04  1.583521e-04  1.568978e-04  3.790906e-04  1.362439e-04  1.373276e-04
-2.021657  8.934075e-04  1.583541e-04  1.568998e-04  3.791359e-04  1.362414e-04  1.373250e-04
-2.019356  8.935564e-04  1.583562e-04  1.569018e-04  3.791810e-04  1.362389e-04  1.373225e-04
-2.017055  8.937046e-04  1.583582e-04  1.569038e-04  3.792259e-04  1.362364e-04  1.373199e-04
-2.014754  8.938520e-04  1.583602e-04  1.569058e-04  3.792706e-04  1.362339e-04  1.373174e-04
-2.012453  8.939987e-04  1.583621e-04  1.569077e-04  3.793150e-04  1.362314e-04  1.373149e-04
-2.010152  8.941446e-04  1.583641e-04  1.569096e-04  3.793592e-04  1.362289e-04  1.373124e-04
-2.007851  8.942897e-04  1.583660e-04  1.569115e-04  3.794031e-04  1.362264e-04  1.373098e-04
-2.005550  8.944341e-04  1.583679e-04  1.569134e-04  3.794469e-04  1.362239e-04  1.373073e-04
-2.003249  8.945777e-04  1.583698e-04  1.569153e-04  3.794904e-04  1.362214e-04  1.373048e-04
-2.000948  8.947205e-04  1.583716e-04  1.569171e-04  3.795336e-04  1.362189e-04  1.373023e-04
-1.998647  8.948626e-04  1.583735e-04  1.569189e-04  3.795767e-04  1.362164e-04  1.372998e-04
-1.996346  8.950040e-04  1.583753e-04  1.569207e-04  3.796195e-04  1.362139e-04  1.372973e-04
-1.994045  8.951446e-04  1.583771e-04  1.569225e-04  3.796621e-04  1.362114e-04  1.372948e-04
-1.991744  8.952845e-04  1.583789e-04  1.569243e-04  3.797045e-04  1.362089e-04  1.372923e-04
-1.989443  8.954237e-04  1.583806e-04  1.569260e-04  3.797467e-04  1.362064e-04  1.372898e-04
-1.987142  8.955621e-04  1.583824e-04  1.569278e-04  3.797886e-04  1.362040e-04  1.372873e-04
-1.984841  8.956998e-04  1.583841e-04  1.569295e-04  3.798303e-04  1.362015e-04  1.372848e-04
-1.982540  8.958368e-04  1.583858e-04  1.569312e-04  3.798718e-04  1.361990e-04  1.372823e-04
-1.980239  8.959730e-04  1.583875e-04  1.569328e-04  3.799131e-04  1.361966e-04  1.372798e-04
-1.977938  8.961086e-04  1.583892e-04  1.569345e-04  3.799542e-04  1.361941e-04  1.372773e-04
-1.975637  8.962434e-04  1.583908e-04  1.569361e-04  3.799951e-04  1.361916e-04  1.372748e-04
-1.973336  8.963775e-04  1.583924e-04  1.569378e-04  3.800357e-04  1.361892e-04  1.372724e-04
-1.971035  8.965109e-04  1.583941e-04  1.569394e-04  3.800761e-04  1.361867e-04  1.372699e-04
-1.968734  8.966436e-04  1.583957e-04  1.569409e-04  3.801163e-04  1.361843e-04  1.372674e-04
-1.966433  8.967756e-04  1.583972e-04  1.569425e-04  3.801563e-04  1.361819e-04  1.372650e-04
-1.964132  8.969069e-04  1.583988e-04  1.569441e-04  3.801961e-04  1.361794e-04  1.372625e-04
-1.961831  8.970376e-04  1.584003e-04  1.569456e-04  3.802357e-04  1.361770e-04  1.372601e-04
-1.959530  8.971675e-04  1.584019e-04  1.569471e-04  3.802751e-04  1.361745e-04  1.372576e-04
-1.957228  8.972967e-04  1.584034e-04  1.569486e-04  3.803143e-04  1.361721e-04  1.372552e-04
-1.954927  8.974253e-04  1.584049e-04  1.569501e-04  3.803532e-04  1.361697e-04  1.372527e-04
-1.952626  8.975531e-04  1.584063e-04  1.569515e-04  3.803920e-04  1.361673e-04  1.372503e-04
-1.950325  8.976803e-04  1.584078e-04  1.569530e-04  3.804305e-04  1.361648e-04  1.372478e-04
-1.948024  8.978068e-04  1.584092e-04  1.569544e-04  3.804689e-04  1.361624e-04  1.372454e-04
-1.945723  8.979327e-04  1.584107e-04  1.569558e-04  3.805070e-04  1.361600e-04  1.372430e-04
-1.943422  8.980579e-04  1.584121e-04  1.569572e-04  3.805449e-04  1.361576e-04  1.372405e-04
-1.941121  8.981824e-04  1.584135e-04  1.569586e-04  3.805827e-04  1.361552e-04  1.372381e-04
-1.938820  8.983062e-04  1.584148e-04  1.569599e-04  3.806202e-04  1.361528e-04  1.372357e-04
-1.936519  8.984294e-04  1.584162e-04  1.569613e-04  3.806576e-04  1.361504e-04  1.372333e-04
-1.934218  8.985519e-04  1.584175e-04  1.569626e-04  3.806947e-04  1.361480e-04  1.372309e-04
-1.931917  8.986738e-04  1.584189e-04  1.569639e-04  3.807316e-04  1.361456e-04  1.372285e-04
-1.929616  8.987951e-04  1.584202e-04  1.569652e-04  3.807684e-04  1.361432e-04  1.372260e-04
-1.927315  8.989157e-04  1.584215e-04  1.569665e-04  3.808049e-04  1.361408e-04  1.372236e-04
-1.925014  8.990356e-04  1.584227e-04  1.569678e-04  3.808413e-04  1.361385e-04  1.372212e-04
-1.922713  8.991549e-04  1.584240e-04  1.569690e-04  3.808774e-04  1.361361e-04  1.372189e-04
-1.920412  8.992736e-04  1.584252e-04  1.569702e-04  3.809134e-04  1.361337e-04  1.372165e-04
-1.918111  8.993916e-04  1.584265e-04  1.569715e-04  3.809492e-04  1.361314e-04  1.372141e-04
-1.915810  8.995090e-04  1.584277e-04  1.569727e-04  3.809847e-04  1.361290e-04  1.372117e-04
-1.913509  8.996258e-04  1.584289e-04  1.569739e-04  3.810201e-04  1.361266e-04  1.372093e-04
-1.911208  8.997419e-04  1.584301e-04  1.569750e-04  3.810553e-04  1.361243e-04  1.372069e-04
-1.908907  8.998574e-04  1.584312e-04  1.569762e-04  3.810903e-04  1.361219e-04  1.372046e-04
-1.906606  8.999724e-04  1.584324e-04  1.569773e-04  3.811252e-04  1.361196e-04  1.372022e-04
-1.904305  9.000866e-04  1.584335e-04  1.569785e-04  3.811598e-04  1.361172e-04  1.371998e-04
-1.902004  9.002003e-04  1.584347e-04  1.569796e-04  3.811943e-04  1.361149e-04  1.371975e-04
-1.899703  9.003134e-04  1.584358e-04  1.569807e-04  3.812285e-04  1.361125e-04  1.371951e-04
-1.897402  9.004258e-04  1.584369e-04  1.569818e-04  3.812626e-04  1.361102e-04  1.371928e-04
-1.895101  9.005377e-04  1.584379e-04  1.569828e-04  3.812965e-04  1.361079e-04  1.371904e-04
-1.892800  9.006489e-04  1.584390e-04  1.569839e-04  3.813302e-04  1.361056e-04  1.371881e-04
-1.890499  9.007596e-04  1.584401e-04  1.569849e-04  3.813637e-04  1.361032e-04  1.371857e-04
-1.888198  9.008697e-04  1.584411e-04  1.569859e-04  3.813971e-04  1.361009e-04  1.371834e-04
-1.885897  9.009791e-04  1.584421e-04  1.569870e-04  3.814302e-04  1.360986e-04  1.371811e-04
-1.883596  9.010880e-04  1.584431e-04  1.569880e-04  3.814632e-04  1.360963e-04  1.371787e-04
-1.881294  9.011963e-04  1.584441e-04  1.569889e-04  3.814960e-04  1.360940e-04  1.371764e-04
-1.878993  9.013040e-04  1.584451e-04  1.569899e-04  3.815287e-04  1.360917e-04  1.371741e-04
-1.876692  9.014111e-04  1.584461e-04  1.569909e-04  3.815611e-04  1.360894e-04  1.371718e-04
-1.874391  9.015176e-04  1.584470e-04  1.569918e-04  3.815934e-04  1.360871e-04  1.371694e-04
-1.872090  9.016236e-04  1.584479e-04  1.569927e-04  3.816255e-04  1.360848e-04  1.371671e-04
-1.869789  9.017290e-04  1.584489e-04  1.569937e-04  3.816574e-04  1.360825e-04  1.371648e-04
-1.867488  9.018338e-04  1.584498e-04  1.569946e-04  3.816892e-04  1.360802e-04  1.371625e-04
-1.865187  9.019381e-04  1.584507e-04  1.569955e-04  3.817207e-04  1.360779e-04  1.371602e-04
-1.862886  9.020417e-04  1.584516e-04  1.569963e-04  3.817521e-04  1.360757e-04  1.371579e-04
-1.860585  9.021449e-04  1.584524e-04  1.569972e-04  3.817834e-04  1.360734e-04  1.371556e-04
-1.858284  9.022474e-04  1.584533e-04  1.569980e-04  3.818144e-04  1.360711e-04  1.371534e-04
-1.855983  9.023494e-04  1.584541e-04  1.569989e-04  3.818453e-04  1.360689e-04  1.371511e-04
-1.853682  9.024509e-04  1.584550e-04  1.569997e-04  3.818760e-04  1.360666e-04  1.371488e-04
-1.851381  9.025518e-04  1.584558e-04  1.570005e-04  3.819066e-04  1.360643e-04  1.371465e-04
-1.849080  9.026521e-04  1.584566e-04  1.570013e-04  3.819370e-04  1.360621e-04  1.371442e-04
-1.846779  9.027519e-04  1.584574e-04  1.570021e-04  3.819672e-04  1.360598e-04  1.371420e-04
-1.844478  9.028512e-04  1.584582e-04  1.570029e-04  3.819973e-04  1.360576e-04  1.371397e-04
-1.842177  9.029499e-04  1.584590e-04  1.570036e-04  3.820271e-04  1.360553e-04  1.371375e-04
-1.839876  9.030481e-04  1.584597e-04  1.570044e-04  3.820569e-04  1.360531e-04  1.371352e-04
-1.837575  9.031457e-04  1.584605e-04  1.570051e-04  3.820864e-04  1.360509e-04  1.371329e-04
-1.835274  9.032428e-04  1.584612e-04  1.570059e-04  3.821158e-04  1.360486e-04  1.371307e-04
-1.832973  9.033394e-04  1.584619e-04  1.570066e-04  3.821451e-04  1.360464e-04  1.371285e-04
-1.830672  9.034355e-04  1.584626e-04  1.570073e-04  3.821741e-04  1.360442e-04  1.371262e-04
-1.828371  9.035310e-04  1.584633e-04  1.570080e-04  3.822030e-04  1.360420e-04  1.371240e-04
-1.826070  9.036260e-04  1.584640e-04  1.570086e-04  3.822318e-04  1.360398e-04  1.371217e-04
-1.823769  9.037205e-04  1.584647e-04  1.570093e-04  3.822604e-04  1.360375e-04  1.371195e-04
-1.821468  9.038144e-04  1.584653e-04  1.570100e-04  3.822888e-04  1.360353e-04  1.371173e-04
-1.819167  9.039079e-04  1.584660e-04  1.570106e-04  3.823171e-04  1.360331e-04  1.371151e-04
-1.816866  9.040008e-04  1.584666e-04  1.570112e-04  3.823452e-04  1.360309e-04  1.371129e-04
-1.814565  9.040932e-04  1.584672e-04  1.570119e-04  3.823732e-04  1.360287e-04  1.371106e-04
-1.812264  9.041851e-04  1.584678e-04  1.570125e-04  3.824010e-04  1.360266e-04  1.371084e-04
-1.809963  9.042766e-04  1.584684e-04  1.570131e-04  3.824286e-04  1.360244e-04  1.371062e-04
-1.807662  9.043675e-04  1.584690e-04  1.570136e-04  3.824561e-04  1.360222e-04  1.371040e-04
-1.805360  9.044579e-04  1.584696e-04  1.570142e-04  3.824835e-04  1.360200e-04  1.371018e-04
-1.803059  9.045478e-04  1.584702e-04  1.570148e-04  3.825107e-04  1.360178e-04  1.370996e-04
-1.800758  9.046372e-04  1.584707e-04  1.570153e-04  3.825377e-04  1.360157e-04  1.370975e-04
-1.798457  9.047261e-04  1.584713e-04  1.570159e-04  3.825646e-04  1.360135e-04  1.370953e-04
-1.796156  9.048145e-04  1.584718e-04  1.570164e-04  3.825913e-04  1.360113e-04  1.370931e-04
-1.793855  9.049025e-04  1.584723e-04  1.570169e-04  3.826179e-04  1.360092e-04  1.370909e-04
-1.791554  9.049899e-04  1.584729e-04  1.570174e-04  3.826443e-04  1.360070e-04  1.370887e-04
-1.789253  9.050769e-04  1.584734e-04  1.570179e-04  3.826706e-04  1.360049e-04  1.370866e-04
-1.786952  9.051634e-04  1.584739e-04  1.570184e-04  3.826968e-04  1.360027e-04  1.370844e-04
-1.784651  9.052494e-04  1.584743e-04  1.570189e-04  3.827228e-04  1.360006e-04  1.370822e-04
-1.782350  9.053349e-04  1.584748e-04  1.570194e-04  3.827486e-04  1.359984e-04  1.370801e-04
-1.780049  9.054199e-04  1.584753e-04  1.570198e-04  3.827743e-04  1.359963e-04  1.370779e-04
-1.777748  9.055045e-04  1.584757e-04  1.570203e-04  3.827999e-04  1.359941e-04  1.370758e-04
-1.775447  9.055886e-04  1.584762e-04  1.570207e-04  3.828253e-04  1.359920e-04  1.370736e-04
-1.773146  9.056723e-04  1.584766e-04  1.570211e-04  3.828506e-04  1.359899e-04  1.370715e-04
-1.770845  9.057555e-04  1.584770e-04  1.570215e-04  3.828757e-04  1.359878e-04  1.370693e-04
-1.768544  9.058382e-04  1.584774e-04  1.570219e-04  3.829007e-04  1.359856e-04  1.370672e-04
-1.766243  9.059204e-04  1.584778e-04  1.570223e-04  3.829255e-04  1.359835e-04  1.370651e-04
-1.763942  9.060022e-04  1.584782e-04  1.570227e-04  3.829502e-04  1.359814e-04  1.370629e-04
-1.761641  9.060836e-04  1.584786e-04  1.570231e-04  3.829748e-04  1.359793e-04  1.370608e-04
-1.759340  9.061644e-04  1.584789e-04  1.570234e-04  3.829992e-04  1.359772e-04  1.370587e-04
-1.757039  9.062449e-04  1.584793e-04  1.570238e-04  3.830235e-04  1.359751e-04  1.370566e-04
-1.754738  9.063249e-04  1.584796e-04  1.570241e-04  3.830476e-04  1.359730e-04  1.370545e-04
-1.752437  9.064044e-04  1.584800e-04  1.570245e-04  3.830716e-04  1.359709e-04  1.370524e-04
-1.750136  9.064835e-04  1.584803e-04  1.570248e-04  3.830955e-04  1.359688e-04  1.370503e-04
-1.747835  9.065621e-04  1.584806e-04  1.570251e-04  3.831192e-04  1.359668e-04  1.370482e-04
-1.745534  9.066403e-04  1.584809e-04  1.570254e-04  3.831428e-04  1.359647e-04  1.370461e-04
-1.743233  9.067181e-04  1.584812e-04  1.570257e-04  3.831663e-04  1.359626e-04  1.370440e-04
-1.740932  9.067954e-04  1.584815e-04  1.570260e-04  3.831896e-04  1.359605e-04  1.370419e-04
-1.738631  9.068723e-04  1.584818e-04  1.570263e-04  3.832128e-04  1.359585e-04  1.370398e-04
-1.736330  9.069488e-04  1.584821e-04  1.570266e-04  3.832359e-04  1.359564e-04  1.370377e-04
-1.734029  9.070248e-04  1.584823e-04  1.570268e-04  3.832588e-04  1.359543e-04  1.370356e-04
-1.731728  9.071005e-04  1.584826e-04  1.570271e-04  3.832816e-04  1.359523e-04  1.370336e-04
-1.729427  9.071756e-04  1.584828e-04  1.570273e-04  3.833043e-04  1.359502e-04  1.370315e-04
-1.727125  9.072504e-04  1.584831e-04  1.570275e-04  3.833268e-04  1.359482e-04  1.370294e-04
-1.724824  9.073247e-04  1.584833e-04  1.570278e-04  3.833492e-04  1.359461e-04  1.370274e-04
-1.722523  9.073986e-04  1.584835e-04  1.570280e-04  3.833715e-04  1.359441e-04  1.370253e-04
-1.720222  9.074721e-04  1.584837e-04  1.570282e-04  3.833936e-04  1.359420e-04  1.370232e-04
-1.717921  9.075452e-04  1.584839e-04  1.570284e-04  3.834156e-04  1.359400e-04  1.370212e-04
-1.715620  9.076179e-04  1.584841e-04  1.570286e-04  3.834375e-04  1.359380e-04  1.370191e-04
-1.713319  9.076902e-04  1.584843e-04  1.570288e-04  3.834593e-04  1.359359e-04  1.370171e-04
-1.711018  9.077620e-04  1.584845e-04  1.570289e-04  3.834809e-04  1.359339e-04  1.370151e-04
-1.708717  9.078334e-04  1.584846e-04  1.570291e-04  3.835025e-04  1.359319e-04  1.370130e-04
-1.706416  9.079045e-04  1.584848e-04  1.570292e-04  3.835238e-04  1.359299e-04  1.370110e-04
-1.704115  9.079751e-04  1.584849e-04  1.570294e-04  3.835451e-04  1.359279e-04  1.370090e-04
-1.701814  9.080454e-04  1.584851e-04  1.570295e-04  3.835662e-04  1.359258e-04  1.370069e-04
-1.699513  9.081152e-04  1.584852e-04  1.570296e-04  3.835873e-04  1.359238e-04  1.370049e-04
-1.697212  9.081846e-04  1.584853e-04  1.570298e-04  3.836082e-04  1.359218e-04  1.370029e-04
-1.694911  9.082537e-04  1.584854e-04  1.570299e-04  3.836289e-04  1.359198e-04  1.370009e-04
-1.692610  9.083223e-04  1.584855e-04  1.570300e-04  3.836496e-04  1.359178e-04  1.369989e-04
-1.690309  9.083906e-04  1.584856e-04  1.570301e-04  3.836701e-04  1.359158e-04  1.369968e-04
-1.688008  9.084584e-04  1.584857e-04  1.570302e-04  3.836905e-04  1.359139e-04  1.369948e-04
-1.685707  9.085259e-04  1.584858e-04  1.570302e-04  3.837108e-04  1.359119e-04  1.369928e-04
-1.683406  9.085930e-04  1.584859e-04  1.570303e-04  3.837310e-04  1.359099e-04  1.369908e-04
-1.681105  9.086597e-04  1.584859e-04  1.570304e-04  3.837510e-04  1.359079e-04  1.369888e-04
-1.678804  9.087260e-04  1.584860e-04  1.570304e-04  3.837710e-04  1.359059e-04  1.369869e-04
-1.676503  9.087920e-04  1.584860e-04  1.570305e-04  3.837908e-04  1.359040e-04  1.369849e-04
-1.674202  9.088576e-04  1.584861e-04  1.570305e-04  3.838105e-04  1.359020e-04  1.369829e-04
-1.671901  9.089228e-04  1.584861e-04  1.570305e-04  3.838301e-04  1.359000e-04  1.369809e-04
-1.669600  9.089876e-04  1.584861e-04  1.570306e-04  3.838495e-04  1.358981e-04  1.369789e-04
-1.667299  9.090520e-04  1.584861e-04  1.570306e-04  3.838689e-04  1.358961e-04  1.369770e-04
-1.664998  9.091161e-04  1.584862e-04  1.570306e-04  3.838881e-04  1.358942e-04  1.369750e-04
-1.662697  9.091798e-04  1.584862e-04  1.570306e-04  3.839072e-04  1.358922e-04  1.369730e-04
-1.660396  9.092431e-04  1.584861e-04  1.570306e-04  3.839263e-04  1.358903e-04  1.369711e-04
-1.658095  9.093061e-04  1.584861e-04  1.570306e-04  3.839452e-04  1.358883e-04  1.369691e-04
-1.655794  9.093687e-04  1.584861e-04  1.570306e-04  3.839639e-04  1.358864e-04  1.369671e-04
-1.653493  9.094310e-04  1.584861e-04  1.570305e-04  3.839826e-04  1.358844e-04  1.369652e-04
-1.651191  9.094929e-04  1.584860e-04  1.570305e-04  3.840012e-04  1.358825e-04  1.369632e-04
-1.648890  9.095544e-04  1.584860e-04  1.570304e-04  3.840196e-04  1.358806e-04  1.369613e-04
-1.646589  9.096156e-04  1.584859e-04  1.570304e-04  3.840380e-04  1.358786e-04  1.369594e-04
-1.644288  9.096764e-04  1.584859e-04  1.570303e-04  3.840562e-04  1.358767e-04  1.369574e-04
-1.641987  9.097369e-04  1.584858e-04  1.570303e-04  3.840743e-04  1.358748e-04  1.369555e-04
-1.639686  9.097970e-04  1.584858e-04  1.570302e-04  3.840923e-04  1.358729e-04  1.369535e-04
-1.637385  9.098568e-04  1.584857e-04  1.570301e-04  3.841102e-04  1.358710e-04  1.369516e-04
-1.635084  9.099162e-04  1.584856e-04  1.570300e-04  3.841280e-04  1.358691e-04  1.369497e-04
-1.632783  9.099753e-04  1.584855e-04  1.570299e-04  3.841457e-04  1.358672e-04  1.369478e-04
-1.630482  9.100340e-04  1.584854e-04  1.570298e-04  3.841633e-04  1.358653e-04  1.369459e-04
-1.628181  9.100924e-04  1.584853e-04  1.570297e-04  3.841808e-04  1.358634e-04  1.369439e-04
-1.625880  9.101505e-04  1.584852e-04  1.570296e-04  3.841982e-04  1.358615e-04  1.369420e-04
-1.623579  9.102082e-04  1.584850e-04  1.570295e-04  3.842154e-04  1.358596e-04  1.369401e-04
-1.621278  9.102656e-04  1.584849e-04  1.570294e-04  3.842326e-04  1.358577e-04  1.369382e-04
-1.618977  9.103226e-04  1.584848e-04  1.570292e-04  3.842497e-04  1.358558e-04  1.369363e-04
-1.616676  9.103793e-04  1.584846e-04  1.570291e-04  3.842666e-04  1.358539e-04  1.369344e-04
-1.614375  9.104357e-04  1.584845e-04  1.570289e-04  3.842835e-04  1.358520e-04  1.369325e-04
-1.612074  9.104918e-04  1.584843e-04  1.570288e-04  3.843002e-04  1.358501e-04  1.369306e-04
-1.609773  9.105475e-04  1.584842e-04  1.570286e-04  3.843169e-04  1.358483e-04  1.369287e-04
-1.607472  9.106029e-04  1.584840e-04  1.570285e-04  3.843334e-04  1.358464e-04  1.369269e-04
-1.605171  9.106579e-04  1.584838e-04  1.570283e-04  3.843499e-04  1.358445e-04  1.369250e-04
-1.602870  9.107127e-04  1.584836e-04  1.570281e-04  3.843662e-04  1.358427e-04  1.369231e-04
-1.600569  9.107671e-04  1.584834e-04  1.570279e-04  3.843825e-04  1.358408e-04  1.369212e-04
-1.598268  9.108212e-04  1.584833e-04  1.570277e-04  3.843986e-04  1.358390e-04  1.369193e-04
-1.595967  9.108750e-04  1.584831e-04  1.570275e-04  3.844147e-04  1.358371e-04  1.369175e-04
-1.593666  9.109284e-04  1.584828e-04  1.570273e-04  3.844306e-04  1.358353e-04  1.369156e-04
-1.591365  9.109816e-04  1.584826e-04  1.570271e-04  3.844465e-04  1.358334e-04  1.369138e-04
-1.589064  9.110344e-04  1.584824e-04  1.570269e-04  3.844622e-04  1.358316e-04  1.369119e-04
-1.586763  9.110870e-04  1.584822e-04  1.570267e-04  3.844779e-04  1.358297e-04  1.369100e-04
-1.584462  9.111392e-04  1.584819e-04  1.570264e-04  3.844935e-04  1.358279e-04  1.369082e-04
-1.582161  9.111911e-04  1.584817e-04  1.570262e-04  3.845089e-04  1.358260e-04  1.369063e-04
-1.579860  9.112427e-04  1.584815e-04  1.570260e-04  3.845243e-04  1.358242e-04  1.369045e-04
-1.577559  9.112940e-04  1.584812e-04  1.570257e-04  3.845396e-04  1.358224e-04  1.369026e-04
-1.575257  9.113450e-04  1.584810e-04  1.570255e-04  3.845547e-04  1.358206e-04  1.369008e-04
-1.572956  9.113956e-04  1.584807e-04  1.570252e-04  3.845698e-04  1.358187e-04  1.368990e-04
-1.570655  9.114460e-04  1.584804e-04  1.570249e-04  3.845848e-04  1.358169e-04  1.368971e-04
-1.568354  9.114961e-04  1.584801e-04  1.570247e-04  3.845997e-04  1.358151e-04  1.368953e-04
-1.566053  9.115459e-04  1.584799e-04  1.570244e-04  3.846145e-04  1.358133e-04  1.368935e-04
-1.563752  9.115954e-04  1.584796e-04  1.570241e-04  3.846292e-04  1.358115e-04  1.368916e-04
-1.561451  9.116446e-04  1.584793e-04  1.570238e-04  3.846439e-04  1.358097e-04  1.368898e-04
-1.559150  9.116935e-04  1.584790e-04  1.570235e-04  3.846584e-04  1.358079e-04  1.368880e-04
-1.556849  9.117421e-04  1.584787e-04  1.570232e-04  3.846728e-04  1.358061e-04  1.368862e-04
-1.554548  9.117904e-04  1.584784e-04  1.570229e-04  3.846872e-04  1.358043e-04  1.368844e-04
-1.552247  9.118384e-04  1.584781e-04  1.570226e-04  3.847015e-04  1.358025e-04  1.368826e-04
-1.549946  9.118861e-04  1.584777e-04  1.570223e-04  3.847156e-04  1.358007e-04  1.368808e-04
-1.547645  9.119336e-04  1.584774e-04  1.570219e-04  3.847297e-04  1.357989e-04  1.368790e-04
-1.545344  9.119807e-04  1.584771e-04  1.570216e-04  3.847437e-04  1.357971e-04  1.368772e-04
-1.543043  9.120276e-04  1.584767e-04  1.570213e-04  3.847576e-04  1.357953e-04  1.368754e-04
-1.540742  9.120742e-04  1.584764e-04  1.570209e-04  3.847714e-04  1.357935e-04  1.368736e-04
-1.538441  9.121205e-04  1.584760e-04  1.570206e-04  3.847852e-04  1.357918e-04  1.368718e-04
-1.536140  9.121666e-04  1.584757e-04  1.570202e-04  3.847988e-04  1.357900e-04  1.368700e-04
-1.533839  9.122123e-04  1.584753e-04  1.570199e-04  3.848124e-04  1.357882e-04  1.368682e-04
-1.531538  9.122578e-04  1.584750e-04  1.570195e-04  3.848258e-04  1.357864e-04  1.368664e-04
-1.529237  9.123030e-04  1.584746e-04  1.570191e-04  3.848392e-04  1.357847e-04  1.368646e-04
-1.526936  9.123480e-04  1.584742e-04  1.570188e-04  3.848525e-04  1.357829e-04  1.368629e-04
-1.524635  9.123926e-04  1.584738e-04  1.570184e-04  3.848657e-04  1.357812e-04  1.368611e-04
-1.522334  9.124370e-04  1.584734e-04  1.570180e-04  3.848789e-04  1.357794e-04  1.368593e-04
-1.520033  9.124811e-04  1.584730e-04  1.570176e-04  3.848919e-04  1.357777e-04  1.368576e-04
-1.517732  9.125250e-04  1.584726e-04  1.570172e-04  3.849049e-04  1.357759e-04  1.368558e-04
-1.515431  9.125686e-04  1.584722e-04  1.570168e-04  3.849177e-04  1.357742e-04  1.368540e-04
-1.513130  9.126119e-04  1.584718e-04  1.570164e-04  3.849305e-04  1.357724e-04  1.368523e-04
-1.510829  9.126550e-04  1.584714e-04  1.570160e-04  3.849433e-04  1.357707e-04  1.368505e-04
-1.508528  9.126977e-04  1.584710e-04  1.570156e-04  3.849559e-04  1.357689e-04  1.368488e-04
-1.506227  9.127403e-04  1.584706e-04  1.570152e-04  3.849684e-04  1.357672e-04  1.368470e-04
-1.503926  9.127826e-04  1.584702e-04  1.570147e-04  3.849809e-04  1.357655e-04  1.368453e-04
-1.501625  9.128246e-04  1.584697e-04  1.570143e-04  3.849933e-04  1.357637e-04  1.368435e-04
-1.499324  9.128663e-04  1.584693e-04  1.570139e-04  3.850056e-04  1.357620e-04  1.368418e-04
-1.497022  9.129078e-04  1.584688e-04  1.570134e-04  3.850178e-04  1.357603e-04  1.368400e-04
-1.494721  9.129491e-04  1.584684e-04  1.570130e-04  3.850300e-04  1.357585e-04  1.368383e-04
-1.492420  9.129901e-04  1.584679e-04  1.570125e-04  3.850421e-04  1.357568e-04  1.368366e-04
-1.490119  9.130308e-04  1.584675e-04  1.570121e-04  3.850541e-04  1.357551e-04  1.368348e-04
-1.487818  9.130713e-04  1.584670e-04  1.570116e-04  3.850660e-04  1.357534e-04  1.368331e-04
-1.485517  9.131115e-04  1.584665e-04  1.570112e-04  3.850778e-04  1.357517e-04  1.368314e-04
-1.483216  9.131515e-04  1.584661e-04  1.570107e-04  3.850896e-04  1.357500e-04  1.368296e-04
-1.480915  9.131912e-04  1.584656e-04  1.570102e-04  3.851012e-04  1.357483e-04  1.368279e-04
-1.478614  9.132307e-04  1.584651e-04  1.570098e-04  3.851129e-04  1.357466e-04  1.368262e-04
-1.476313  9.132700e-04  1.584646e-04  1.570093e-04  3.851244e-04  1.357449e-04  1.368245e-04
-1.474012  9.133090e-04  1.584641e-04  1.570088e-04  3.851358e-04  1.357432e-04  1.368228e-04
-1.471711  9.133478e-04  1.584636e-04  1.570083e-04  3.851472e-04  1.357415e-04  1.368211e-04
-1.469410  9.133863e-04  1.584631e-04  1.570078e-04  3.851585e-04  1.357398e-04  1.368194e-04
-1.467109  9.134246e-04  1.584626e-04  1.570073e-04  3.851697e-04  1.357381e-04  1.368177e-04
-1.464808  9.134626e-04  1.584621e-04  1.570068e-04  3.851809e-04  1.357364e-04  1.368160e-04
-1.462507  9.135004e-04  1.584616e-04  1.570063e-04  3.851920e-04  1.357347e-04  1.368143e-04
-1.460206  9.135380e-04  1.584611e-04  1.570058e-04  3.852030e-04  1.357330e-04  1.368126e-04
-1.457905  9.135753e-04  1.584606e-04  1.570052e-04  3.852139e-04  1.357313e-04  1.368109e-04
-1.455604  9.136124e-04  1.584600e-04  1.570047e-04  3.852248e-04  1.357297e-04  1.368092e-04
-1.453303  9.136493e-04  1.584595e-04  1.570042e-04  3.852356e-04  1.357280e-04  1.368075e-04
-1.451002  9.136859e-04  1.584590e-04  1.570037e-04  3.852463e-04  1.357263e-04  1.368058e-04
-1.448701  9.137223e-04  1.584584e-04  1.570031e-04  3.852569e-04  1.357246e-04  1.368041e-04
-1.446400  9.137585e-04  1.584579e-04  1.570026e-04  3.852675e-04  1.357230e-04  1.368024e-04
-1.444099  9.137945e-04  1.584573e-04  1.570020e-04  3.852780e-04  1.357213e-04  1.368008e-04
-1.441798  9.138302e-04  1.584568e-04  1.570015e-04  3.852884e-04  1.357196e-04  1.367991e-04
-1.439497  9.138657e-04  1.584562e-04  1.570009e-04  3.852988e-04  1.357180e-04  1.367974e-04
-1.437196  9.139010e-04  1.584557e-04  1.570004e-04  3.853091e-04  1.357163e-04  1.367957e-04
-1.434895  9.139360e-04  1.584551e-04  1.569998e-04  3.853193e-04  1.357147e-04  1.367941e-04
-1.432594  9.139709e-04  1.584545e-04  1.569993e-04  3.853294e-04  1.357130e-04  1.367924e-04
-1.430293  9.140055e-04  1.584539e-04  1.569987e-04  3.853395e-04  1.357114e-04  1.367907e-04
-1.427992  9.140399e-04  1.584534e-04  1.569981e-04  3.853495e-04  1.357097e-04  1.367891e-04
-1.425691  9.140740e-04  1.584528e-04  1.569975e-04  3.853595e-04  1.357081e-04  1.367874e-04
-1.423390  9.141080e-04  1.584522e-04  1.569970e-04  3.853693e-04  1.357064e-04  1.367858e-04
-1.421088  9.141417e-04  1.584516e-04  1.569964e-04  3.853791e-04  1.357048e-04  1.367841e-04
-1.418787  9.141752e-04  1.584510e-04  1.569958e-04  3.853889e-04  1.357032e-04  1.367825e-04
-1.416486  9.142085e-04  1.584504e-04  1.569952e-04  3.853986e-04  1.357015e-04  1.367808e-04
-1.414185  9.142416e-04  1.584498e-04  1.569946e-04  3.854082e-04  1.356999e-04  1.367792e-04
-1.411884  9.142745e-04  1.584492e-04  1.569940e-04  3.854177e-04  1.356983e-04  1.367775e-04
-1.409583  9.143072e-04  1.584486e-04  1.569934e-04  3.854272e-04  1.356966e-04  1.367759e-04
-1.407282  9.143396e-04  1.584480e-04  1.569928e-04  3.854366e-04  1.356950e-04  1.367742e-04
-1.404981  9.143719e-04  1.584474e-04  1.569922e-04  3.854459e-04  1.356934e-04  1.367726e-04
-1.402680  9.144039e-04  1.584467e-04  1.569915e-04  3.854552e-04  1.356918e-04  1.367710e-04
-1.400379  9.144358e-04  1.584461e-04  1.569909e-04  3.854644e-04  1.356901e-04  1.367693e-04
-1.398078  9.144674e-04  1.584455e-04  1.569903e-04  3.854736e-04  1.356885e-04  1.367677e-04
-1.395777  9.144988e-04  1.584448e-04  1.569897e-04  3.854827e-04  1.356869e-04  1.367661e-04
-1.393476  9.145301e-04  1.584442e-04  1.569890e-04  3.854917e-04  1.356853e-04  1.367645e-04
-1.391175  9.145611e-04  1.584436e-04  1.569884e-04  3.855006e-04  1.356837e-04  1.367628e-04
-1.388874  9.145919e-04  1.584429e-04  1.569878e-04  3.855095e-04  1.356821e-04  1.367612e-04
-1.386573  9.146225e-04  1.584423e-04  1.569871e-04  3.855184e-04  1.356805e-04  1.367596e-04
-1.384272  9.146529e-04  1.584416e-04  1.569865e-04  3.855271e-04  1.356789e-04  1.367580e-04
-1.381971  9.146832e-04  1.584410e-04  1.569858e-04  3.855359e-04  1.356773e-04  1.367564e-04
-1.379670  9.147132e-04  1.584403e-04  1.569852e-04  3.855445e-04  1.356757e-04  1.367548e-04
-1.377369  9.147430e-04  1.584396e-04  1.569845e-04  3.855531e-04  1.356741e-04  1.367532e-04
-1.375068  9.147726e-04  1.584390e-04  1.569838e-04  3.855616e-04  1.356725e-04  1.367516e-04
-1.372767  9.148021e-04  1.584383e-04  1.569832e-04  3.855701e-04  1.356709e-04  1.367499e-04
-1.370466  9.148313e-04  1.584376e-04  1.569825e-04  3.855785e-04  1.356693e-04  1.367483e-04
-1.368165  9.148604e-04  1.584369e-04  1.569818e-04  3.855868e-04  1.356677e-04  1.367467e-04
-1.365864  9.148892e-04  1.584363e-04  1.569812e-04  3.855951e-04  1.356661e-04  1.367452e-04
-1.363563  9.149179e-04  1.584356e-04  1.569805e-04  3.856033e-04  1.356646e-04  1.367436e-04
-1.361262  9.149464e-04  1.584349e-04  1.569798e-04  3.856115e-04  1.356630e-04  1.367420e-04
-1.358961  9.149747e-04  1.584342e-04  1.569791e-04  3.856196e-04  1.356614e-04  1.367404e-04
-1.356660  9.150028e-04  1.584335e-04  1.569784e-04  3.856277e-04  1.356598e-04  1.367388e-04
-1.354359  9.150307e-04  1.584328e-04  1.569777e-04  3.856356e-04  1.356582e-04  1.367372e-04
-1.352058  9.150584e-04  1.584321e-04  1.569770e-04  3.856436e-04  1.356567e-04  1.367356e-04
-1.349757  9.150860e-04  1.584314e-04  1.569763e-04  3.856514e-04  1.356551e-04  1.367340e-04
-1.347456  9.151133e-04  1.584307e-04  1.569756e-04  3.856593e-04  1.356535e-04  1.367325e-04
-1.345154  9.151405e-04  1.584300e-04  1.569749e-04  3.856670e-04  1.356520e-04  1.367309e-04
-1.342853  9.151675e-04  1.584292e-04  1.569742e-04  3.856747e-04  1.356504e-04  1.367293e-04
-1.340552  9.151943e-04  1.584285e-04  1.569735e-04  3.856824e-04  1.356488e-04  1.367277e-04
-1.338251  9.152210e-04  1.584278e-04  1.569728e-04  3.856899e-04  1.356473e-04  1.367262e-04
-1.335950  9.152474e-04  1.584271e-04  1.569721e-04  3.856975e-04  1.356457e-04  1.367246e-04
-1.333649  9.152737e-04  1.584263e-04  1.569713e-04  3.857050e-04  1.356442e-04  1.367230e-04
-1.331348  9.152998e-04  1.584256e-04  1.569706e-04  3.857124e-04  1.356426e-04  1.367215e-04
-1.329047  9.153258e-04  1.584249e-04  1.569699e-04  3.857197e-04  1.356411e-04  1.367199e-04
-1.326746  9.153515e-04  1.584241e-04  1.569692e-04  3.857271e-04  1.356395e-04  1.367183e-04
-1.324445  9.153771e-04  1.584234e-04  1.569684e-04  3.857343e-04  1.356380e-04  1.367168e-04
-1.322144  9.154025e-04  1.584227e-04  1.569677e-04  3.857415e-04  1.356364e-04  1.367152e-04
-1.319843  9.154277e-04  1.584219e-04  1.569669e-04  3.857487e-04  1.356349e-04  1.367137e-04
-1.317542  9.154528e-04  1.584212e-04  1.569662e-04  3.857558e-04  1.356334e-04  1.367121e-04
-1.315241  9.154777e-04  1.584204e-04  1.569654e-04  3.857628e-04  1.356318e-04  1.367106e-04
-1.312940  9.155024e-04  1.584196e-04  1.569647e-04  3.857698e-04  1.356303e-04  1.367090e-04
-1.310639  9.155270e-04  1.584189e-04  1.569639e-04  3.857767e-04  1.356287e-04  1.367075e-04
-1.308338  9.155513e-04  1.584181e-04  1.569632e-04  3.857836e-04  1.356272e-04  1.367059e-04
-1.306037  9.155756e-04  1.584173e-04  1.569624e-04  3.857904e-04  1.356257e-04  1.367044e-04
-1.303736  9.155996e-04  1.584166e-04  1.569617e-04  3.857972e-04  1.356242e-04  1.367028e-04
-1.301435  9.156235e-04  1.584158e-04  1.569609e-04  3.858039e-04  1.356226e-04  1.367013e-04
-1.299134  9.156472e-04  1.584150e-04  1.569601e-04  3.858106e-04  1.356211e-04  1.366998e-04
-1.296833  9.156708e-04  1.584142e-04  1.569594e-04  3.858172e-04  1.356196e-04  1.366982e-04
-1.294532  9.156942e-04  1.584135e-04  1.569586e-04  3.858238e-04  1.356181e-04  1.366967e-04
-1.292231  9.157174e-04  1.584127e-04  1.569578e-04  3.858303e-04  1.356165e-04  1.366952e-04
-1.289930  9.157405e-04  1.584119e-04  1.569570e-04  3.858368e-04  1.356150e-04  1.366936e-04
-1.287629  9.157634e-04  1.584111e-04  1.569562e-04  3.858432e-04  1.356135e-04  1.366921e-04
-1.285328  9.157861e-04  1.584103e-04  1.569555e-04  3.858496e-04  1.356120e-04  1.366906e-04
-1.283027  9.158087e-04  1.584095e-04  1.569547e-04  3.858559e-04  1.356105e-04  1.366891e-04
-1.280726  9.158311e-04  1.584087e-04  1.569539e-04  3.858622e-04  1.356090e-04  1.366875e-04
-1.278425  9.158534e-04  1.584079e-04  1.569531e-04  3.858684e-04  1.356075e-04  1.366860e-04
-1.276124  9.158755e-04  1.584071e-04  1.569523e-04  3.858746e-04  1.356060e-04  1.366845e-04
-1.273823  9.158975e-04  1.584063e-04  1.569515e-04  3.858807e-04  1.356045e-04  1.366830e-04
-1.271522  9.159193e-04  1.584055e-04  1.569507e-04  3.858867e-04  1.356030e-04  1.366815e-04
-1.269221  9.159410e-04  1.584047e-04  1.569499e-04  3.858928e-04  1.356015e-04  1.366800e-04
-1.266919  9.159625e-04  1.584039e-04  1.569491e-04  3.858988e-04  1.356000e-04  1.366785e-04
-1.264618  9.159838e-04  1.584030e-04  1.569483e-04  3.859047e-04  1.355985e-04  1.366769e-04
-1.262317  9.160050e-04  1.584022e-04  1.569474e-04  3.859106e-04  1.355970e-04  1.366754e-04
-1.260016  9.160260e-04  1.584014e-04  1.569466e-04  3.859164e-04  1.355955e-04  1.366739e-04
-1.257715  9.160469e-04  1.584006e-04  1.569458e-04  3.859222e-04  1.355940e-04  1.366724e-04
-1.255414  9.160677e-04  1.583997e-04  1.569450e-04  3.859279e-04  1.355925e-04  1.366709e-04
-1.253113  9.160883e-04  1.583989e-04  1.569442e-04  3.859336e-04  1.355910e-04  1.366694e-04
-1.250812  9.161087e-04  1.583981e-04  1.569433e-04  3.859393e-04  1.355895e-04  1.366679e-04
-1.248511  9.161290e-04  1.583972e-04  1.569425e-04  3.859449e-04  1.355880e-04  1.366664e-04
-1.246210  9.161492e-04  1.583964e-04  1.569417e-04  3.859504e-04  1.355866e-04  1.366649e-04
-1.243909  9.161692e-04  1.583955e-04  1.569408e-04  3.859559e-04  1.355851e-04  1.366635e-04
-1.241608  9.161891e-04  1.583947e-04  1.569400e-04  3.859614e-04  1.355836e-04  1.366620e-04
-1.239307  9.162088e-04  1.583939e-04  1.569391e-04  3.859668e-04  1.355821e-04  1.366605e-04
-1.237006  9.162284e-04  1.583930e-04  1.569383e-04  3.859722e-04  1.355807e-04  1.366590e-04
-1.234705  9.162478e-04  1.583921e-04  1.569375e-04  3.859775e-04  1.355792e-04  1.366575e-04
-1.232404  9.162671e-04  1.583913e-04  1.569366e-04  3.859828e-04  1.355777e-04  1.366560e-04
-1.230103  9.162863e-04  1.583904e-04  1.569358e-04  3.859881e-04  1.355762e-04  1.366545e-04
-1.227802  9.163053e-04  1.583896e-04  1.569349e-04  3.859932e-04  1.355748e-04  1.366531e-04
-1.225501  9.163241e-04  1.583887e-04  1.569341e-04  3.859984e-04  1.355733e-04  1.366516e-04
-1.223200  9.163429e-04  1.583878e-04  1.569332e-04  3.860035e-04  1.355718e-04  1.366501e-04
-1.220899  9.163615e-04  1.583870e-04  1.569323e-04  3.860086e-04  1.355704e-04  1.366486e-04
-1.218598  9.163799e-04  1.583861e-04  1.569315e-04  3.860136e-04  1.355689e-04  1.366472e-04
-1.216297  9.163983e-04  1.583852e-04  1.569306e-04  3.860186e-04  1.355675e-04  1.366457e-04
-1.213996  9.164164e-04  1.583844e-04  1.569297e-04  3.860235e-04  1.355660e-04  1.366442e-04
-1.211695  9.164345e-04  1.583835e-04  1.569289e-04  3.860284e-04  1.355645e-04  1.366428e-04
-1.209394  9.164524e-04  1.583826e-04  1.569280e-04  3.860333e-04  1.355631e-04  1.366413e-04
-1.207093  9.164702e-04  1.583817e-04  1.569271e-04  3.860381e-04  1.355616e-04  1.366398e-04
-1.204792  9.164878e-04  1.583808e-04  1.569262e-04  3.860428e-04  1.355602e-04  1.366384e-04
-1.202491  9.165054e-04  1.583799e-04  1.569254e-04  3.860476e-04  1.355587e-04  1.366369e-04
-1.200190  9.165228e-04  1.583791e-04  1.569245e-04  3.860523e-04  1.355573e-04  1.366354e-04
-1.197889  9.165400e-04  1.583782e-04  1.569236e-04  3.860569e-04  1.355558e-04  1.366340e-04
-1.195588  9.165571e-04  1.583773e-04  1.569227e-04  3.860615e-04  1.355544e-04  1.366325e-04
-1.193287  9.165741e-04  1.583764e-04  1.569218e-04  3.860661e-04  1.355530e-04  1.366311e-04
-1.190985  9.165910e-04  1.583755e-04  1.569209e-04  3.860706e-04  1.355515e-04  1.366296e-04
-1.188684  9.166077e-04  1.583746e-04  1.569200e-04  3.860751e-04  1.355501e-04  1.366282e-04
-1.186383  9.166243e-04  1.583737e-04  1.569192e-04  3.860795e-04  1.355486e-04  1.366267e-04
-1.184082  9.166408e-04  1.583728e-04  1.569183e-04  3.860839e-04  1.355472e-04  1.366253e-04
-1.181781  9.166572e-04  1.583719e-04  1.569174e-04  3.860883e-04  1.355458e-04  1.366238e-04
-1.179480  9.166734e-04  1.583709e-04  1.569165e-04  3.860926e-04  1.355443e-04  1.366224e-04
-1.177179  9.166895e-04  1.583700e-04  1.569155e-04  3.860969e-04  1.355429e-04  1.366209e-04
-1.174878  9.167055e-04  1.583691e-04  1.569146e-04  3.861011e-04  1.355415e-04  1.366195e-04
-1.172577  9.167213e-04  1.583682e-04  1.569137e-04  3.861053e-04  1.355400e-04  1.366181e-04
-1.170276  9.167371e-04  1.583673e-04  1.569128e-04  3.861095e-04  1.355386e-04  1.366166e-04
-1.167975  9.167527e-04  1.583664e-04  1.569119e-04  3.861136e-04  1.355372e-04  1.366152e-04
-1.165674  9.167682e-04  1.583654e-04  1.569110e-04  3.861177e-04  1.355358e-04  1.366137e-04
-1.163373  9.167835e-04  1.583645e-04  1.569101e-04  3.861218e-04  1.355343e-04  1.366123e-04
-1.161072  9.167988e-04  1.583636e-04  1.569092e-04  3.861258e-04  1.355329e-04  1.366109e-04
-1.158771  9.168139e-04  1.583627e-04  1.569082e-04  3.861298e-04  1.355315e-04  1.366094e-04
-1.156470  9.168289e-04  1.583617e-04  1.569073e-04  3.861337e-04  1.355301e-04  1.366080e-04
-1.154169  9.168438e-04  1.583608e-04  1.569064e-04  3.861376e-04  1.355287e-04  1.366066e-04
-1.151868  9.168586e-04  1.583599e-04  1.569055e-04  3.861415e-04  1.355272e-04  1.366052e-04
-1.149567  9.168732e-04  1.583589e-04  1.569045e-04  3.861453e-04  1.355258e-04  1.366037e-04
-1.147266  9.168878e-04  1.583580e-04  1.569036e-04  3.861491e-04  1.355244e-04  1.366023e-04
-1.144965  9.169022e-04  1.583570e-04  1.569027e-04  3.861528e-04  1.355230e-04  1.366009e-04
-1.142664  9.169165e-04  1.583561e-04  1.569017e-04  3.861565e-04  1.355216e-04  1.365995e-04
-1.140363  9.169307e-04  1.583551e-04  1.569008e-04  3.861602e-04  1.355202e-04  1.365980e-04
-1.138062  9.169447e-04  1.583542e-04  1.568999e-04  3.861639e-04  1.355188e-04  1.365966e-04
-1.135761  9.169587e-04  1.583532e-04  1.568989e-04  3.861675e-04  1.355174e-04  1.365952e-04
-1.133460  9.169726e-04  1.583523e-04  1.568980e-04  3.861711e-04  1.355160e-04  1.365938e-04
-1.131159  9.169863e-04  1.583513e-04  1.568970e-04  3.861746e-04  1.355146e-04  1.365924e-04
-1.128858  9.169999e-04  1.583504e-04  1.568961e-04  3.861781e-04  1.355132e-04  1.365910e-04
-1.126557  9.170134e-04  1.583494e-04  1.568951e-04  3.861816e-04  1.355118e-04  1.365896e-04
-1.124256  9.170268e-04  1.583485e-04  1.568942e-04  3.861850e-04  1.355104e-04  1.365881e-04
-1.121955  9.170401e-04  1.583475e-04  1.568932e-04  3.861884e-04  1.355090e-04  1.365867e-04
-1.119654  9.170533e-04  1.583465e-04  1.568923e-04  3.861918e-04  1.355076e-04  1.365853e-04
-1.117353  9.170664e-04  1.583456e-04  1.568913e-04  3.861951e-04  1.355062e-04  1.365839e-04
-1.115051  9.170793e-04  1.583446e-04  1.568904e-04  3.861984e-04  1.355048e-04  1.365825e-04
-1.112750  9.170922e-04  1.583436e-04  1.568894e-04  3.862016e-04  1.355034e-04  1.365811e-04
-1.110449  9.171049e-04  1.583427e-04  1.568884e-04  3.862049e-04  1.355020e-04  1.365797e-04
-1.108148  9.171176e-04  1.583417e-04  1.568875e-04  3.862081e-04  1.355006e-04  1.365783e-04
-1.105847  9.171301e-04  1.583407e-04  1.568865e-04  3.862112e-04  1.354992e-04  1.365769e-04
-1.103546  9.171425e-04  1.583397e-04  1.568855e-04  3.862144e-04  1.354978e-04  1.365755e-04
-1.101245  9.171548e-04  1.583388e-04  1.568846e-04  3.862174e-04  1.354965e-04  1.365741e-04
-1.098944  9.171670e-04  1.583378e-04  1.568836e-04  3.862205e-04  1.354951e-04  1.365727e-04
-1.096643  9.171792e-04  1.583368e-04  1.568826e-04  3.862235e-04  1.354937e-04  1.365713e-04
-1.094342  9.171912e-04  1.583358e-04  1.568816e-04  3.862265e-04  1.354923e-04  1.365699e-04
-1.092041  9.172031e-04  1.583348e-04  1.568807e-04  3.862295e-04  1.354909e-04  1.365685e-04
-1.089740  9.172149e-04  1.583338e-04  1.568797e-04  3.862324e-04  1.354896e-04  1.365672e-04
-1.087439  9.172266e-04  1.583328e-04  1.568787e-04  3.862353e-04  1.354882e-04  1.365658e-04
-1.085138  9.172382e-04  1.583319e-04  1.568777e-04  3.862382e-04  1.354868e-04  1.365644e-04
-1.082837  9.172497e-04  1.583309e-04  1.568767e-04  3.862410e-04  1.354854e-04  1.365630e-04
-1.080536  9.172611e-04  1.583299e-04  1.568758e-04  3.862438e-04  1.354841e-04  1.365616e-04
-1.078235  9.172724e-04  1.583289e-04  1.568748e-04  3.862466e-04  1.354827e-04  1.365602e-04
-1.075934  9.172836e-04  1.583279e-04  1.568738e-04  3.862493e-04  1.354813e-04  1.365588e-04
-1.073633  9.172947e-04  1.583269e-04  1.568728e-04  3.862520e-04  1.354799e-04  1.365575e-04
-1.071332  9.173057e-04  1.583259e-04  1.568718e-04  3.862547e-04  1.354786e-04  1.365561e-04
-1.069031  9.173166e-04  1.583249e-04  1.568708e-04  3.862574e-04  1.354772e-04  1.365547e-04
-1.066730  9.173274e-04  1.583239e-04  1.568698e-04  3.862600e-04  1.354758e-04  1.365533e-04
-1.064429  9.173381e-04  1.583229e-04  1.568688e-04  3.862626e-04  1.354745e-04  1.365520e-04
-1.062128  9.173487e-04  1.583219e-04  1.568678e-04  3.862651e-04  1.354731e-04  1.365506e-04
-1.059827  9.173592e-04  1.583208e-04  1.568668e-04  3.862676e-04  1.354717e-04  1.365492e-04
-1.057526  9.173696e-04  1.583198e-04  1.568658e-04  3.862701e-04  1.354704e-04  1.365478e-04
-1.055225  9.173799e-04  1.583188e-04  1.568648e-04  3.862726e-04  1.354690e-04  1.365465e-04
-1.052924  9.173902e-04  1.583178e-04  1.568638e-04  3.862750e-04  1.354677e-04  1.365451e-04
-1.050623  9.174003e-04  1.583168e-04  1.568628e-04  3.862774e-04  1.354663e-04  1.365437e-04
-1.048322  9.174103e-04  1.583158e-04  1.568618e-04  3.862798e-04  1.354650e-04  1.365424e-04
-1.046021  9.174203e-04  1.583147e-04  1.568608e-04  3.862822e-04  1.354636e-04  1.365410e-04
-1.043720  9.174302e-04  1.583137e-04  1.568598e-04  3.862845e-04  1.354622e-04  1.365396e-04
-1.041419  9.174399e-04  1.583127e-04  1.568587e-04  3.862868e-04  1.354609e-04  1.365383e-04
-1.039118  9.174496e-04  1.583117e-04  1.568577e-04  3.862890e-04  1.354595e-04  1.365369e-04
-1.036816  9.174592e-04  1.583107e-04  1.568567e-04  3.862913e-04  1.354582e-04  1.365355e-04
-1.034515  9.174687e-04  1.583096e-04  1.568557e-04  3.862935e-04  1.354568e-04  1.365342e-04
-1.032214  9.174781e-04  1.583086e-04  1.568547e-04  3.862957e-04  1.354555e-04  1.365328e-04
-1.029913  9.174874e-04  1.583076e-04  1.568537e-04  3.862978e-04  1.354541e-04  1.365315e-04
-1.027612  9.174966e-04  1.583065e-04  1.568526e-04  3.862999e-04  1.354528e-04  1.365301e-04
-1.025311  9.175057e-04  1.583055e-04  1.568516e-04  3.863020e-04  1.354515e-04  1.365288e-04
-1.023010  9.175148e-04  1.583045e-04  1.568506e-04  3.863041e-04  1.354501e-04  1.365274e-04
-1.020709  9.175238e-04  1.583034e-04  1.568496e-04  3.863061e-04  1.354488e-04  1.365260e-04
-1.018408  9.175326e-04  1.583024e-04  1.568485e-04  3.863081e-04  1.354474e-04  1.365247e-04
-1.016107  9.175414e-04  1.583013e-04  1.568475e-04  3.863101e-04  1.354461e-04  1.365233e-04
-1.013806  9.175501e-04  1.583003e-04  1.568465e-04  3.863120e-04  1.354447e-04  1.365220e-04
-1.011505  9.175587e-04  1.582993e-04  1.568454e-04  3.863140e-04  1.354434e-04  1.365206e-04
-1.009204  9.175672e-04  1.582982e-04  1.568444e-04  3.863159e-04  1.354421e-04  1.365193e-04
-1.006903  9.175757e-04  1.582972e-04  1.568434e-04  3.863177e-04  1.354407e-04  1.365180e-04
-1.004602  9.175841e-04  1.582961e-04  1.568423e-04  3.863196e-04  1.354394e-04  1.365166e-04
-1.002301  9.175923e-04  1.582951e-04  1.568413e-04  3.863214e-04  1.354381e-04  1.365153e-04
-1.000000  9.176005e-04  1.582940e-04  1.568402e-04  3.863232e-04  1.354367e-04  1.365139e-04
