# Neutrino-40Ar neutral current cross section (10^-38 cm^2/GeV) #
# log(energy in GeV)  nu_e      nu_mu      nu_tau      nu_e_bar      nu_mu_bar    nu_tau_bar #

-3.301030  0.000000e+00  0.000000e+00  0.000000e+00  0.000000e+00  0.000000e+00  0.000000e+00
-3.298428  0.000000e+00  0.000000e+00  0.000000e+00  0.000000e+00  0.000000e+00  0.000000e+00
-3.295826  0.000000e+00  0.000000e+00  0.000000e+00  0.000000e+00  0.000000e+00  0.000000e+00
-3.293224  0.000000e+00  0.000000e+00  0.000000e+00  0.000000e+00  0.000000e+00  0.000000e+00
-3.290622  0.000000e+00  0.000000e+00  0.000000e+00  0.000000e+00  0.000000e+00  0.000000e+00
-3.288020  0.000000e+00  0.000000e+00  0.000000e+00  0.000000e+00  0.000000e+00  0.000000e+00
-3.285418  0.000000e+00  0.000000e+00  0.000000e+00  0.000000e+00  0.000000e+00  0.000000e+00
-3.282816  0.000000e+00  0.000000e+00  0.000000e+00  0.000000e+00  0.000000e+00  0.000000e+00
-3.280214  0.000000e+00  0.000000e+00  0.000000e+00  0.000000e+00  0.000000e+00  0.000000e+00
-3.277611  0.000000e+00  0.000000e+00  0.000000e+00  0.000000e+00  0.000000e+00  0.000000e+00
-3.275009  0.000000e+00  0.000000e+00  0.000000e+00  0.000000e+00  0.000000e+00  0.000000e+00
-3.272407  0.000000e+00  0.000000e+00  0.000000e+00  0.000000e+00  0.000000e+00  0.000000e+00
-3.269805  0.000000e+00  0.000000e+00  0.000000e+00  0.000000e+00  0.000000e+00  0.000000e+00
-3.267203  0.000000e+00  0.000000e+00  0.000000e+00  0.000000e+00  0.000000e+00  0.000000e+00
-3.264601  0.000000e+00  0.000000e+00  0.000000e+00  0.000000e+00  0.000000e+00  0.000000e+00
-3.261999  0.000000e+00  0.000000e+00  0.000000e+00  0.000000e+00  0.000000e+00  0.000000e+00
-3.259397  0.000000e+00  0.000000e+00  0.000000e+00  0.000000e+00  0.000000e+00  0.000000e+00
-3.256795  0.000000e+00  0.000000e+00  0.000000e+00  0.000000e+00  0.000000e+00  0.000000e+00
-3.254193  0.000000e+00  0.000000e+00  0.000000e+00  0.000000e+00  0.000000e+00  0.000000e+00
-3.251591  0.000000e+00  0.000000e+00  0.000000e+00  0.000000e+00  0.000000e+00  0.000000e+00
-3.248989  0.000000e+00  0.000000e+00  0.000000e+00  0.000000e+00  0.000000e+00  0.000000e+00
-3.246387  0.000000e+00  0.000000e+00  0.000000e+00  0.000000e+00  0.000000e+00  0.000000e+00
-3.243785  0.000000e+00  0.000000e+00  0.000000e+00  0.000000e+00  0.000000e+00  0.000000e+00
-3.241183  0.000000e+00  0.000000e+00  0.000000e+00  0.000000e+00  0.000000e+00  0.000000e+00
-3.238581  0.000000e+00  0.000000e+00  0.000000e+00  0.000000e+00  0.000000e+00  0.000000e+00
-3.235978  0.000000e+00  0.000000e+00  0.000000e+00  0.000000e+00  0.000000e+00  0.000000e+00
-3.233376  0.000000e+00  0.000000e+00  0.000000e+00  0.000000e+00  0.000000e+00  0.000000e+00
-3.230774  0.000000e+00  0.000000e+00  0.000000e+00  0.000000e+00  0.000000e+00  0.000000e+00
-3.228172  0.000000e+00  0.000000e+00  0.000000e+00  0.000000e+00  0.000000e+00  0.000000e+00
-3.225570  0.000000e+00  0.000000e+00  0.000000e+00  0.000000e+00  0.000000e+00  0.000000e+00
-3.222968  0.000000e+00  0.000000e+00  0.000000e+00  0.000000e+00  0.000000e+00  0.000000e+00
-3.220366  0.000000e+00  0.000000e+00  0.000000e+00  0.000000e+00  0.000000e+00  0.000000e+00
-3.217764  0.000000e+00  0.000000e+00  0.000000e+00  0.000000e+00  0.000000e+00  0.000000e+00
-3.215162  0.000000e+00  0.000000e+00  0.000000e+00  0.000000e+00  0.000000e+00  0.000000e+00
-3.212560  0.000000e+00  0.000000e+00  0.000000e+00  0.000000e+00  0.000000e+00  0.000000e+00
-3.209958  0.000000e+00  0.000000e+00  0.000000e+00  0.000000e+00  0.000000e+00  0.000000e+00
-3.207356  0.000000e+00  0.000000e+00  0.000000e+00  0.000000e+00  0.000000e+00  0.000000e+00
-3.204754  0.000000e+00  0.000000e+00  0.000000e+00  0.000000e+00  0.000000e+00  0.000000e+00
-3.202152  0.000000e+00  0.000000e+00  0.000000e+00  0.000000e+00  0.000000e+00  0.000000e+00
-3.199550  0.000000e+00  0.000000e+00  0.000000e+00  0.000000e+00  0.000000e+00  0.000000e+00
-3.196948  0.000000e+00  0.000000e+00  0.000000e+00  0.000000e+00  0.000000e+00  0.000000e+00
-3.194346  0.000000e+00  0.000000e+00  0.000000e+00  0.000000e+00  0.000000e+00  0.000000e+00
-3.191743  0.000000e+00  0.000000e+00  0.000000e+00  0.000000e+00  0.000000e+00  0.000000e+00
-3.189141  0.000000e+00  0.000000e+00  0.000000e+00  0.000000e+00  0.000000e+00  0.000000e+00
-3.186539  0.000000e+00  0.000000e+00  0.000000e+00  0.000000e+00  0.000000e+00  0.000000e+00
-3.183937  0.000000e+00  0.000000e+00  0.000000e+00  0.000000e+00  0.000000e+00  0.000000e+00
-3.181335  0.000000e+00  0.000000e+00  0.000000e+00  0.000000e+00  0.000000e+00  0.000000e+00
-3.178733  0.000000e+00  0.000000e+00  0.000000e+00  0.000000e+00  0.000000e+00  0.000000e+00
-3.176131  0.000000e+00  0.000000e+00  0.000000e+00  0.000000e+00  0.000000e+00  0.000000e+00
-3.173529  0.000000e+00  0.000000e+00  0.000000e+00  0.000000e+00  0.000000e+00  0.000000e+00
-3.170927  0.000000e+00  0.000000e+00  0.000000e+00  0.000000e+00  0.000000e+00  0.000000e+00
-3.168325  0.000000e+00  0.000000e+00  0.000000e+00  0.000000e+00  0.000000e+00  0.000000e+00
-3.165723  0.000000e+00  0.000000e+00  0.000000e+00  0.000000e+00  0.000000e+00  0.000000e+00
-3.163121  0.000000e+00  0.000000e+00  0.000000e+00  0.000000e+00  0.000000e+00  0.000000e+00
-3.160519  0.000000e+00  0.000000e+00  0.000000e+00  0.000000e+00  0.000000e+00  0.000000e+00
-3.157917  0.000000e+00  0.000000e+00  0.000000e+00  0.000000e+00  0.000000e+00  0.000000e+00
-3.155315  0.000000e+00  0.000000e+00  0.000000e+00  0.000000e+00  0.000000e+00  0.000000e+00
-3.152713  0.000000e+00  0.000000e+00  0.000000e+00  0.000000e+00  0.000000e+00  0.000000e+00
-3.150111  0.000000e+00  0.000000e+00  0.000000e+00  0.000000e+00  0.000000e+00  0.000000e+00
-3.147508  0.000000e+00  0.000000e+00  0.000000e+00  0.000000e+00  0.000000e+00  0.000000e+00
-3.144906  0.000000e+00  0.000000e+00  0.000000e+00  0.000000e+00  0.000000e+00  0.000000e+00
-3.142304  0.000000e+00  0.000000e+00  0.000000e+00  0.000000e+00  0.000000e+00  0.000000e+00
-3.139702  0.000000e+00  0.000000e+00  0.000000e+00  0.000000e+00  0.000000e+00  0.000000e+00
-3.137100  0.000000e+00  0.000000e+00  0.000000e+00  0.000000e+00  0.000000e+00  0.000000e+00
-3.134498  0.000000e+00  0.000000e+00  0.000000e+00  0.000000e+00  0.000000e+00  0.000000e+00
-3.131896  0.000000e+00  0.000000e+00  0.000000e+00  0.000000e+00  0.000000e+00  0.000000e+00
-3.129294  0.000000e+00  0.000000e+00  0.000000e+00  0.000000e+00  0.000000e+00  0.000000e+00
-3.126692  0.000000e+00  0.000000e+00  0.000000e+00  0.000000e+00  0.000000e+00  0.000000e+00
-3.124090  0.000000e+00  0.000000e+00  0.000000e+00  0.000000e+00  0.000000e+00  0.000000e+00
-3.121488  0.000000e+00  0.000000e+00  0.000000e+00  0.000000e+00  0.000000e+00  0.000000e+00
-3.118886  0.000000e+00  0.000000e+00  0.000000e+00  0.000000e+00  0.000000e+00  0.000000e+00
-3.116284  0.000000e+00  0.000000e+00  0.000000e+00  0.000000e+00  0.000000e+00  0.000000e+00
-3.113682  0.000000e+00  0.000000e+00  0.000000e+00  0.000000e+00  0.000000e+00  0.000000e+00
-3.111080  0.000000e+00  0.000000e+00  0.000000e+00  0.000000e+00  0.000000e+00  0.000000e+00
-3.108478  0.000000e+00  0.000000e+00  0.000000e+00  0.000000e+00  0.000000e+00  0.000000e+00
-3.105875  0.000000e+00  0.000000e+00  0.000000e+00  0.000000e+00  0.000000e+00  0.000000e+00
-3.103273  0.000000e+00  0.000000e+00  0.000000e+00  0.000000e+00  0.000000e+00  0.000000e+00
-3.100671  0.000000e+00  0.000000e+00  0.000000e+00  0.000000e+00  0.000000e+00  0.000000e+00
-3.098069  0.000000e+00  0.000000e+00  0.000000e+00  0.000000e+00  0.000000e+00  0.000000e+00
-3.095467  0.000000e+00  0.000000e+00  0.000000e+00  0.000000e+00  0.000000e+00  0.000000e+00
-3.092865  0.000000e+00  0.000000e+00  0.000000e+00  0.000000e+00  0.000000e+00  0.000000e+00
-3.090263  0.000000e+00  0.000000e+00  0.000000e+00  0.000000e+00  0.000000e+00  0.000000e+00
-3.087661  0.000000e+00  0.000000e+00  0.000000e+00  0.000000e+00  0.000000e+00  0.000000e+00
-3.085059  0.000000e+00  0.000000e+00  0.000000e+00  0.000000e+00  0.000000e+00  0.000000e+00
-3.082457  0.000000e+00  0.000000e+00  0.000000e+00  0.000000e+00  0.000000e+00  0.000000e+00
-3.079855  0.000000e+00  0.000000e+00  0.000000e+00  0.000000e+00  0.000000e+00  0.000000e+00
-3.077253  0.000000e+00  0.000000e+00  0.000000e+00  0.000000e+00  0.000000e+00  0.000000e+00
-3.074651  0.000000e+00  0.000000e+00  0.000000e+00  0.000000e+00  0.000000e+00  0.000000e+00
-3.072049  0.000000e+00  0.000000e+00  0.000000e+00  0.000000e+00  0.000000e+00  0.000000e+00
-3.069447  0.000000e+00  0.000000e+00  0.000000e+00  0.000000e+00  0.000000e+00  0.000000e+00
-3.066845  0.000000e+00  0.000000e+00  0.000000e+00  0.000000e+00  0.000000e+00  0.000000e+00
-3.064243  0.000000e+00  0.000000e+00  0.000000e+00  0.000000e+00  0.000000e+00  0.000000e+00
-3.061640  0.000000e+00  0.000000e+00  0.000000e+00  0.000000e+00  0.000000e+00  0.000000e+00
-3.059038  0.000000e+00  0.000000e+00  0.000000e+00  0.000000e+00  0.000000e+00  0.000000e+00
-3.056436  0.000000e+00  0.000000e+00  0.000000e+00  0.000000e+00  0.000000e+00  0.000000e+00
-3.053834  0.000000e+00  0.000000e+00  0.000000e+00  0.000000e+00  0.000000e+00  0.000000e+00
-3.051232  0.000000e+00  0.000000e+00  0.000000e+00  0.000000e+00  0.000000e+00  0.000000e+00
-3.048630  0.000000e+00  0.000000e+00  0.000000e+00  0.000000e+00  0.000000e+00  0.000000e+00
-3.046028  0.000000e+00  0.000000e+00  0.000000e+00  0.000000e+00  0.000000e+00  0.000000e+00
-3.043426  0.000000e+00  0.000000e+00  0.000000e+00  0.000000e+00  0.000000e+00  0.000000e+00
-3.040824  0.000000e+00  0.000000e+00  0.000000e+00  0.000000e+00  0.000000e+00  0.000000e+00
-3.038222  0.000000e+00  0.000000e+00  0.000000e+00  0.000000e+00  0.000000e+00  0.000000e+00
-3.035620  0.000000e+00  0.000000e+00  0.000000e+00  0.000000e+00  0.000000e+00  0.000000e+00
-3.033018  0.000000e+00  0.000000e+00  0.000000e+00  0.000000e+00  0.000000e+00  0.000000e+00
-3.030416  0.000000e+00  0.000000e+00  0.000000e+00  0.000000e+00  0.000000e+00  0.000000e+00
-3.027814  0.000000e+00  0.000000e+00  0.000000e+00  0.000000e+00  0.000000e+00  0.000000e+00
-3.025212  0.000000e+00  0.000000e+00  0.000000e+00  0.000000e+00  0.000000e+00  0.000000e+00
-3.022610  0.000000e+00  0.000000e+00  0.000000e+00  0.000000e+00  0.000000e+00  0.000000e+00
-3.020008  0.000000e+00  0.000000e+00  0.000000e+00  0.000000e+00  0.000000e+00  0.000000e+00
-3.017405  0.000000e+00  0.000000e+00  0.000000e+00  0.000000e+00  0.000000e+00  0.000000e+00
-3.014803  0.000000e+00  0.000000e+00  0.000000e+00  0.000000e+00  0.000000e+00  0.000000e+00
-3.012201  0.000000e+00  0.000000e+00  0.000000e+00  0.000000e+00  0.000000e+00  0.000000e+00
-3.009599  0.000000e+00  0.000000e+00  0.000000e+00  0.000000e+00  0.000000e+00  0.000000e+00
-3.006997  0.000000e+00  0.000000e+00  0.000000e+00  0.000000e+00  0.000000e+00  0.000000e+00
-3.004395  0.000000e+00  0.000000e+00  0.000000e+00  0.000000e+00  0.000000e+00  0.000000e+00
-3.001793  0.000000e+00  0.000000e+00  0.000000e+00  0.000000e+00  0.000000e+00  0.000000e+00
-2.999191  0.000000e+00  0.000000e+00  0.000000e+00  0.000000e+00  0.000000e+00  0.000000e+00
-2.996589  0.000000e+00  0.000000e+00  0.000000e+00  0.000000e+00  0.000000e+00  0.000000e+00
-2.993987  0.000000e+00  0.000000e+00  0.000000e+00  0.000000e+00  0.000000e+00  0.000000e+00
-2.991385  0.000000e+00  0.000000e+00  0.000000e+00  0.000000e+00  0.000000e+00  0.000000e+00
-2.988783  0.000000e+00  0.000000e+00  0.000000e+00  0.000000e+00  0.000000e+00  0.000000e+00
-2.986181  0.000000e+00  0.000000e+00  0.000000e+00  0.000000e+00  0.000000e+00  0.000000e+00
-2.983579  0.000000e+00  0.000000e+00  0.000000e+00  0.000000e+00  0.000000e+00  0.000000e+00
-2.980977  0.000000e+00  0.000000e+00  0.000000e+00  0.000000e+00  0.000000e+00  0.000000e+00
-2.978375  0.000000e+00  0.000000e+00  0.000000e+00  0.000000e+00  0.000000e+00  0.000000e+00
-2.975772  0.000000e+00  0.000000e+00  0.000000e+00  0.000000e+00  0.000000e+00  0.000000e+00
-2.973170  0.000000e+00  0.000000e+00  0.000000e+00  0.000000e+00  0.000000e+00  0.000000e+00
-2.970568  0.000000e+00  0.000000e+00  0.000000e+00  0.000000e+00  0.000000e+00  0.000000e+00
-2.967966  0.000000e+00  0.000000e+00  0.000000e+00  0.000000e+00  0.000000e+00  0.000000e+00
-2.965364  0.000000e+00  0.000000e+00  0.000000e+00  0.000000e+00  0.000000e+00  0.000000e+00
-2.962762  0.000000e+00  0.000000e+00  0.000000e+00  0.000000e+00  0.000000e+00  0.000000e+00
-2.960160  0.000000e+00  0.000000e+00  0.000000e+00  0.000000e+00  0.000000e+00  0.000000e+00
-2.957558  0.000000e+00  0.000000e+00  0.000000e+00  0.000000e+00  0.000000e+00  0.000000e+00
-2.954956  0.000000e+00  0.000000e+00  0.000000e+00  0.000000e+00  0.000000e+00  0.000000e+00
-2.952354  0.000000e+00  0.000000e+00  0.000000e+00  0.000000e+00  0.000000e+00  0.000000e+00
-2.949752  0.000000e+00  0.000000e+00  0.000000e+00  0.000000e+00  0.000000e+00  0.000000e+00
-2.947150  0.000000e+00  0.000000e+00  0.000000e+00  0.000000e+00  0.000000e+00  0.000000e+00
-2.944548  0.000000e+00  0.000000e+00  0.000000e+00  0.000000e+00  0.000000e+00  0.000000e+00
-2.941946  0.000000e+00  0.000000e+00  0.000000e+00  0.000000e+00  0.000000e+00  0.000000e+00
-2.939344  0.000000e+00  0.000000e+00  0.000000e+00  0.000000e+00  0.000000e+00  0.000000e+00
-2.936742  0.000000e+00  0.000000e+00  0.000000e+00  0.000000e+00  0.000000e+00  0.000000e+00
-2.934140  0.000000e+00  0.000000e+00  0.000000e+00  0.000000e+00  0.000000e+00  0.000000e+00
-2.931537  0.000000e+00  0.000000e+00  0.000000e+00  0.000000e+00  0.000000e+00  0.000000e+00
-2.928935  0.000000e+00  0.000000e+00  0.000000e+00  0.000000e+00  0.000000e+00  0.000000e+00
-2.926333  0.000000e+00  0.000000e+00  0.000000e+00  0.000000e+00  0.000000e+00  0.000000e+00
-2.923731  0.000000e+00  0.000000e+00  0.000000e+00  0.000000e+00  0.000000e+00  0.000000e+00
-2.921129  0.000000e+00  0.000000e+00  0.000000e+00  0.000000e+00  0.000000e+00  0.000000e+00
-2.918527  0.000000e+00  0.000000e+00  0.000000e+00  0.000000e+00  0.000000e+00  0.000000e+00
-2.915925  0.000000e+00  0.000000e+00  0.000000e+00  0.000000e+00  0.000000e+00  0.000000e+00
-2.913323  0.000000e+00  0.000000e+00  0.000000e+00  0.000000e+00  0.000000e+00  0.000000e+00
-2.910721  0.000000e+00  0.000000e+00  0.000000e+00  0.000000e+00  0.000000e+00  0.000000e+00
-2.908119  0.000000e+00  0.000000e+00  0.000000e+00  0.000000e+00  0.000000e+00  0.000000e+00
-2.905517  0.000000e+00  0.000000e+00  0.000000e+00  0.000000e+00  0.000000e+00  0.000000e+00
-2.902915  0.000000e+00  0.000000e+00  0.000000e+00  0.000000e+00  0.000000e+00  0.000000e+00
-2.900313  0.000000e+00  0.000000e+00  0.000000e+00  0.000000e+00  0.000000e+00  0.000000e+00
-2.897711  0.000000e+00  0.000000e+00  0.000000e+00  0.000000e+00  0.000000e+00  0.000000e+00
-2.895109  0.000000e+00  0.000000e+00  0.000000e+00  0.000000e+00  0.000000e+00  0.000000e+00
-2.892507  0.000000e+00  0.000000e+00  0.000000e+00  0.000000e+00  0.000000e+00  0.000000e+00
-2.889905  0.000000e+00  0.000000e+00  0.000000e+00  0.000000e+00  0.000000e+00  0.000000e+00
-2.887302  0.000000e+00  0.000000e+00  0.000000e+00  0.000000e+00  0.000000e+00  0.000000e+00
-2.884700  0.000000e+00  0.000000e+00  0.000000e+00  0.000000e+00  0.000000e+00  0.000000e+00
-2.882098  0.000000e+00  0.000000e+00  0.000000e+00  0.000000e+00  0.000000e+00  0.000000e+00
-2.879496  0.000000e+00  0.000000e+00  0.000000e+00  0.000000e+00  0.000000e+00  0.000000e+00
-2.876894  0.000000e+00  0.000000e+00  0.000000e+00  0.000000e+00  0.000000e+00  0.000000e+00
-2.874292  0.000000e+00  0.000000e+00  0.000000e+00  0.000000e+00  0.000000e+00  0.000000e+00
-2.871690  0.000000e+00  0.000000e+00  0.000000e+00  0.000000e+00  0.000000e+00  0.000000e+00
-2.869088  0.000000e+00  0.000000e+00  0.000000e+00  0.000000e+00  0.000000e+00  0.000000e+00
-2.866486  0.000000e+00  0.000000e+00  0.000000e+00  0.000000e+00  0.000000e+00  0.000000e+00
-2.863884  0.000000e+00  0.000000e+00  0.000000e+00  0.000000e+00  0.000000e+00  0.000000e+00
-2.861282  0.000000e+00  0.000000e+00  0.000000e+00  0.000000e+00  0.000000e+00  0.000000e+00
-2.858680  0.000000e+00  0.000000e+00  0.000000e+00  0.000000e+00  0.000000e+00  0.000000e+00
-2.856078  0.000000e+00  0.000000e+00  0.000000e+00  0.000000e+00  0.000000e+00  0.000000e+00
-2.853476  0.000000e+00  0.000000e+00  0.000000e+00  0.000000e+00  0.000000e+00  0.000000e+00
-2.850874  0.000000e+00  0.000000e+00  0.000000e+00  0.000000e+00  0.000000e+00  0.000000e+00
-2.848272  0.000000e+00  0.000000e+00  0.000000e+00  0.000000e+00  0.000000e+00  0.000000e+00
-2.845669  0.000000e+00  0.000000e+00  0.000000e+00  0.000000e+00  0.000000e+00  0.000000e+00
-2.843067  0.000000e+00  0.000000e+00  0.000000e+00  0.000000e+00  0.000000e+00  0.000000e+00
-2.840465  0.000000e+00  0.000000e+00  0.000000e+00  0.000000e+00  0.000000e+00  0.000000e+00
-2.837863  0.000000e+00  0.000000e+00  0.000000e+00  0.000000e+00  0.000000e+00  0.000000e+00
-2.835261  0.000000e+00  0.000000e+00  0.000000e+00  0.000000e+00  0.000000e+00  0.000000e+00
-2.832659  0.000000e+00  0.000000e+00  0.000000e+00  0.000000e+00  0.000000e+00  0.000000e+00
-2.830057  0.000000e+00  0.000000e+00  0.000000e+00  0.000000e+00  0.000000e+00  0.000000e+00
-2.827455  0.000000e+00  0.000000e+00  0.000000e+00  0.000000e+00  0.000000e+00  0.000000e+00
-2.824853  0.000000e+00  0.000000e+00  0.000000e+00  0.000000e+00  0.000000e+00  0.000000e+00
-2.822251  0.000000e+00  0.000000e+00  0.000000e+00  0.000000e+00  0.000000e+00  0.000000e+00
-2.819649  0.000000e+00  0.000000e+00  0.000000e+00  0.000000e+00  0.000000e+00  0.000000e+00
-2.817047  0.000000e+00  0.000000e+00  0.000000e+00  0.000000e+00  0.000000e+00  0.000000e+00
-2.814445  0.000000e+00  0.000000e+00  0.000000e+00  0.000000e+00  0.000000e+00  0.000000e+00
-2.811843  0.000000e+00  0.000000e+00  0.000000e+00  0.000000e+00  0.000000e+00  0.000000e+00
-2.809241  0.000000e+00  0.000000e+00  0.000000e+00  0.000000e+00  0.000000e+00  0.000000e+00
-2.806639  0.000000e+00  0.000000e+00  0.000000e+00  0.000000e+00  0.000000e+00  0.000000e+00
-2.804037  0.000000e+00  0.000000e+00  0.000000e+00  0.000000e+00  0.000000e+00  0.000000e+00
-2.801434  0.000000e+00  0.000000e+00  0.000000e+00  0.000000e+00  0.000000e+00  0.000000e+00
-2.798832  0.000000e+00  0.000000e+00  0.000000e+00  0.000000e+00  0.000000e+00  0.000000e+00
-2.796230  0.000000e+00  0.000000e+00  0.000000e+00  0.000000e+00  0.000000e+00  0.000000e+00
-2.793628  0.000000e+00  0.000000e+00  0.000000e+00  0.000000e+00  0.000000e+00  0.000000e+00
-2.791026  0.000000e+00  0.000000e+00  0.000000e+00  0.000000e+00  0.000000e+00  0.000000e+00
-2.788424  0.000000e+00  0.000000e+00  0.000000e+00  0.000000e+00  0.000000e+00  0.000000e+00
-2.785822  0.000000e+00  0.000000e+00  0.000000e+00  0.000000e+00  0.000000e+00  0.000000e+00
-2.783220  0.000000e+00  0.000000e+00  0.000000e+00  0.000000e+00  0.000000e+00  0.000000e+00
-2.780618  0.000000e+00  0.000000e+00  0.000000e+00  0.000000e+00  0.000000e+00  0.000000e+00
-2.778016  0.000000e+00  0.000000e+00  0.000000e+00  0.000000e+00  0.000000e+00  0.000000e+00
-2.775414  0.000000e+00  0.000000e+00  0.000000e+00  0.000000e+00  0.000000e+00  0.000000e+00
-2.772812  0.000000e+00  0.000000e+00  0.000000e+00  0.000000e+00  0.000000e+00  0.000000e+00
-2.770210  0.000000e+00  0.000000e+00  0.000000e+00  0.000000e+00  0.000000e+00  0.000000e+00
-2.767608  0.000000e+00  0.000000e+00  0.000000e+00  0.000000e+00  0.000000e+00  0.000000e+00
-2.765006  0.000000e+00  0.000000e+00  0.000000e+00  0.000000e+00  0.000000e+00  0.000000e+00
-2.762404  0.000000e+00  0.000000e+00  0.000000e+00  0.000000e+00  0.000000e+00  0.000000e+00
-2.759802  0.000000e+00  0.000000e+00  0.000000e+00  0.000000e+00  0.000000e+00  0.000000e+00
-2.757199  0.000000e+00  0.000000e+00  0.000000e+00  0.000000e+00  0.000000e+00  0.000000e+00
-2.754597  0.000000e+00  0.000000e+00  0.000000e+00  0.000000e+00  0.000000e+00  0.000000e+00
-2.751995  0.000000e+00  0.000000e+00  0.000000e+00  0.000000e+00  0.000000e+00  0.000000e+00
-2.749393  0.000000e+00  0.000000e+00  0.000000e+00  0.000000e+00  0.000000e+00  0.000000e+00
-2.746791  0.000000e+00  0.000000e+00  0.000000e+00  0.000000e+00  0.000000e+00  0.000000e+00
-2.744189  0.000000e+00  0.000000e+00  0.000000e+00  0.000000e+00  0.000000e+00  0.000000e+00
-2.741587  0.000000e+00  0.000000e+00  0.000000e+00  0.000000e+00  0.000000e+00  0.000000e+00
-2.738985  0.000000e+00  0.000000e+00  0.000000e+00  0.000000e+00  0.000000e+00  0.000000e+00
-2.736383  0.000000e+00  0.000000e+00  0.000000e+00  0.000000e+00  0.000000e+00  0.000000e+00
-2.733781  0.000000e+00  0.000000e+00  0.000000e+00  0.000000e+00  0.000000e+00  0.000000e+00
-2.731179  0.000000e+00  0.000000e+00  0.000000e+00  0.000000e+00  0.000000e+00  0.000000e+00
-2.728577  0.000000e+00  0.000000e+00  0.000000e+00  0.000000e+00  0.000000e+00  0.000000e+00
-2.725975  0.000000e+00  0.000000e+00  0.000000e+00  0.000000e+00  0.000000e+00  0.000000e+00
-2.723373  0.000000e+00  0.000000e+00  0.000000e+00  0.000000e+00  0.000000e+00  0.000000e+00
-2.720771  0.000000e+00  0.000000e+00  0.000000e+00  0.000000e+00  0.000000e+00  0.000000e+00
-2.718169  0.000000e+00  0.000000e+00  0.000000e+00  0.000000e+00  0.000000e+00  0.000000e+00
-2.715566  0.000000e+00  0.000000e+00  0.000000e+00  0.000000e+00  0.000000e+00  0.000000e+00
-2.712964  0.000000e+00  0.000000e+00  0.000000e+00  0.000000e+00  0.000000e+00  0.000000e+00
-2.710362  0.000000e+00  0.000000e+00  0.000000e+00  0.000000e+00  0.000000e+00  0.000000e+00
-2.707760  0.000000e+00  0.000000e+00  0.000000e+00  0.000000e+00  0.000000e+00  0.000000e+00
-2.705158  0.000000e+00  0.000000e+00  0.000000e+00  0.000000e+00  0.000000e+00  0.000000e+00
-2.702556  0.000000e+00  0.000000e+00  0.000000e+00  0.000000e+00  0.000000e+00  0.000000e+00
-2.699954  0.000000e+00  0.000000e+00  0.000000e+00  0.000000e+00  0.000000e+00  0.000000e+00
-2.697352  0.000000e+00  0.000000e+00  0.000000e+00  0.000000e+00  0.000000e+00  0.000000e+00
-2.694750  0.000000e+00  0.000000e+00  0.000000e+00  0.000000e+00  0.000000e+00  0.000000e+00
-2.692148  0.000000e+00  0.000000e+00  0.000000e+00  0.000000e+00  0.000000e+00  0.000000e+00
-2.689546  0.000000e+00  0.000000e+00  0.000000e+00  0.000000e+00  0.000000e+00  0.000000e+00
-2.686944  0.000000e+00  0.000000e+00  0.000000e+00  0.000000e+00  0.000000e+00  0.000000e+00
-2.684342  0.000000e+00  0.000000e+00  0.000000e+00  0.000000e+00  0.000000e+00  0.000000e+00
-2.681740  0.000000e+00  0.000000e+00  0.000000e+00  0.000000e+00  0.000000e+00  0.000000e+00
-2.679138  0.000000e+00  0.000000e+00  0.000000e+00  0.000000e+00  0.000000e+00  0.000000e+00
-2.676536  0.000000e+00  0.000000e+00  0.000000e+00  0.000000e+00  0.000000e+00  0.000000e+00
-2.673934  0.000000e+00  0.000000e+00  0.000000e+00  0.000000e+00  0.000000e+00  0.000000e+00
-2.671331  0.000000e+00  0.000000e+00  0.000000e+00  0.000000e+00  0.000000e+00  0.000000e+00
-2.668729  0.000000e+00  0.000000e+00  0.000000e+00  0.000000e+00  0.000000e+00  0.000000e+00
-2.666127  0.000000e+00  0.000000e+00  0.000000e+00  0.000000e+00  0.000000e+00  0.000000e+00
-2.663525  0.000000e+00  0.000000e+00  0.000000e+00  0.000000e+00  0.000000e+00  0.000000e+00
-2.660923  0.000000e+00  0.000000e+00  0.000000e+00  0.000000e+00  0.000000e+00  0.000000e+00
-2.658321  0.000000e+00  0.000000e+00  0.000000e+00  0.000000e+00  0.000000e+00  0.000000e+00
-2.655719  0.000000e+00  0.000000e+00  0.000000e+00  0.000000e+00  0.000000e+00  0.000000e+00
-2.653117  0.000000e+00  0.000000e+00  0.000000e+00  0.000000e+00  0.000000e+00  0.000000e+00
-2.650515  0.000000e+00  0.000000e+00  0.000000e+00  0.000000e+00  0.000000e+00  0.000000e+00
-2.647913  0.000000e+00  0.000000e+00  0.000000e+00  0.000000e+00  0.000000e+00  0.000000e+00
-2.645311  0.000000e+00  0.000000e+00  0.000000e+00  0.000000e+00  0.000000e+00  0.000000e+00
-2.642709  0.000000e+00  0.000000e+00  0.000000e+00  0.000000e+00  0.000000e+00  0.000000e+00
-2.640107  0.000000e+00  0.000000e+00  0.000000e+00  0.000000e+00  0.000000e+00  0.000000e+00
-2.637505  0.000000e+00  0.000000e+00  0.000000e+00  0.000000e+00  0.000000e+00  0.000000e+00
-2.634903  0.000000e+00  0.000000e+00  0.000000e+00  0.000000e+00  0.000000e+00  0.000000e+00
-2.632301  0.000000e+00  0.000000e+00  0.000000e+00  0.000000e+00  0.000000e+00  0.000000e+00
-2.629699  0.000000e+00  0.000000e+00  0.000000e+00  0.000000e+00  0.000000e+00  0.000000e+00
-2.627096  0.000000e+00  0.000000e+00  0.000000e+00  0.000000e+00  0.000000e+00  0.000000e+00
-2.624494  0.000000e+00  0.000000e+00  0.000000e+00  0.000000e+00  0.000000e+00  0.000000e+00
-2.621892  0.000000e+00  0.000000e+00  0.000000e+00  0.000000e+00  0.000000e+00  0.000000e+00
-2.619290  0.000000e+00  0.000000e+00  0.000000e+00  0.000000e+00  0.000000e+00  0.000000e+00
-2.616688  0.000000e+00  0.000000e+00  0.000000e+00  0.000000e+00  0.000000e+00  0.000000e+00
-2.614086  0.000000e+00  0.000000e+00  0.000000e+00  0.000000e+00  0.000000e+00  0.000000e+00
-2.611484  0.000000e+00  0.000000e+00  0.000000e+00  0.000000e+00  0.000000e+00  0.000000e+00
-2.608882  0.000000e+00  0.000000e+00  0.000000e+00  0.000000e+00  0.000000e+00  0.000000e+00
-2.606280  0.000000e+00  0.000000e+00  0.000000e+00  0.000000e+00  0.000000e+00  0.000000e+00
-2.603678  0.000000e+00  0.000000e+00  0.000000e+00  0.000000e+00  0.000000e+00  0.000000e+00
-2.601076  0.000000e+00  0.000000e+00  0.000000e+00  0.000000e+00  0.000000e+00  0.000000e+00
-2.598474  0.000000e+00  0.000000e+00  0.000000e+00  0.000000e+00  0.000000e+00  0.000000e+00
-2.595872  0.000000e+00  0.000000e+00  0.000000e+00  0.000000e+00  0.000000e+00  0.000000e+00
-2.593270  0.000000e+00  0.000000e+00  0.000000e+00  0.000000e+00  0.000000e+00  0.000000e+00
-2.590668  0.000000e+00  0.000000e+00  0.000000e+00  0.000000e+00  0.000000e+00  0.000000e+00
-2.588066  0.000000e+00  0.000000e+00  0.000000e+00  0.000000e+00  0.000000e+00  0.000000e+00
-2.585463  0.000000e+00  0.000000e+00  0.000000e+00  0.000000e+00  0.000000e+00  0.000000e+00
-2.582861  0.000000e+00  0.000000e+00  0.000000e+00  0.000000e+00  0.000000e+00  0.000000e+00
-2.580259  0.000000e+00  0.000000e+00  0.000000e+00  0.000000e+00  0.000000e+00  0.000000e+00
-2.577657  0.000000e+00  0.000000e+00  0.000000e+00  0.000000e+00  0.000000e+00  0.000000e+00
-2.575055  0.000000e+00  0.000000e+00  0.000000e+00  0.000000e+00  0.000000e+00  0.000000e+00
-2.572453  0.000000e+00  0.000000e+00  0.000000e+00  0.000000e+00  0.000000e+00  0.000000e+00
-2.569851  0.000000e+00  0.000000e+00  0.000000e+00  0.000000e+00  0.000000e+00  0.000000e+00
-2.567249  0.000000e+00  0.000000e+00  0.000000e+00  0.000000e+00  0.000000e+00  0.000000e+00
-2.564647  0.000000e+00  0.000000e+00  0.000000e+00  0.000000e+00  0.000000e+00  0.000000e+00
-2.562045  0.000000e+00  0.000000e+00  0.000000e+00  0.000000e+00  0.000000e+00  0.000000e+00
-2.559443  0.000000e+00  0.000000e+00  0.000000e+00  0.000000e+00  0.000000e+00  0.000000e+00
-2.556841  0.000000e+00  0.000000e+00  0.000000e+00  0.000000e+00  0.000000e+00  0.000000e+00
-2.554239  0.000000e+00  0.000000e+00  0.000000e+00  0.000000e+00  0.000000e+00  0.000000e+00
-2.551637  0.000000e+00  0.000000e+00  0.000000e+00  0.000000e+00  0.000000e+00  0.000000e+00
-2.549035  0.000000e+00  0.000000e+00  0.000000e+00  0.000000e+00  0.000000e+00  0.000000e+00
-2.546433  0.000000e+00  0.000000e+00  0.000000e+00  0.000000e+00  0.000000e+00  0.000000e+00
-2.543831  0.000000e+00  0.000000e+00  0.000000e+00  0.000000e+00  0.000000e+00  0.000000e+00
-2.541228  0.000000e+00  0.000000e+00  0.000000e+00  0.000000e+00  0.000000e+00  0.000000e+00
-2.538626  0.000000e+00  0.000000e+00  0.000000e+00  0.000000e+00  0.000000e+00  0.000000e+00
-2.536024  0.000000e+00  0.000000e+00  0.000000e+00  0.000000e+00  0.000000e+00  0.000000e+00
-2.533422  0.000000e+00  0.000000e+00  0.000000e+00  0.000000e+00  0.000000e+00  0.000000e+00
-2.530820  0.000000e+00  0.000000e+00  0.000000e+00  0.000000e+00  0.000000e+00  0.000000e+00
-2.528218  0.000000e+00  0.000000e+00  0.000000e+00  0.000000e+00  0.000000e+00  0.000000e+00
-2.525616  0.000000e+00  0.000000e+00  0.000000e+00  0.000000e+00  0.000000e+00  0.000000e+00
-2.523014  0.000000e+00  0.000000e+00  0.000000e+00  0.000000e+00  0.000000e+00  0.000000e+00
-2.520412  0.000000e+00  0.000000e+00  0.000000e+00  0.000000e+00  0.000000e+00  0.000000e+00
-2.517810  0.000000e+00  0.000000e+00  0.000000e+00  0.000000e+00  0.000000e+00  0.000000e+00
-2.515208  0.000000e+00  0.000000e+00  0.000000e+00  0.000000e+00  0.000000e+00  0.000000e+00
-2.512606  0.000000e+00  0.000000e+00  0.000000e+00  0.000000e+00  0.000000e+00  0.000000e+00
-2.510004  0.000000e+00  0.000000e+00  0.000000e+00  0.000000e+00  0.000000e+00  0.000000e+00
-2.507402  0.000000e+00  0.000000e+00  0.000000e+00  0.000000e+00  0.000000e+00  0.000000e+00
-2.504800  0.000000e+00  0.000000e+00  0.000000e+00  0.000000e+00  0.000000e+00  0.000000e+00
-2.502198  0.000000e+00  0.000000e+00  0.000000e+00  0.000000e+00  0.000000e+00  0.000000e+00
-2.499596  0.000000e+00  0.000000e+00  0.000000e+00  0.000000e+00  0.000000e+00  0.000000e+00
-2.496993  0.000000e+00  0.000000e+00  0.000000e+00  0.000000e+00  0.000000e+00  0.000000e+00
-2.494391  0.000000e+00  0.000000e+00  0.000000e+00  0.000000e+00  0.000000e+00  0.000000e+00
-2.491789  0.000000e+00  0.000000e+00  0.000000e+00  0.000000e+00  0.000000e+00  0.000000e+00
-2.489187  0.000000e+00  0.000000e+00  0.000000e+00  0.000000e+00  0.000000e+00  0.000000e+00
-2.486585  0.000000e+00  0.000000e+00  0.000000e+00  0.000000e+00  0.000000e+00  0.000000e+00
-2.483983  0.000000e+00  0.000000e+00  0.000000e+00  0.000000e+00  0.000000e+00  0.000000e+00
-2.481381  0.000000e+00  0.000000e+00  0.000000e+00  0.000000e+00  0.000000e+00  0.000000e+00
-2.478779  0.000000e+00  0.000000e+00  0.000000e+00  0.000000e+00  0.000000e+00  0.000000e+00
-2.476177  0.000000e+00  0.000000e+00  0.000000e+00  0.000000e+00  0.000000e+00  0.000000e+00
-2.473575  0.000000e+00  0.000000e+00  0.000000e+00  0.000000e+00  0.000000e+00  0.000000e+00
-2.470973  0.000000e+00  0.000000e+00  0.000000e+00  0.000000e+00  0.000000e+00  0.000000e+00
-2.468371  0.000000e+00  0.000000e+00  0.000000e+00  0.000000e+00  0.000000e+00  0.000000e+00
-2.465769  0.000000e+00  0.000000e+00  0.000000e+00  0.000000e+00  0.000000e+00  0.000000e+00
-2.463167  0.000000e+00  0.000000e+00  0.000000e+00  0.000000e+00  0.000000e+00  0.000000e+00
-2.460565  0.000000e+00  0.000000e+00  0.000000e+00  0.000000e+00  0.000000e+00  0.000000e+00
-2.457963  0.000000e+00  0.000000e+00  0.000000e+00  0.000000e+00  0.000000e+00  0.000000e+00
-2.455360  0.000000e+00  0.000000e+00  0.000000e+00  0.000000e+00  0.000000e+00  0.000000e+00
-2.452758  0.000000e+00  0.000000e+00  0.000000e+00  0.000000e+00  0.000000e+00  0.000000e+00
-2.450156  0.000000e+00  0.000000e+00  0.000000e+00  0.000000e+00  0.000000e+00  0.000000e+00
-2.447554  0.000000e+00  0.000000e+00  0.000000e+00  0.000000e+00  0.000000e+00  0.000000e+00
-2.444952  0.000000e+00  0.000000e+00  0.000000e+00  0.000000e+00  0.000000e+00  0.000000e+00
-2.442350  0.000000e+00  0.000000e+00  0.000000e+00  0.000000e+00  0.000000e+00  0.000000e+00
-2.439748  0.000000e+00  0.000000e+00  0.000000e+00  0.000000e+00  0.000000e+00  0.000000e+00
-2.437146  0.000000e+00  0.000000e+00  0.000000e+00  0.000000e+00  0.000000e+00  0.000000e+00
-2.434544  0.000000e+00  0.000000e+00  0.000000e+00  0.000000e+00  0.000000e+00  0.000000e+00
-2.431942  0.000000e+00  0.000000e+00  0.000000e+00  0.000000e+00  0.000000e+00  0.000000e+00
-2.429340  0.000000e+00  0.000000e+00  0.000000e+00  0.000000e+00  0.000000e+00  0.000000e+00
-2.426738  0.000000e+00  0.000000e+00  0.000000e+00  0.000000e+00  0.000000e+00  0.000000e+00
-2.424136  0.000000e+00  0.000000e+00  0.000000e+00  0.000000e+00  0.000000e+00  0.000000e+00
-2.421534  0.000000e+00  0.000000e+00  0.000000e+00  0.000000e+00  0.000000e+00  0.000000e+00
-2.418932  0.000000e+00  0.000000e+00  0.000000e+00  0.000000e+00  0.000000e+00  0.000000e+00
-2.416330  0.000000e+00  0.000000e+00  0.000000e+00  0.000000e+00  0.000000e+00  0.000000e+00
-2.413728  0.000000e+00  0.000000e+00  0.000000e+00  0.000000e+00  0.000000e+00  0.000000e+00
-2.411125  0.000000e+00  0.000000e+00  0.000000e+00  0.000000e+00  0.000000e+00  0.000000e+00
-2.408523  0.000000e+00  0.000000e+00  0.000000e+00  0.000000e+00  0.000000e+00  0.000000e+00
-2.405921  0.000000e+00  0.000000e+00  0.000000e+00  0.000000e+00  0.000000e+00  0.000000e+00
-2.403319  0.000000e+00  0.000000e+00  0.000000e+00  0.000000e+00  0.000000e+00  0.000000e+00
-2.400717  0.000000e+00  0.000000e+00  0.000000e+00  0.000000e+00  0.000000e+00  0.000000e+00
-2.398115  0.000000e+00  0.000000e+00  0.000000e+00  0.000000e+00  0.000000e+00  0.000000e+00
-2.395513  0.000000e+00  0.000000e+00  0.000000e+00  0.000000e+00  0.000000e+00  0.000000e+00
-2.392911  0.000000e+00  0.000000e+00  0.000000e+00  0.000000e+00  0.000000e+00  0.000000e+00
-2.390309  0.000000e+00  0.000000e+00  0.000000e+00  0.000000e+00  0.000000e+00  0.000000e+00
-2.387707  0.000000e+00  0.000000e+00  0.000000e+00  0.000000e+00  0.000000e+00  0.000000e+00
-2.385105  0.000000e+00  0.000000e+00  0.000000e+00  0.000000e+00  0.000000e+00  0.000000e+00
-2.382503  0.000000e+00  0.000000e+00  0.000000e+00  0.000000e+00  0.000000e+00  0.000000e+00
-2.379901  0.000000e+00  0.000000e+00  0.000000e+00  0.000000e+00  0.000000e+00  0.000000e+00
-2.377299  0.000000e+00  0.000000e+00  0.000000e+00  0.000000e+00  0.000000e+00  0.000000e+00
-2.374697  0.000000e+00  0.000000e+00  0.000000e+00  0.000000e+00  0.000000e+00  0.000000e+00
-2.372095  0.000000e+00  0.000000e+00  0.000000e+00  0.000000e+00  0.000000e+00  0.000000e+00
-2.369493  0.000000e+00  0.000000e+00  0.000000e+00  0.000000e+00  0.000000e+00  0.000000e+00
-2.366890  0.000000e+00  0.000000e+00  0.000000e+00  0.000000e+00  0.000000e+00  0.000000e+00
-2.364288  0.000000e+00  0.000000e+00  0.000000e+00  0.000000e+00  0.000000e+00  0.000000e+00
-2.361686  0.000000e+00  0.000000e+00  0.000000e+00  0.000000e+00  0.000000e+00  0.000000e+00
-2.359084  0.000000e+00  0.000000e+00  0.000000e+00  0.000000e+00  0.000000e+00  0.000000e+00
-2.356482  0.000000e+00  0.000000e+00  0.000000e+00  0.000000e+00  0.000000e+00  0.000000e+00
-2.353880  0.000000e+00  0.000000e+00  0.000000e+00  0.000000e+00  0.000000e+00  0.000000e+00
-2.351278  0.000000e+00  0.000000e+00  0.000000e+00  0.000000e+00  0.000000e+00  0.000000e+00
-2.348676  0.000000e+00  0.000000e+00  0.000000e+00  0.000000e+00  0.000000e+00  0.000000e+00
-2.346074  0.000000e+00  0.000000e+00  0.000000e+00  0.000000e+00  0.000000e+00  0.000000e+00
-2.343472  0.000000e+00  0.000000e+00  0.000000e+00  0.000000e+00  0.000000e+00  0.000000e+00
-2.340870  0.000000e+00  0.000000e+00  0.000000e+00  0.000000e+00  0.000000e+00  0.000000e+00
-2.338268  0.000000e+00  0.000000e+00  0.000000e+00  0.000000e+00  0.000000e+00  0.000000e+00
-2.335666  0.000000e+00  0.000000e+00  0.000000e+00  0.000000e+00  0.000000e+00  0.000000e+00
-2.333064  0.000000e+00  0.000000e+00  0.000000e+00  0.000000e+00  0.000000e+00  0.000000e+00
-2.330462  0.000000e+00  0.000000e+00  0.000000e+00  0.000000e+00  0.000000e+00  0.000000e+00
-2.327860  0.000000e+00  0.000000e+00  0.000000e+00  0.000000e+00  0.000000e+00  0.000000e+00
-2.325257  0.000000e+00  0.000000e+00  0.000000e+00  0.000000e+00  0.000000e+00  0.000000e+00
-2.322655  0.000000e+00  0.000000e+00  0.000000e+00  0.000000e+00  0.000000e+00  0.000000e+00
-2.320053  0.000000e+00  0.000000e+00  0.000000e+00  0.000000e+00  0.000000e+00  0.000000e+00
-2.317451  0.000000e+00  0.000000e+00  0.000000e+00  0.000000e+00  0.000000e+00  0.000000e+00
-2.314849  0.000000e+00  0.000000e+00  0.000000e+00  0.000000e+00  0.000000e+00  0.000000e+00
-2.312247  0.000000e+00  0.000000e+00  0.000000e+00  0.000000e+00  0.000000e+00  0.000000e+00
-2.309645  0.000000e+00  0.000000e+00  0.000000e+00  0.000000e+00  0.000000e+00  0.000000e+00
-2.307043  0.000000e+00  0.000000e+00  0.000000e+00  0.000000e+00  0.000000e+00  0.000000e+00
-2.304441  0.000000e+00  0.000000e+00  0.000000e+00  0.000000e+00  0.000000e+00  0.000000e+00
-2.301839  0.000000e+00  0.000000e+00  0.000000e+00  0.000000e+00  0.000000e+00  0.000000e+00
-2.299237  0.000000e+00  0.000000e+00  0.000000e+00  0.000000e+00  0.000000e+00  0.000000e+00
-2.296635  0.000000e+00  0.000000e+00  0.000000e+00  0.000000e+00  0.000000e+00  0.000000e+00
-2.294033  0.000000e+00  0.000000e+00  0.000000e+00  0.000000e+00  0.000000e+00  0.000000e+00
-2.291431  0.000000e+00  0.000000e+00  0.000000e+00  0.000000e+00  0.000000e+00  0.000000e+00
-2.288829  0.000000e+00  0.000000e+00  0.000000e+00  0.000000e+00  0.000000e+00  0.000000e+00
-2.286227  0.000000e+00  0.000000e+00  0.000000e+00  0.000000e+00  0.000000e+00  0.000000e+00
-2.283625  0.000000e+00  0.000000e+00  0.000000e+00  0.000000e+00  0.000000e+00  0.000000e+00
-2.281022  0.000000e+00  0.000000e+00  0.000000e+00  0.000000e+00  0.000000e+00  0.000000e+00
-2.278420  0.000000e+00  0.000000e+00  0.000000e+00  0.000000e+00  0.000000e+00  0.000000e+00
-2.275818  0.000000e+00  0.000000e+00  0.000000e+00  0.000000e+00  0.000000e+00  0.000000e+00
-2.273216  0.000000e+00  0.000000e+00  0.000000e+00  0.000000e+00  0.000000e+00  0.000000e+00
-2.270614  0.000000e+00  0.000000e+00  0.000000e+00  0.000000e+00  0.000000e+00  0.000000e+00
-2.268012  0.000000e+00  0.000000e+00  0.000000e+00  0.000000e+00  0.000000e+00  0.000000e+00
-2.265410  0.000000e+00  0.000000e+00  0.000000e+00  0.000000e+00  0.000000e+00  0.000000e+00
-2.262808  0.000000e+00  0.000000e+00  0.000000e+00  0.000000e+00  0.000000e+00  0.000000e+00
-2.260206  0.000000e+00  0.000000e+00  0.000000e+00  0.000000e+00  0.000000e+00  0.000000e+00
-2.257604  0.000000e+00  0.000000e+00  0.000000e+00  0.000000e+00  0.000000e+00  0.000000e+00
-2.255002  0.000000e+00  0.000000e+00  0.000000e+00  0.000000e+00  0.000000e+00  0.000000e+00
-2.252400  0.000000e+00  0.000000e+00  0.000000e+00  0.000000e+00  0.000000e+00  0.000000e+00
-2.249798  0.000000e+00  0.000000e+00  0.000000e+00  0.000000e+00  0.000000e+00  0.000000e+00
-2.247196  0.000000e+00  0.000000e+00  0.000000e+00  0.000000e+00  0.000000e+00  0.000000e+00
-2.244594  0.000000e+00  0.000000e+00  0.000000e+00  0.000000e+00  0.000000e+00  0.000000e+00
-2.241992  0.000000e+00  0.000000e+00  0.000000e+00  0.000000e+00  0.000000e+00  0.000000e+00
-2.239390  0.000000e+00  0.000000e+00  0.000000e+00  0.000000e+00  0.000000e+00  0.000000e+00
-2.236787  0.000000e+00  0.000000e+00  0.000000e+00  0.000000e+00  0.000000e+00  0.000000e+00
-2.234185  0.000000e+00  0.000000e+00  0.000000e+00  0.000000e+00  0.000000e+00  0.000000e+00
-2.231583  0.000000e+00  0.000000e+00  0.000000e+00  0.000000e+00  0.000000e+00  0.000000e+00
-2.228981  0.000000e+00  0.000000e+00  0.000000e+00  0.000000e+00  0.000000e+00  0.000000e+00
-2.226379  0.000000e+00  0.000000e+00  0.000000e+00  0.000000e+00  0.000000e+00  0.000000e+00
-2.223777  0.000000e+00  0.000000e+00  0.000000e+00  0.000000e+00  0.000000e+00  0.000000e+00
-2.221175  0.000000e+00  0.000000e+00  0.000000e+00  0.000000e+00  0.000000e+00  0.000000e+00
-2.218573  0.000000e+00  0.000000e+00  0.000000e+00  0.000000e+00  0.000000e+00  0.000000e+00
-2.215971  0.000000e+00  0.000000e+00  0.000000e+00  0.000000e+00  0.000000e+00  0.000000e+00
-2.213369  0.000000e+00  0.000000e+00  0.000000e+00  0.000000e+00  0.000000e+00  0.000000e+00
-2.210767  0.000000e+00  0.000000e+00  0.000000e+00  0.000000e+00  0.000000e+00  0.000000e+00
-2.208165  0.000000e+00  0.000000e+00  0.000000e+00  0.000000e+00  0.000000e+00  0.000000e+00
-2.205563  0.000000e+00  0.000000e+00  0.000000e+00  0.000000e+00  0.000000e+00  0.000000e+00
-2.202961  0.000000e+00  0.000000e+00  0.000000e+00  0.000000e+00  0.000000e+00  0.000000e+00
-2.200359  0.000000e+00  0.000000e+00  0.000000e+00  0.000000e+00  0.000000e+00  0.000000e+00
-2.197757  0.000000e+00  0.000000e+00  0.000000e+00  0.000000e+00  0.000000e+00  0.000000e+00
-2.195154  0.000000e+00  0.000000e+00  0.000000e+00  0.000000e+00  0.000000e+00  0.000000e+00
-2.192552  0.000000e+00  0.000000e+00  0.000000e+00  0.000000e+00  0.000000e+00  0.000000e+00
-2.189950  0.000000e+00  0.000000e+00  0.000000e+00  0.000000e+00  0.000000e+00  0.000000e+00
-2.187348  0.000000e+00  0.000000e+00  0.000000e+00  0.000000e+00  0.000000e+00  0.000000e+00
-2.184746  0.000000e+00  0.000000e+00  0.000000e+00  0.000000e+00  0.000000e+00  0.000000e+00
-2.182144  0.000000e+00  0.000000e+00  0.000000e+00  0.000000e+00  0.000000e+00  0.000000e+00
-2.179542  0.000000e+00  0.000000e+00  0.000000e+00  0.000000e+00  0.000000e+00  0.000000e+00
-2.176940  0.000000e+00  0.000000e+00  0.000000e+00  0.000000e+00  0.000000e+00  0.000000e+00
-2.174338  0.000000e+00  0.000000e+00  0.000000e+00  0.000000e+00  0.000000e+00  0.000000e+00
-2.171736  0.000000e+00  0.000000e+00  0.000000e+00  0.000000e+00  0.000000e+00  0.000000e+00
-2.169134  0.000000e+00  0.000000e+00  0.000000e+00  0.000000e+00  0.000000e+00  0.000000e+00
-2.166532  0.000000e+00  0.000000e+00  0.000000e+00  0.000000e+00  0.000000e+00  0.000000e+00
-2.163930  0.000000e+00  0.000000e+00  0.000000e+00  0.000000e+00  0.000000e+00  0.000000e+00
-2.161328  0.000000e+00  0.000000e+00  0.000000e+00  0.000000e+00  0.000000e+00  0.000000e+00
-2.158726  0.000000e+00  0.000000e+00  0.000000e+00  0.000000e+00  0.000000e+00  0.000000e+00
-2.156124  0.000000e+00  0.000000e+00  0.000000e+00  0.000000e+00  0.000000e+00  0.000000e+00
-2.153522  0.000000e+00  0.000000e+00  0.000000e+00  0.000000e+00  0.000000e+00  0.000000e+00
-2.150919  0.000000e+00  0.000000e+00  0.000000e+00  0.000000e+00  0.000000e+00  0.000000e+00
-2.148317  0.000000e+00  0.000000e+00  0.000000e+00  0.000000e+00  0.000000e+00  0.000000e+00
-2.145715  0.000000e+00  0.000000e+00  0.000000e+00  0.000000e+00  0.000000e+00  0.000000e+00
-2.143113  0.000000e+00  0.000000e+00  0.000000e+00  0.000000e+00  0.000000e+00  0.000000e+00
-2.140511  0.000000e+00  0.000000e+00  0.000000e+00  0.000000e+00  0.000000e+00  0.000000e+00
-2.137909  0.000000e+00  0.000000e+00  0.000000e+00  0.000000e+00  0.000000e+00  0.000000e+00
-2.135307  0.000000e+00  0.000000e+00  0.000000e+00  0.000000e+00  0.000000e+00  0.000000e+00
-2.132705  0.000000e+00  0.000000e+00  0.000000e+00  0.000000e+00  0.000000e+00  0.000000e+00
-2.130103  0.000000e+00  0.000000e+00  0.000000e+00  0.000000e+00  0.000000e+00  0.000000e+00
-2.127501  0.000000e+00  0.000000e+00  0.000000e+00  0.000000e+00  0.000000e+00  0.000000e+00
-2.124899  0.000000e+00  0.000000e+00  0.000000e+00  0.000000e+00  0.000000e+00  0.000000e+00
-2.122297  0.000000e+00  0.000000e+00  0.000000e+00  0.000000e+00  0.000000e+00  0.000000e+00
-2.119695  0.000000e+00  0.000000e+00  0.000000e+00  0.000000e+00  0.000000e+00  0.000000e+00
-2.117093  0.000000e+00  0.000000e+00  0.000000e+00  0.000000e+00  0.000000e+00  0.000000e+00
-2.114491  0.000000e+00  0.000000e+00  0.000000e+00  0.000000e+00  0.000000e+00  0.000000e+00
-2.111889  0.000000e+00  0.000000e+00  0.000000e+00  0.000000e+00  0.000000e+00  0.000000e+00
-2.109287  0.000000e+00  0.000000e+00  0.000000e+00  0.000000e+00  0.000000e+00  0.000000e+00
-2.106684  0.000000e+00  0.000000e+00  0.000000e+00  0.000000e+00  0.000000e+00  0.000000e+00
-2.104082  0.000000e+00  0.000000e+00  0.000000e+00  0.000000e+00  0.000000e+00  0.000000e+00
-2.101480  0.000000e+00  0.000000e+00  0.000000e+00  0.000000e+00  0.000000e+00  0.000000e+00
-2.098878  0.000000e+00  0.000000e+00  0.000000e+00  0.000000e+00  0.000000e+00  0.000000e+00
-2.096276  -1.629732e-04  -1.629732e-04  -1.629732e-04  -1.629732e-04  -1.629732e-04  -1.629732e-04
-2.093674  -1.572064e-04  -1.572064e-04  -1.572064e-04  -1.572064e-04  -1.572064e-04  -1.572064e-04
-2.091072  -1.511962e-04  -1.511962e-04  -1.511962e-04  -1.511962e-04  -1.511962e-04  -1.511962e-04
-2.088470  -1.449401e-04  -1.449401e-04  -1.449401e-04  -1.449401e-04  -1.449401e-04  -1.449401e-04
-2.085868  -1.384360e-04  -1.384360e-04  -1.384360e-04  -1.384360e-04  -1.384360e-04  -1.384360e-04
-2.083266  -1.316813e-04  -1.316813e-04  -1.316813e-04  -1.316813e-04  -1.316813e-04  -1.316813e-04
-2.080664  -1.246737e-04  -1.246737e-04  -1.246737e-04  -1.246737e-04  -1.246737e-04  -1.246737e-04
-2.078062  -1.174106e-04  -1.174106e-04  -1.174106e-04  -1.174106e-04  -1.174106e-04  -1.174106e-04
-2.075460  -1.098897e-04  -1.098897e-04  -1.098897e-04  -1.098897e-04  -1.098897e-04  -1.098897e-04
-2.072858  -1.021084e-04  -1.021084e-04  -1.021084e-04  -1.021084e-04  -1.021084e-04  -1.021084e-04
-2.070256  -9.406402e-05  -9.406402e-05  -9.406402e-05  -9.406402e-05  -9.406402e-05  -9.406402e-05
-2.067654  -8.575409e-05  -8.575409e-05  -8.575409e-05  -8.575409e-05  -8.575409e-05  -8.575409e-05
-2.065051  -7.717592e-05  -7.717592e-05  -7.717592e-05  -7.717592e-05  -7.717592e-05  -7.717592e-05
-2.062449  -6.832684e-05  -6.832684e-05  -6.832684e-05  -6.832684e-05  -6.832684e-05  -6.832684e-05
-2.059847  -5.920413e-05  -5.920413e-05  -5.920413e-05  -5.920413e-05  -5.920413e-05  -5.920413e-05
-2.057245  -4.980504e-05  -4.980504e-05  -4.980504e-05  -4.980504e-05  -4.980504e-05  -4.980504e-05
-2.054643  -4.012676e-05  -4.012676e-05  -4.012676e-05  -4.012676e-05  -4.012676e-05  -4.012676e-05
-2.052041  -3.016646e-05  -3.016646e-05  -3.016646e-05  -3.016646e-05  -3.016646e-05  -3.016646e-05
-2.049439  -1.992127e-05  -1.992127e-05  -1.992127e-05  -1.992127e-05  -1.992127e-05  -1.992127e-05
-2.046837  -9.388277e-06  -9.388277e-06  -9.388277e-06  -9.388277e-06  -9.388277e-06  -9.388277e-06
-2.044235  1.435482e-06  1.435482e-06  1.435482e-06  1.435482e-06  1.435482e-06  1.435482e-06
-2.041633  1.255300e-05  1.255300e-05  1.255300e-05  1.255300e-05  1.255300e-05  1.255300e-05
-2.039031  2.396733e-05  2.396733e-05  2.396733e-05  2.396733e-05  2.396733e-05  2.396733e-05
-2.036429  3.568153e-05  3.568153e-05  3.568153e-05  3.568153e-05  3.568153e-05  3.568153e-05
-2.033827  4.769875e-05  4.769875e-05  4.769875e-05  4.769875e-05  4.769875e-05  4.769875e-05
-2.031225  6.002215e-05  6.002215e-05  6.002215e-05  6.002215e-05  6.002215e-05  6.002215e-05
-2.028623  7.265494e-05  7.265494e-05  7.265494e-05  7.265494e-05  7.265494e-05  7.265494e-05
-2.026021  8.560037e-05  8.560037e-05  8.560037e-05  8.560037e-05  8.560037e-05  8.560037e-05
-2.023419  9.886176e-05  9.886176e-05  9.886176e-05  9.886176e-05  9.886176e-05  9.886176e-05
-2.020816  1.124425e-04  1.124425e-04  1.124425e-04  1.124425e-04  1.124425e-04  1.124425e-04
-2.018214  1.263458e-04  1.263458e-04  1.263458e-04  1.263458e-04  1.263458e-04  1.263458e-04
-2.015612  1.405754e-04  1.405754e-04  1.405754e-04  1.405754e-04  1.405754e-04  1.405754e-04
-2.013010  1.551345e-04  1.551345e-04  1.551345e-04  1.551345e-04  1.551345e-04  1.551345e-04
-2.010408  1.700268e-04  1.700268e-04  1.700268e-04  1.700268e-04  1.700268e-04  1.700268e-04
-2.007806  1.852558e-04  1.852558e-04  1.852558e-04  1.852558e-04  1.852558e-04  1.852558e-04
-2.005204  2.008253e-04  2.008253e-04  2.008253e-04  2.008253e-04  2.008253e-04  2.008253e-04
-2.002602  2.167387e-04  2.167387e-04  2.167387e-04  2.167387e-04  2.167387e-04  2.167387e-04
-2.000000  2.330000e-04  2.330000e-04  2.330000e-04  2.330000e-04  2.330000e-04  2.330000e-04
-1.997398  2.496128e-04  2.496128e-04  2.496128e-04  2.496128e-04  2.496128e-04  2.496128e-04
-1.994796  2.665811e-04  2.665811e-04  2.665811e-04  2.665811e-04  2.665811e-04  2.665811e-04
-1.992194  2.839086e-04  2.839086e-04  2.839086e-04  2.839086e-04  2.839086e-04  2.839086e-04
-1.989592  3.015994e-04  3.015994e-04  3.015994e-04  3.015994e-04  3.015994e-04  3.015994e-04
-1.986990  3.196574e-04  3.196574e-04  3.196574e-04  3.196574e-04  3.196574e-04  3.196574e-04
-1.984388  3.380866e-04  3.380866e-04  3.380866e-04  3.380866e-04  3.380866e-04  3.380866e-04
-1.981786  3.568913e-04  3.568913e-04  3.568913e-04  3.568913e-04  3.568913e-04  3.568913e-04
-1.979184  3.760754e-04  3.760754e-04  3.760754e-04  3.760754e-04  3.760754e-04  3.760754e-04
-1.976581  3.956433e-04  3.956433e-04  3.956433e-04  3.956433e-04  3.956433e-04  3.956433e-04
-1.973979  4.155991e-04  4.155991e-04  4.155991e-04  4.155991e-04  4.155991e-04  4.155991e-04
-1.971377  4.359473e-04  4.359473e-04  4.359473e-04  4.359473e-04  4.359473e-04  4.359473e-04
-1.968775  4.566922e-04  4.566922e-04  4.566922e-04  4.566922e-04  4.566922e-04  4.566922e-04
-1.966173  4.778382e-04  4.778382e-04  4.778382e-04  4.778382e-04  4.778382e-04  4.778382e-04
-1.963571  4.993899e-04  4.993899e-04  4.993899e-04  4.993899e-04  4.993899e-04  4.993899e-04
-1.960969  5.213517e-04  5.213517e-04  5.213517e-04  5.213517e-04  5.213517e-04  5.213517e-04
-1.958367  5.437284e-04  5.437284e-04  5.437284e-04  5.437284e-04  5.437284e-04  5.437284e-04
-1.955765  5.665245e-04  5.665245e-04  5.665245e-04  5.665245e-04  5.665245e-04  5.665245e-04
-1.953163  5.897449e-04  5.897449e-04  5.897449e-04  5.897449e-04  5.897449e-04  5.897449e-04
-1.950561  6.133943e-04  6.133943e-04  6.133943e-04  6.133943e-04  6.133943e-04  6.133943e-04
-1.947959  6.374776e-04  6.374776e-04  6.374776e-04  6.374776e-04  6.374776e-04  6.374776e-04
-1.945357  6.619997e-04  6.619997e-04  6.619997e-04  6.619997e-04  6.619997e-04  6.619997e-04
-1.942755  6.869657e-04  6.869657e-04  6.869657e-04  6.869657e-04  6.869657e-04  6.869657e-04
-1.940153  7.123805e-04  7.123805e-04  7.123805e-04  7.123805e-04  7.123805e-04  7.123805e-04
-1.937551  7.382493e-04  7.382493e-04  7.382493e-04  7.382493e-04  7.382493e-04  7.382493e-04
-1.934949  7.645774e-04  7.645774e-04  7.645774e-04  7.645774e-04  7.645774e-04  7.645774e-04
-1.932346  7.913699e-04  7.913699e-04  7.913699e-04  7.913699e-04  7.913699e-04  7.913699e-04
-1.929744  8.186322e-04  8.186322e-04  8.186322e-04  8.186322e-04  8.186322e-04  8.186322e-04
-1.927142  8.463696e-04  8.463696e-04  8.463696e-04  8.463696e-04  8.463696e-04  8.463696e-04
-1.924540  8.745878e-04  8.745878e-04  8.745878e-04  8.745878e-04  8.745878e-04  8.745878e-04
-1.921938  9.032921e-04  9.032921e-04  9.032921e-04  9.032921e-04  9.032921e-04  9.032921e-04
-1.919336  9.324883e-04  9.324883e-04  9.324883e-04  9.324883e-04  9.324883e-04  9.324883e-04
-1.916734  9.621820e-04  9.621820e-04  9.621820e-04  9.621820e-04  9.621820e-04  9.621820e-04
-1.914132  9.923789e-04  9.923789e-04  9.923789e-04  9.923789e-04  9.923789e-04  9.923789e-04
-1.911530  1.023085e-03  1.023085e-03  1.023085e-03  1.023085e-03  1.023085e-03  1.023085e-03
-1.908928  1.054306e-03  1.054306e-03  1.054306e-03  1.054306e-03  1.054306e-03  1.054306e-03
-1.906326  1.086048e-03  1.086048e-03  1.086048e-03  1.086048e-03  1.086048e-03  1.086048e-03
-1.903724  1.118317e-03  1.118317e-03  1.118317e-03  1.118317e-03  1.118317e-03  1.118317e-03
-1.901122  1.151119e-03  1.151119e-03  1.151119e-03  1.151119e-03  1.151119e-03  1.151119e-03
-1.898520  1.184461e-03  1.184461e-03  1.184461e-03  1.184461e-03  1.184461e-03  1.184461e-03
-1.895918  1.218349e-03  1.218349e-03  1.218349e-03  1.218349e-03  1.218349e-03  1.218349e-03
-1.893316  1.252788e-03  1.252788e-03  1.252788e-03  1.252788e-03  1.252788e-03  1.252788e-03
-1.890713  1.287786e-03  1.287786e-03  1.287786e-03  1.287786e-03  1.287786e-03  1.287786e-03
-1.888111  1.323350e-03  1.323350e-03  1.323350e-03  1.323350e-03  1.323350e-03  1.323350e-03
-1.885509  1.359485e-03  1.359485e-03  1.359485e-03  1.359485e-03  1.359485e-03  1.359485e-03
-1.882907  1.396198e-03  1.396198e-03  1.396198e-03  1.396198e-03  1.396198e-03  1.396198e-03
-1.880305  1.433497e-03  1.433497e-03  1.433497e-03  1.433497e-03  1.433497e-03  1.433497e-03
-1.877703  1.471388e-03  1.471388e-03  1.471388e-03  1.471388e-03  1.471388e-03  1.471388e-03
-1.875101  1.509878e-03  1.509878e-03  1.509878e-03  1.509878e-03  1.509878e-03  1.509878e-03
-1.872499  1.548974e-03  1.548974e-03  1.548974e-03  1.548974e-03  1.548974e-03  1.548974e-03
-1.869897  1.588684e-03  1.588684e-03  1.588684e-03  1.588684e-03  1.588684e-03  1.588684e-03
-1.867295  1.629014e-03  1.629014e-03  1.629014e-03  1.629014e-03  1.629014e-03  1.629014e-03
-1.864693  1.669972e-03  1.669972e-03  1.669972e-03  1.669972e-03  1.669972e-03  1.669972e-03
-1.862091  1.711566e-03  1.711566e-03  1.711566e-03  1.711566e-03  1.711566e-03  1.711566e-03
-1.859489  1.753803e-03  1.753803e-03  1.753803e-03  1.753803e-03  1.753803e-03  1.753803e-03
-1.856887  1.796690e-03  1.796690e-03  1.796690e-03  1.796690e-03  1.796690e-03  1.796690e-03
-1.854285  1.840235e-03  1.840235e-03  1.840235e-03  1.840235e-03  1.840235e-03  1.840235e-03
-1.851683  1.884447e-03  1.884447e-03  1.884447e-03  1.884447e-03  1.884447e-03  1.884447e-03
-1.849081  1.929332e-03  1.929332e-03  1.929332e-03  1.929332e-03  1.929332e-03  1.929332e-03
-1.846478  1.974900e-03  1.974900e-03  1.974900e-03  1.974900e-03  1.974900e-03  1.974900e-03
-1.843876  2.021157e-03  2.021157e-03  2.021157e-03  2.021157e-03  2.021157e-03  2.021157e-03
-1.841274  2.068113e-03  2.068113e-03  2.068113e-03  2.068113e-03  2.068113e-03  2.068113e-03
-1.838672  2.115776e-03  2.115776e-03  2.115776e-03  2.115776e-03  2.115776e-03  2.115776e-03
-1.836070  2.164154e-03  2.164154e-03  2.164154e-03  2.164154e-03  2.164154e-03  2.164154e-03
-1.833468  2.213256e-03  2.213256e-03  2.213256e-03  2.213256e-03  2.213256e-03  2.213256e-03
-1.830866  2.263090e-03  2.263090e-03  2.263090e-03  2.263090e-03  2.263090e-03  2.263090e-03
-1.828264  2.313665e-03  2.313665e-03  2.313665e-03  2.313665e-03  2.313665e-03  2.313665e-03
-1.825662  2.364990e-03  2.364990e-03  2.364990e-03  2.364990e-03  2.364990e-03  2.364990e-03
-1.823060  2.417075e-03  2.417075e-03  2.417075e-03  2.417075e-03  2.417075e-03  2.417075e-03
-1.820458  2.469941e-03  2.469941e-03  2.469941e-03  2.469941e-03  2.469941e-03  2.469941e-03
-1.817856  2.523636e-03  2.523636e-03  2.523636e-03  2.523636e-03  2.523636e-03  2.523636e-03
-1.815254  2.578206e-03  2.578206e-03  2.578206e-03  2.578206e-03  2.578206e-03  2.578206e-03
-1.812652  2.633701e-03  2.633701e-03  2.633701e-03  2.633701e-03  2.633701e-03  2.633701e-03
-1.810050  2.690170e-03  2.690170e-03  2.690170e-03  2.690170e-03  2.690170e-03  2.690170e-03
-1.807448  2.747662e-03  2.747662e-03  2.747662e-03  2.747662e-03  2.747662e-03  2.747662e-03
-1.804846  2.806227e-03  2.806227e-03  2.806227e-03  2.806227e-03  2.806227e-03  2.806227e-03
-1.802243  2.865918e-03  2.865918e-03  2.865918e-03  2.865918e-03  2.865918e-03  2.865918e-03
-1.799641  2.926785e-03  2.926785e-03  2.926785e-03  2.926785e-03  2.926785e-03  2.926785e-03
-1.797039  2.988880e-03  2.988880e-03  2.988880e-03  2.988880e-03  2.988880e-03  2.988880e-03
-1.794437  3.052257e-03  3.052257e-03  3.052257e-03  3.052257e-03  3.052257e-03  3.052257e-03
-1.791835  3.116970e-03  3.116970e-03  3.116970e-03  3.116970e-03  3.116970e-03  3.116970e-03
-1.789233  3.183072e-03  3.183072e-03  3.183072e-03  3.183072e-03  3.183072e-03  3.183072e-03
-1.786631  3.250618e-03  3.250618e-03  3.250618e-03  3.250618e-03  3.250618e-03  3.250618e-03
-1.784029  3.319665e-03  3.319665e-03  3.319665e-03  3.319665e-03  3.319665e-03  3.319665e-03
-1.781427  3.390267e-03  3.390267e-03  3.390267e-03  3.390267e-03  3.390267e-03  3.390267e-03
-1.778825  3.462483e-03  3.462483e-03  3.462483e-03  3.462483e-03  3.462483e-03  3.462483e-03
-1.776223  3.536371e-03  3.536371e-03  3.536371e-03  3.536371e-03  3.536371e-03  3.536371e-03
-1.773621  3.611987e-03  3.611987e-03  3.611987e-03  3.611987e-03  3.611987e-03  3.611987e-03
-1.771019  3.689393e-03  3.689393e-03  3.689393e-03  3.689393e-03  3.689393e-03  3.689393e-03
-1.768417  3.768647e-03  3.768647e-03  3.768647e-03  3.768647e-03  3.768647e-03  3.768647e-03
-1.765815  3.849810e-03  3.849810e-03  3.849810e-03  3.849810e-03  3.849810e-03  3.849810e-03
-1.763213  3.932944e-03  3.932944e-03  3.932944e-03  3.932944e-03  3.932944e-03  3.932944e-03
-1.760610  4.018111e-03  4.018111e-03  4.018111e-03  4.018111e-03  4.018111e-03  4.018111e-03
-1.758008  4.105374e-03  4.105374e-03  4.105374e-03  4.105374e-03  4.105374e-03  4.105374e-03
-1.755406  4.194797e-03  4.194797e-03  4.194797e-03  4.194797e-03  4.194797e-03  4.194797e-03
-1.752804  4.286445e-03  4.286445e-03  4.286445e-03  4.286445e-03  4.286445e-03  4.286445e-03
-1.750202  4.380382e-03  4.380382e-03  4.380382e-03  4.380382e-03  4.380382e-03  4.380382e-03
-1.747600  4.476675e-03  4.476675e-03  4.476675e-03  4.476675e-03  4.476675e-03  4.476675e-03
-1.744998  4.575392e-03  4.575392e-03  4.575392e-03  4.575392e-03  4.575392e-03  4.575392e-03
-1.742396  4.676600e-03  4.676600e-03  4.676600e-03  4.676600e-03  4.676600e-03  4.676600e-03
-1.739794  4.780368e-03  4.780368e-03  4.780368e-03  4.780368e-03  4.780368e-03  4.780368e-03
-1.737192  4.886766e-03  4.886766e-03  4.886766e-03  4.886766e-03  4.886766e-03  4.886766e-03
-1.734590  4.995865e-03  4.995865e-03  4.995865e-03  4.995865e-03  4.995865e-03  4.995865e-03
-1.731988  5.107735e-03  5.107735e-03  5.107735e-03  5.107735e-03  5.107735e-03  5.107735e-03
-1.729386  5.222450e-03  5.222450e-03  5.222450e-03  5.222450e-03  5.222450e-03  5.222450e-03
-1.726784  5.340082e-03  5.340082e-03  5.340082e-03  5.340082e-03  5.340082e-03  5.340082e-03
-1.724182  5.460707e-03  5.460707e-03  5.460707e-03  5.460707e-03  5.460707e-03  5.460707e-03
-1.721580  5.584398e-03  5.584398e-03  5.584398e-03  5.584398e-03  5.584398e-03  5.584398e-03
-1.718978  5.711233e-03  5.711233e-03  5.711233e-03  5.711233e-03  5.711233e-03  5.711233e-03
-1.716375  5.841289e-03  5.841289e-03  5.841289e-03  5.841289e-03  5.841289e-03  5.841289e-03
-1.713773  5.974644e-03  5.974644e-03  5.974644e-03  5.974644e-03  5.974644e-03  5.974644e-03
-1.711171  6.111376e-03  6.111376e-03  6.111376e-03  6.111376e-03  6.111376e-03  6.111376e-03
-1.708569  6.251567e-03  6.251567e-03  6.251567e-03  6.251567e-03  6.251567e-03  6.251567e-03
-1.705967  6.395297e-03  6.395297e-03  6.395297e-03  6.395297e-03  6.395297e-03  6.395297e-03
-1.703365  6.542649e-03  6.542649e-03  6.542649e-03  6.542649e-03  6.542649e-03  6.542649e-03
-1.700763  6.693705e-03  6.693705e-03  6.693705e-03  6.693705e-03  6.693705e-03  6.693705e-03
-1.698161  6.848552e-03  6.848552e-03  6.848552e-03  6.848552e-03  6.848552e-03  6.848552e-03
-1.695559  7.007277e-03  7.007277e-03  7.007277e-03  7.007277e-03  7.007277e-03  7.007277e-03
-1.692957  7.169977e-03  7.169977e-03  7.169977e-03  7.169977e-03  7.169977e-03  7.169977e-03
-1.690355  7.336751e-03  7.336751e-03  7.336751e-03  7.336751e-03  7.336751e-03  7.336751e-03
-1.687753  7.507699e-03  7.507699e-03  7.507699e-03  7.507699e-03  7.507699e-03  7.507699e-03
-1.685151  7.682921e-03  7.682921e-03  7.682921e-03  7.682921e-03  7.682921e-03  7.682921e-03
-1.682549  7.862519e-03  7.862519e-03  7.862519e-03  7.862519e-03  7.862519e-03  7.862519e-03
-1.679947  8.046597e-03  8.046597e-03  8.046597e-03  8.046597e-03  8.046597e-03  8.046597e-03
-1.677345  8.235261e-03  8.235261e-03  8.235261e-03  8.235261e-03  8.235261e-03  8.235261e-03
-1.674743  8.428615e-03  8.428615e-03  8.428615e-03  8.428615e-03  8.428615e-03  8.428615e-03
-1.672140  8.626769e-03  8.626769e-03  8.626769e-03  8.626769e-03  8.626769e-03  8.626769e-03
-1.669538  8.829830e-03  8.829830e-03  8.829830e-03  8.829830e-03  8.829830e-03  8.829830e-03
-1.666936  9.037909e-03  9.037909e-03  9.037909e-03  9.037909e-03  9.037909e-03  9.037909e-03
-1.664334  9.251118e-03  9.251118e-03  9.251118e-03  9.251118e-03  9.251118e-03  9.251118e-03
-1.661732  9.469570e-03  9.469570e-03  9.469570e-03  9.469570e-03  9.469570e-03  9.469570e-03
-1.659130  9.693380e-03  9.693380e-03  9.693380e-03  9.693380e-03  9.693380e-03  9.693380e-03
-1.656528  9.922664e-03  9.922664e-03  9.922664e-03  9.922664e-03  9.922664e-03  9.922664e-03
-1.653926  1.015754e-02  1.015754e-02  1.015754e-02  1.015754e-02  1.015754e-02  1.015754e-02
-1.651324  1.039813e-02  1.039813e-02  1.039813e-02  1.039813e-02  1.039813e-02  1.039813e-02
-1.648722  1.064455e-02  1.064455e-02  1.064455e-02  1.064455e-02  1.064455e-02  1.064455e-02
-1.646120  1.089692e-02  1.089692e-02  1.089692e-02  1.089692e-02  1.089692e-02  1.089692e-02
-1.643518  1.115537e-02  1.115537e-02  1.115537e-02  1.115537e-02  1.115537e-02  1.115537e-02
-1.640916  1.142002e-02  1.142002e-02  1.142002e-02  1.142002e-02  1.142002e-02  1.142002e-02
-1.638314  1.169101e-02  1.169101e-02  1.169101e-02  1.169101e-02  1.169101e-02  1.169101e-02
-1.635712  1.196845e-02  1.196845e-02  1.196845e-02  1.196845e-02  1.196845e-02  1.196845e-02
-1.633110  1.225248e-02  1.225248e-02  1.225248e-02  1.225248e-02  1.225248e-02  1.225248e-02
-1.630507  1.254324e-02  1.254324e-02  1.254324e-02  1.254324e-02  1.254324e-02  1.254324e-02
-1.627905  1.284085e-02  1.284085e-02  1.284085e-02  1.284085e-02  1.284085e-02  1.284085e-02
-1.625303  1.314545e-02  1.314545e-02  1.314545e-02  1.314545e-02  1.314545e-02  1.314545e-02
-1.622701  1.345718e-02  1.345718e-02  1.345718e-02  1.345718e-02  1.345718e-02  1.345718e-02
-1.620099  1.377618e-02  1.377618e-02  1.377618e-02  1.377618e-02  1.377618e-02  1.377618e-02
-1.617497  1.410259e-02  1.410259e-02  1.410259e-02  1.410259e-02  1.410259e-02  1.410259e-02
-1.614895  1.443654e-02  1.443654e-02  1.443654e-02  1.443654e-02  1.443654e-02  1.443654e-02
-1.612293  1.477820e-02  1.477820e-02  1.477820e-02  1.477820e-02  1.477820e-02  1.477820e-02
-1.609691  1.512769e-02  1.512769e-02  1.512769e-02  1.512769e-02  1.512769e-02  1.512769e-02
-1.607089  1.548518e-02  1.548518e-02  1.548518e-02  1.548518e-02  1.548518e-02  1.548518e-02
-1.604487  1.585081e-02  1.585081e-02  1.585081e-02  1.585081e-02  1.585081e-02  1.585081e-02
-1.601885  1.622473e-02  1.622473e-02  1.622473e-02  1.622473e-02  1.622473e-02  1.622473e-02
-1.599283  1.660710e-02  1.660710e-02  1.660710e-02  1.660710e-02  1.660710e-02  1.660710e-02
-1.596681  1.699807e-02  1.699807e-02  1.699807e-02  1.699807e-02  1.699807e-02  1.699807e-02
-1.594079  1.739780e-02  1.739780e-02  1.739780e-02  1.739780e-02  1.739780e-02  1.739780e-02
-1.591477  1.780646e-02  1.780646e-02  1.780646e-02  1.780646e-02  1.780646e-02  1.780646e-02
-1.588875  1.822419e-02  1.822419e-02  1.822419e-02  1.822419e-02  1.822419e-02  1.822419e-02
-1.586272  1.865118e-02  1.865118e-02  1.865118e-02  1.865118e-02  1.865118e-02  1.865118e-02
-1.583670  1.908759e-02  1.908759e-02  1.908759e-02  1.908759e-02  1.908759e-02  1.908759e-02
-1.581068  1.953357e-02  1.953357e-02  1.953357e-02  1.953357e-02  1.953357e-02  1.953357e-02
-1.578466  1.998932e-02  1.998932e-02  1.998932e-02  1.998932e-02  1.998932e-02  1.998932e-02
-1.575864  2.045499e-02  2.045499e-02  2.045499e-02  2.045499e-02  2.045499e-02  2.045499e-02
-1.573262  2.093076e-02  2.093076e-02  2.093076e-02  2.093076e-02  2.093076e-02  2.093076e-02
-1.570660  2.141682e-02  2.141682e-02  2.141682e-02  2.141682e-02  2.141682e-02  2.141682e-02
-1.568058  2.191334e-02  2.191334e-02  2.191334e-02  2.191334e-02  2.191334e-02  2.191334e-02
-1.565456  2.242050e-02  2.242050e-02  2.242050e-02  2.242050e-02  2.242050e-02  2.242050e-02
-1.562854  2.293849e-02  2.293849e-02  2.293849e-02  2.293849e-02  2.293849e-02  2.293849e-02
-1.560252  2.346749e-02  2.346749e-02  2.346749e-02  2.346749e-02  2.346749e-02  2.346749e-02
-1.557650  2.400770e-02  2.400770e-02  2.400770e-02  2.400770e-02  2.400770e-02  2.400770e-02
-1.555048  2.455931e-02  2.455931e-02  2.455931e-02  2.455931e-02  2.455931e-02  2.455931e-02
-1.552446  2.512251e-02  2.512251e-02  2.512251e-02  2.512251e-02  2.512251e-02  2.512251e-02
-1.549844  2.569750e-02  2.569750e-02  2.569750e-02  2.569750e-02  2.569750e-02  2.569750e-02
-1.547242  2.628447e-02  2.628447e-02  2.628447e-02  2.628447e-02  2.628447e-02  2.628447e-02
-1.544640  2.688364e-02  2.688364e-02  2.688364e-02  2.688364e-02  2.688364e-02  2.688364e-02
-1.542037  2.749520e-02  2.749520e-02  2.749520e-02  2.749520e-02  2.749520e-02  2.749520e-02
-1.539435  2.811936e-02  2.811936e-02  2.811936e-02  2.811936e-02  2.811936e-02  2.811936e-02
-1.536833  2.875633e-02  2.875633e-02  2.875633e-02  2.875633e-02  2.875633e-02  2.875633e-02
-1.534231  2.940633e-02  2.940633e-02  2.940633e-02  2.940633e-02  2.940633e-02  2.940633e-02
-1.531629  3.006957e-02  3.006957e-02  3.006957e-02  3.006957e-02  3.006957e-02  3.006957e-02
-1.529027  3.074627e-02  3.074627e-02  3.074627e-02  3.074627e-02  3.074627e-02  3.074627e-02
-1.526425  3.143665e-02  3.143665e-02  3.143665e-02  3.143665e-02  3.143665e-02  3.143665e-02
-1.523823  3.214094e-02  3.214094e-02  3.214094e-02  3.214094e-02  3.214094e-02  3.214094e-02
-1.521221  3.285935e-02  3.285935e-02  3.285935e-02  3.285935e-02  3.285935e-02  3.285935e-02
-1.518619  3.359207e-02  3.359207e-02  3.359207e-02  3.359207e-02  3.359207e-02  3.359207e-02
-1.516017  3.433925e-02  3.433925e-02  3.433925e-02  3.433925e-02  3.433925e-02  3.433925e-02
-1.513415  3.510105e-02  3.510105e-02  3.510105e-02  3.510105e-02  3.510105e-02  3.510105e-02
-1.510813  3.587762e-02  3.587762e-02  3.587762e-02  3.587762e-02  3.587762e-02  3.587762e-02
-1.508211  3.666911e-02  3.666911e-02  3.666911e-02  3.666911e-02  3.666911e-02  3.666911e-02
-1.505609  3.747569e-02  3.747569e-02  3.747569e-02  3.747569e-02  3.747569e-02  3.747569e-02
-1.503007  3.829753e-02  3.829753e-02  3.829753e-02  3.829753e-02  3.829753e-02  3.829753e-02
-1.500404  3.913478e-02  3.913478e-02  3.913478e-02  3.913478e-02  3.913478e-02  3.913478e-02
-1.497802  3.998760e-02  3.998760e-02  3.998760e-02  3.998760e-02  3.998760e-02  3.998760e-02
-1.495200  4.085618e-02  4.085618e-02  4.085618e-02  4.085618e-02  4.085618e-02  4.085618e-02
-1.492598  4.174067e-02  4.174067e-02  4.174067e-02  4.174067e-02  4.174067e-02  4.174067e-02
-1.489996  4.264126e-02  4.264126e-02  4.264126e-02  4.264126e-02  4.264126e-02  4.264126e-02
-1.487394  4.355812e-02  4.355812e-02  4.355812e-02  4.355812e-02  4.355812e-02  4.355812e-02
-1.484792  4.449142e-02  4.449142e-02  4.449142e-02  4.449142e-02  4.449142e-02  4.449142e-02
-1.482190  4.544134e-02  4.544134e-02  4.544134e-02  4.544134e-02  4.544134e-02  4.544134e-02
-1.479588  4.640807e-02  4.640807e-02  4.640807e-02  4.640807e-02  4.640807e-02  4.640807e-02
-1.476986  4.739180e-02  4.739180e-02  4.739180e-02  4.739180e-02  4.739180e-02  4.739180e-02
-1.474384  4.839270e-02  4.839270e-02  4.839270e-02  4.839270e-02  4.839270e-02  4.839270e-02
-1.471782  4.941097e-02  4.941097e-02  4.941097e-02  4.941097e-02  4.941097e-02  4.941097e-02
-1.469180  5.044680e-02  5.044680e-02  5.044680e-02  5.044680e-02  5.044680e-02  5.044680e-02
-1.466578  5.150038e-02  5.150038e-02  5.150038e-02  5.150038e-02  5.150038e-02  5.150038e-02
-1.463976  5.257192e-02  5.257192e-02  5.257192e-02  5.257192e-02  5.257192e-02  5.257192e-02
-1.461374  5.366160e-02  5.366160e-02  5.366160e-02  5.366160e-02  5.366160e-02  5.366160e-02
-1.458772  5.476964e-02  5.476964e-02  5.476964e-02  5.476964e-02  5.476964e-02  5.476964e-02
-1.456169  5.589624e-02  5.589624e-02  5.589624e-02  5.589624e-02  5.589624e-02  5.589624e-02
-1.453567  5.704162e-02  5.704162e-02  5.704162e-02  5.704162e-02  5.704162e-02  5.704162e-02
-1.450965  5.820612e-02  5.820612e-02  5.820612e-02  5.820612e-02  5.820612e-02  5.820612e-02
-1.448363  5.939012e-02  5.939012e-02  5.939012e-02  5.939012e-02  5.939012e-02  5.939012e-02
-1.445761  6.059400e-02  6.059400e-02  6.059400e-02  6.059400e-02  6.059400e-02  6.059400e-02
-1.443159  6.181813e-02  6.181813e-02  6.181813e-02  6.181813e-02  6.181813e-02  6.181813e-02
-1.440557  6.306292e-02  6.306292e-02  6.306292e-02  6.306292e-02  6.306292e-02  6.306292e-02
-1.437955  6.432874e-02  6.432874e-02  6.432874e-02  6.432874e-02  6.432874e-02  6.432874e-02
-1.435353  6.561602e-02  6.561602e-02  6.561602e-02  6.561602e-02  6.561602e-02  6.561602e-02
-1.432751  6.692514e-02  6.692514e-02  6.692514e-02  6.692514e-02  6.692514e-02  6.692514e-02
-1.430149  6.825651e-02  6.825651e-02  6.825651e-02  6.825651e-02  6.825651e-02  6.825651e-02
-1.427547  6.961056e-02  6.961056e-02  6.961056e-02  6.961056e-02  6.961056e-02  6.961056e-02
-1.424945  7.098770e-02  7.098770e-02  7.098770e-02  7.098770e-02  7.098770e-02  7.098770e-02
-1.422343  7.238835e-02  7.238835e-02  7.238835e-02  7.238835e-02  7.238835e-02  7.238835e-02
-1.419741  7.381296e-02  7.381296e-02  7.381296e-02  7.381296e-02  7.381296e-02  7.381296e-02
-1.417139  7.526194e-02  7.526194e-02  7.526194e-02  7.526194e-02  7.526194e-02  7.526194e-02
-1.414537  7.673575e-02  7.673575e-02  7.673575e-02  7.673575e-02  7.673575e-02  7.673575e-02
-1.411934  7.823483e-02  7.823483e-02  7.823483e-02  7.823483e-02  7.823483e-02  7.823483e-02
-1.409332  7.975963e-02  7.975963e-02  7.975963e-02  7.975963e-02  7.975963e-02  7.975963e-02
-1.406730  8.131062e-02  8.131062e-02  8.131062e-02  8.131062e-02  8.131062e-02  8.131062e-02
-1.404128  8.288825e-02  8.288825e-02  8.288825e-02  8.288825e-02  8.288825e-02  8.288825e-02
-1.401526  8.449300e-02  8.449300e-02  8.449300e-02  8.449300e-02  8.449300e-02  8.449300e-02
-1.398924  8.612534e-02  8.612534e-02  8.612534e-02  8.612534e-02  8.612534e-02  8.612534e-02
-1.396322  8.809339e-02  8.809339e-02  8.809339e-02  8.809339e-02  8.809339e-02  8.809339e-02
-1.393720  8.976624e-02  8.976624e-02  8.976624e-02  8.976624e-02  8.976624e-02  8.976624e-02
-1.391118  9.146587e-02  9.146587e-02  9.146587e-02  9.146587e-02  9.146587e-02  9.146587e-02
-1.388516  9.319264e-02  9.319264e-02  9.319264e-02  9.319264e-02  9.319264e-02  9.319264e-02
-1.385914  9.494694e-02  9.494694e-02  9.494694e-02  9.494694e-02  9.494694e-02  9.494694e-02
-1.383312  9.672913e-02  9.672913e-02  9.672913e-02  9.672913e-02  9.672913e-02  9.672913e-02
-1.380710  9.853960e-02  9.853960e-02  9.853960e-02  9.853960e-02  9.853960e-02  9.853960e-02
-1.378108  1.003787e-01  1.003787e-01  1.003787e-01  1.003787e-01  1.003787e-01  1.003787e-01
-1.375506  1.022469e-01  1.022469e-01  1.022469e-01  1.022469e-01  1.022469e-01  1.022469e-01
-1.372904  1.041446e-01  1.041446e-01  1.041446e-01  1.041446e-01  1.041446e-01  1.041446e-01
-1.370301  1.060721e-01  1.060721e-01  1.060721e-01  1.060721e-01  1.060721e-01  1.060721e-01
-1.367699  1.080298e-01  1.080298e-01  1.080298e-01  1.080298e-01  1.080298e-01  1.080298e-01
-1.365097  1.100183e-01  1.100183e-01  1.100183e-01  1.100183e-01  1.100183e-01  1.100183e-01
-1.362495  1.120378e-01  1.120378e-01  1.120378e-01  1.120378e-01  1.120378e-01  1.120378e-01
-1.359893  1.140889e-01  1.140889e-01  1.140889e-01  1.140889e-01  1.140889e-01  1.140889e-01
-1.357291  1.161718e-01  1.161718e-01  1.161718e-01  1.161718e-01  1.161718e-01  1.161718e-01
-1.354689  1.182872e-01  1.182872e-01  1.182872e-01  1.182872e-01  1.182872e-01  1.182872e-01
-1.352087  1.204354e-01  1.204354e-01  1.204354e-01  1.204354e-01  1.204354e-01  1.204354e-01
-1.349485  1.226168e-01  1.226168e-01  1.226168e-01  1.226168e-01  1.226168e-01  1.226168e-01
-1.346883  1.248320e-01  1.248320e-01  1.248320e-01  1.248320e-01  1.248320e-01  1.248320e-01
-1.344281  1.270813e-01  1.270813e-01  1.270813e-01  1.270813e-01  1.270813e-01  1.270813e-01
-1.341679  1.293653e-01  1.293653e-01  1.293653e-01  1.293653e-01  1.293653e-01  1.293653e-01
-1.339077  1.316843e-01  1.316843e-01  1.316843e-01  1.316843e-01  1.316843e-01  1.316843e-01
-1.336475  1.340389e-01  1.340389e-01  1.340389e-01  1.340389e-01  1.340389e-01  1.340389e-01
-1.333873  1.364296e-01  1.364296e-01  1.364296e-01  1.364296e-01  1.364296e-01  1.364296e-01
-1.331271  1.388568e-01  1.388568e-01  1.388568e-01  1.388568e-01  1.388568e-01  1.388568e-01
-1.328669  1.413210e-01  1.413210e-01  1.413210e-01  1.413210e-01  1.413210e-01  1.413210e-01
-1.326066  1.438228e-01  1.438228e-01  1.438228e-01  1.438228e-01  1.438228e-01  1.438228e-01
-1.323464  1.463626e-01  1.463626e-01  1.463626e-01  1.463626e-01  1.463626e-01  1.463626e-01
-1.320862  1.489409e-01  1.489409e-01  1.489409e-01  1.489409e-01  1.489409e-01  1.489409e-01
-1.318260  1.515582e-01  1.515582e-01  1.515582e-01  1.515582e-01  1.515582e-01  1.515582e-01
-1.315658  1.542152e-01  1.542152e-01  1.542152e-01  1.542152e-01  1.542152e-01  1.542152e-01
-1.313056  1.569122e-01  1.569122e-01  1.569122e-01  1.569122e-01  1.569122e-01  1.569122e-01
-1.310454  1.596499e-01  1.596499e-01  1.596499e-01  1.596499e-01  1.596499e-01  1.596499e-01
-1.307852  1.624288e-01  1.624288e-01  1.624288e-01  1.624288e-01  1.624288e-01  1.624288e-01
-1.305250  1.652494e-01  1.652494e-01  1.652494e-01  1.652494e-01  1.652494e-01  1.652494e-01
-1.302648  1.681123e-01  1.681123e-01  1.681123e-01  1.681123e-01  1.681123e-01  1.681123e-01
-1.300046  1.710181e-01  1.710181e-01  1.710181e-01  1.710181e-01  1.710181e-01  1.710181e-01
-1.297444  1.739673e-01  1.739673e-01  1.739673e-01  1.739673e-01  1.739673e-01  1.739673e-01
-1.294842  1.769605e-01  1.769605e-01  1.769605e-01  1.769605e-01  1.769605e-01  1.769605e-01
-1.292240  1.799983e-01  1.799983e-01  1.799983e-01  1.799983e-01  1.799983e-01  1.799983e-01
-1.289638  1.830813e-01  1.830813e-01  1.830813e-01  1.830813e-01  1.830813e-01  1.830813e-01
-1.287036  1.862100e-01  1.862100e-01  1.862100e-01  1.862100e-01  1.862100e-01  1.862100e-01
-1.284434  1.893852e-01  1.893852e-01  1.893852e-01  1.893852e-01  1.893852e-01  1.893852e-01
-1.281831  1.926074e-01  1.926074e-01  1.926074e-01  1.926074e-01  1.926074e-01  1.926074e-01
-1.279229  1.958772e-01  1.958772e-01  1.958772e-01  1.958772e-01  1.958772e-01  1.958772e-01
-1.276627  1.991953e-01  1.991953e-01  1.991953e-01  1.991953e-01  1.991953e-01  1.991953e-01
-1.274025  2.025623e-01  2.025623e-01  2.025623e-01  2.025623e-01  2.025623e-01  2.025623e-01
-1.271423  2.059788e-01  2.059788e-01  2.059788e-01  2.059788e-01  2.059788e-01  2.059788e-01
-1.268821  2.094455e-01  2.094455e-01  2.094455e-01  2.094455e-01  2.094455e-01  2.094455e-01
-1.266219  2.129632e-01  2.129632e-01  2.129632e-01  2.129632e-01  2.129632e-01  2.129632e-01
-1.263617  2.165323e-01  2.165323e-01  2.165323e-01  2.165323e-01  2.165323e-01  2.165323e-01
-1.261015  2.201537e-01  2.201537e-01  2.201537e-01  2.201537e-01  2.201537e-01  2.201537e-01
-1.258413  2.238280e-01  2.238280e-01  2.238280e-01  2.238280e-01  2.238280e-01  2.238280e-01
-1.255811  2.275559e-01  2.275559e-01  2.275559e-01  2.275559e-01  2.275559e-01  2.275559e-01
-1.253209  2.313381e-01  2.313381e-01  2.313381e-01  2.313381e-01  2.313381e-01  2.313381e-01
-1.250607  2.351753e-01  2.351753e-01  2.351753e-01  2.351753e-01  2.351753e-01  2.351753e-01
-1.248005  2.390683e-01  2.390683e-01  2.390683e-01  2.390683e-01  2.390683e-01  2.390683e-01
-1.245403  2.430178e-01  2.430178e-01  2.430178e-01  2.430178e-01  2.430178e-01  2.430178e-01
-1.242801  2.470245e-01  2.470245e-01  2.470245e-01  2.470245e-01  2.470245e-01  2.470245e-01
-1.240198  2.510892e-01  2.510892e-01  2.510892e-01  2.510892e-01  2.510892e-01  2.510892e-01
-1.237596  2.552127e-01  2.552127e-01  2.552127e-01  2.552127e-01  2.552127e-01  2.552127e-01
-1.234994  2.593956e-01  2.593956e-01  2.593956e-01  2.593956e-01  2.593956e-01  2.593956e-01
-1.232392  2.636389e-01  2.636389e-01  2.636389e-01  2.636389e-01  2.636389e-01  2.636389e-01
-1.229790  2.679432e-01  2.679432e-01  2.679432e-01  2.679432e-01  2.679432e-01  2.679432e-01
-1.227188  2.723094e-01  2.723094e-01  2.723094e-01  2.723094e-01  2.723094e-01  2.723094e-01
-1.224586  2.767383e-01  2.767383e-01  2.767383e-01  2.767383e-01  2.767383e-01  2.767383e-01
-1.221984  2.812307e-01  2.812307e-01  2.812307e-01  2.812307e-01  2.812307e-01  2.812307e-01
-1.219382  2.857875e-01  2.857875e-01  2.857875e-01  2.857875e-01  2.857875e-01  2.857875e-01
-1.216780  2.904094e-01  2.904094e-01  2.904094e-01  2.904094e-01  2.904094e-01  2.904094e-01
-1.214178  2.950974e-01  2.950974e-01  2.950974e-01  2.950974e-01  2.950974e-01  2.950974e-01
-1.211576  2.998523e-01  2.998523e-01  2.998523e-01  2.998523e-01  2.998523e-01  2.998523e-01
-1.208974  3.046749e-01  3.046749e-01  3.046749e-01  3.046749e-01  3.046749e-01  3.046749e-01
-1.206372  3.095662e-01  3.095662e-01  3.095662e-01  3.095662e-01  3.095662e-01  3.095662e-01
-1.203770  3.145271e-01  3.145271e-01  3.145271e-01  3.145271e-01  3.145271e-01  3.145271e-01
-1.201168  3.195584e-01  3.195584e-01  3.195584e-01  3.195584e-01  3.195584e-01  3.195584e-01
-1.198566  3.246610e-01  3.246610e-01  3.246610e-01  3.246610e-01  3.246610e-01  3.246610e-01
-1.195963  3.298360e-01  3.298360e-01  3.298360e-01  3.298360e-01  3.298360e-01  3.298360e-01
-1.193361  3.350841e-01  3.350841e-01  3.350841e-01  3.350841e-01  3.350841e-01  3.350841e-01
-1.190759  3.404065e-01  3.404065e-01  3.404065e-01  3.404065e-01  3.404065e-01  3.404065e-01
-1.188157  3.458040e-01  3.458040e-01  3.458040e-01  3.458040e-01  3.458040e-01  3.458040e-01
-1.185555  3.512777e-01  3.512777e-01  3.512777e-01  3.512777e-01  3.512777e-01  3.512777e-01
-1.182953  3.568285e-01  3.568285e-01  3.568285e-01  3.568285e-01  3.568285e-01  3.568285e-01
-1.180351  3.624573e-01  3.624573e-01  3.624573e-01  3.624573e-01  3.624573e-01  3.624573e-01
-1.177749  3.681654e-01  3.681654e-01  3.681654e-01  3.681654e-01  3.681654e-01  3.681654e-01
-1.175147  3.739535e-01  3.739535e-01  3.739535e-01  3.739535e-01  3.739535e-01  3.739535e-01
-1.172545  3.798229e-01  3.798229e-01  3.798229e-01  3.798229e-01  3.798229e-01  3.798229e-01
-1.169943  3.857744e-01  3.857744e-01  3.857744e-01  3.857744e-01  3.857744e-01  3.857744e-01
-1.167341  3.918093e-01  3.918093e-01  3.918093e-01  3.918093e-01  3.918093e-01  3.918093e-01
-1.164739  3.979286e-01  3.979286e-01  3.979286e-01  3.979286e-01  3.979286e-01  3.979286e-01
-1.162137  4.041333e-01  4.041333e-01  4.041333e-01  4.041333e-01  4.041333e-01  4.041333e-01
-1.159535  4.104246e-01  4.104246e-01  4.104246e-01  4.104246e-01  4.104246e-01  4.104246e-01
-1.156933  4.168036e-01  4.168036e-01  4.168036e-01  4.168036e-01  4.168036e-01  4.168036e-01
-1.154331  4.232715e-01  4.232715e-01  4.232715e-01  4.232715e-01  4.232715e-01  4.232715e-01
-1.151728  4.298293e-01  4.298293e-01  4.298293e-01  4.298293e-01  4.298293e-01  4.298293e-01
-1.149126  4.364782e-01  4.364782e-01  4.364782e-01  4.364782e-01  4.364782e-01  4.364782e-01
-1.146524  4.432194e-01  4.432194e-01  4.432194e-01  4.432194e-01  4.432194e-01  4.432194e-01
-1.143922  4.500541e-01  4.500541e-01  4.500541e-01  4.500541e-01  4.500541e-01  4.500541e-01
-1.141320  4.569835e-01  4.569835e-01  4.569835e-01  4.569835e-01  4.569835e-01  4.569835e-01
-1.138718  4.640088e-01  4.640088e-01  4.640088e-01  4.640088e-01  4.640088e-01  4.640088e-01
-1.136116  4.711313e-01  4.711313e-01  4.711313e-01  4.711313e-01  4.711313e-01  4.711313e-01
-1.133514  4.783522e-01  4.783522e-01  4.783522e-01  4.783522e-01  4.783522e-01  4.783522e-01
-1.130912  4.856727e-01  4.856727e-01  4.856727e-01  4.856727e-01  4.856727e-01  4.856727e-01
-1.128310  4.930942e-01  4.930942e-01  4.930942e-01  4.930942e-01  4.930942e-01  4.930942e-01
-1.125708  5.006179e-01  5.006179e-01  5.006179e-01  5.006179e-01  5.006179e-01  5.006179e-01
-1.123106  5.082451e-01  5.082451e-01  5.082451e-01  5.082451e-01  5.082451e-01  5.082451e-01
-1.120504  5.159772e-01  5.159772e-01  5.159772e-01  5.159772e-01  5.159772e-01  5.159772e-01
-1.117902  5.238156e-01  5.238156e-01  5.238156e-01  5.238156e-01  5.238156e-01  5.238156e-01
-1.115300  5.317615e-01  5.317615e-01  5.317615e-01  5.317615e-01  5.317615e-01  5.317615e-01
-1.112698  5.398164e-01  5.398164e-01  5.398164e-01  5.398164e-01  5.398164e-01  5.398164e-01
-1.110095  5.479817e-01  5.479817e-01  5.479817e-01  5.479817e-01  5.479817e-01  5.479817e-01
-1.107493  5.562587e-01  5.562587e-01  5.562587e-01  5.562587e-01  5.562587e-01  5.562587e-01
-1.104891  5.646489e-01  5.646489e-01  5.646489e-01  5.646489e-01  5.646489e-01  5.646489e-01
-1.102289  5.731538e-01  5.731538e-01  5.731538e-01  5.731538e-01  5.731538e-01  5.731538e-01
-1.099687  5.817748e-01  5.817748e-01  5.817748e-01  5.817748e-01  5.817748e-01  5.817748e-01
-1.097085  5.905134e-01  5.905134e-01  5.905134e-01  5.905134e-01  5.905134e-01  5.905134e-01
-1.094483  5.993711e-01  5.993711e-01  5.993711e-01  5.993711e-01  5.993711e-01  5.993711e-01
-1.091881  6.083494e-01  6.083494e-01  6.083494e-01  6.083494e-01  6.083494e-01  6.083494e-01
-1.089279  6.174499e-01  6.174499e-01  6.174499e-01  6.174499e-01  6.174499e-01  6.174499e-01
-1.086677  6.266741e-01  6.266741e-01  6.266741e-01  6.266741e-01  6.266741e-01  6.266741e-01
-1.084075  6.360236e-01  6.360236e-01  6.360236e-01  6.360236e-01  6.360236e-01  6.360236e-01
-1.081473  6.455000e-01  6.455000e-01  6.455000e-01  6.455000e-01  6.455000e-01  6.455000e-01
-1.078871  6.551049e-01  6.551049e-01  6.551049e-01  6.551049e-01  6.551049e-01  6.551049e-01
-1.076269  6.648400e-01  6.648400e-01  6.648400e-01  6.648400e-01  6.648400e-01  6.648400e-01
-1.073667  6.747068e-01  6.747068e-01  6.747068e-01  6.747068e-01  6.747068e-01  6.747068e-01
-1.071065  6.847072e-01  6.847072e-01  6.847072e-01  6.847072e-01  6.847072e-01  6.847072e-01
-1.068463  6.948428e-01  6.948428e-01  6.948428e-01  6.948428e-01  6.948428e-01  6.948428e-01
-1.065860  7.051152e-01  7.051152e-01  7.051152e-01  7.051152e-01  7.051152e-01  7.051152e-01
-1.063258  7.155264e-01  7.155264e-01  7.155264e-01  7.155264e-01  7.155264e-01  7.155264e-01
-1.060656  7.260779e-01  7.260779e-01  7.260779e-01  7.260779e-01  7.260779e-01  7.260779e-01
-1.058054  7.367716e-01  7.367716e-01  7.367716e-01  7.367716e-01  7.367716e-01  7.367716e-01
-1.055452  7.476094e-01  7.476094e-01  7.476094e-01  7.476094e-01  7.476094e-01  7.476094e-01
-1.052850  7.585930e-01  7.585930e-01  7.585930e-01  7.585930e-01  7.585930e-01  7.585930e-01
-1.050248  7.697242e-01  7.697242e-01  7.697242e-01  7.697242e-01  7.697242e-01  7.697242e-01
-1.047646  7.810050e-01  7.810050e-01  7.810050e-01  7.810050e-01  7.810050e-01  7.810050e-01
-1.045044  7.924373e-01  7.924373e-01  7.924373e-01  7.924373e-01  7.924373e-01  7.924373e-01
-1.042442  8.040230e-01  8.040230e-01  8.040230e-01  8.040230e-01  8.040230e-01  8.040230e-01
-1.039840  8.157640e-01  8.157640e-01  8.157640e-01  8.157640e-01  8.157640e-01  8.157640e-01
-1.037238  8.276623e-01  8.276623e-01  8.276623e-01  8.276623e-01  8.276623e-01  8.276623e-01
-1.034636  8.397199e-01  8.397199e-01  8.397199e-01  8.397199e-01  8.397199e-01  8.397199e-01
-1.032034  8.519387e-01  8.519387e-01  8.519387e-01  8.519387e-01  8.519387e-01  8.519387e-01
-1.029432  8.643210e-01  8.643210e-01  8.643210e-01  8.643210e-01  8.643210e-01  8.643210e-01
-1.026830  8.768686e-01  8.768686e-01  8.768686e-01  8.768686e-01  8.768686e-01  8.768686e-01
-1.024228  8.895838e-01  8.895838e-01  8.895838e-01  8.895838e-01  8.895838e-01  8.895838e-01
-1.021625  9.024686e-01  9.024686e-01  9.024686e-01  9.024686e-01  9.024686e-01  9.024686e-01
-1.019023  9.155251e-01  9.155251e-01  9.155251e-01  9.155251e-01  9.155251e-01  9.155251e-01
-1.016421  9.287556e-01  9.287556e-01  9.287556e-01  9.287556e-01  9.287556e-01  9.287556e-01
-1.013819  9.421623e-01  9.421623e-01  9.421623e-01  9.421623e-01  9.421623e-01  9.421623e-01
-1.011217  9.557473e-01  9.557473e-01  9.557473e-01  9.557473e-01  9.557473e-01  9.557473e-01
-1.008615  9.695130e-01  9.695130e-01  9.695130e-01  9.695130e-01  9.695130e-01  9.695130e-01
-1.006013  9.834615e-01  9.834615e-01  9.834615e-01  9.834615e-01  9.834615e-01  9.834615e-01
-1.003411  9.975953e-01  9.975953e-01  9.975953e-01  9.975953e-01  9.975953e-01  9.975953e-01
-1.000809  1.011917e+00  1.011917e+00  1.011917e+00  1.011917e+00  1.011917e+00  1.011917e+00
-0.998207  1.026428e+00  1.026428e+00  1.026428e+00  1.026428e+00  1.026428e+00  1.026428e+00
-0.995605  1.041131e+00  1.041131e+00  1.041131e+00  1.041131e+00  1.041131e+00  1.041131e+00
-0.993003  1.056030e+00  1.056030e+00  1.056030e+00  1.056030e+00  1.056030e+00  1.056030e+00
-0.990401  1.071125e+00  1.071125e+00  1.071125e+00  1.071125e+00  1.071125e+00  1.071125e+00
-0.987799  1.086420e+00  1.086420e+00  1.086420e+00  1.086420e+00  1.086420e+00  1.086420e+00
-0.985197  1.101918e+00  1.101918e+00  1.101918e+00  1.101918e+00  1.101918e+00  1.101918e+00
-0.982595  1.117620e+00  1.117620e+00  1.117620e+00  1.117620e+00  1.117620e+00  1.117620e+00
-0.979992  1.133529e+00  1.133529e+00  1.133529e+00  1.133529e+00  1.133529e+00  1.133529e+00
-0.977390  1.149649e+00  1.149649e+00  1.149649e+00  1.149649e+00  1.149649e+00  1.149649e+00
-0.974788  1.165980e+00  1.165980e+00  1.165980e+00  1.165980e+00  1.165980e+00  1.165980e+00
-0.972186  1.182528e+00  1.182528e+00  1.182528e+00  1.182528e+00  1.182528e+00  1.182528e+00
-0.969584  1.199293e+00  1.199293e+00  1.199293e+00  1.199293e+00  1.199293e+00  1.199293e+00
-0.966982  1.216279e+00  1.216279e+00  1.216279e+00  1.216279e+00  1.216279e+00  1.216279e+00
-0.964380  1.233488e+00  1.233488e+00  1.233488e+00  1.233488e+00  1.233488e+00  1.233488e+00
-0.961778  1.250923e+00  1.250923e+00  1.250923e+00  1.250923e+00  1.250923e+00  1.250923e+00
-0.959176  1.268588e+00  1.268588e+00  1.268588e+00  1.268588e+00  1.268588e+00  1.268588e+00
-0.956574  1.286485e+00  1.286485e+00  1.286485e+00  1.286485e+00  1.286485e+00  1.286485e+00
-0.953972  1.304616e+00  1.304616e+00  1.304616e+00  1.304616e+00  1.304616e+00  1.304616e+00
-0.951370  1.322986e+00  1.322986e+00  1.322986e+00  1.322986e+00  1.322986e+00  1.322986e+00
-0.948768  1.341596e+00  1.341596e+00  1.341596e+00  1.341596e+00  1.341596e+00  1.341596e+00
-0.946166  1.360450e+00  1.360450e+00  1.360450e+00  1.360450e+00  1.360450e+00  1.360450e+00
-0.943564  1.379551e+00  1.379551e+00  1.379551e+00  1.379551e+00  1.379551e+00  1.379551e+00
-0.940962  1.398902e+00  1.398902e+00  1.398902e+00  1.398902e+00  1.398902e+00  1.398902e+00
-0.938360  1.418507e+00  1.418507e+00  1.418507e+00  1.418507e+00  1.418507e+00  1.418507e+00
-0.935757  1.438367e+00  1.438367e+00  1.438367e+00  1.438367e+00  1.438367e+00  1.438367e+00
-0.933155  1.458487e+00  1.458487e+00  1.458487e+00  1.458487e+00  1.458487e+00  1.458487e+00
-0.930553  1.478870e+00  1.478870e+00  1.478870e+00  1.478870e+00  1.478870e+00  1.478870e+00
-0.927951  1.499519e+00  1.499519e+00  1.499519e+00  1.499519e+00  1.499519e+00  1.499519e+00
-0.925349  1.520437e+00  1.520437e+00  1.520437e+00  1.520437e+00  1.520437e+00  1.520437e+00
-0.922747  1.541629e+00  1.541629e+00  1.541629e+00  1.541629e+00  1.541629e+00  1.541629e+00
-0.920145  1.563096e+00  1.563096e+00  1.563096e+00  1.563096e+00  1.563096e+00  1.563096e+00
-0.917543  1.584843e+00  1.584843e+00  1.584843e+00  1.584843e+00  1.584843e+00  1.584843e+00
-0.914941  1.606873e+00  1.606873e+00  1.606873e+00  1.606873e+00  1.606873e+00  1.606873e+00
-0.912339  1.629190e+00  1.629190e+00  1.629190e+00  1.629190e+00  1.629190e+00  1.629190e+00
-0.909737  1.651797e+00  1.651797e+00  1.651797e+00  1.651797e+00  1.651797e+00  1.651797e+00
-0.907135  1.674698e+00  1.674698e+00  1.674698e+00  1.674698e+00  1.674698e+00  1.674698e+00
-0.904533  1.697897e+00  1.697897e+00  1.697897e+00  1.697897e+00  1.697897e+00  1.697897e+00
-0.901931  1.721397e+00  1.721397e+00  1.721397e+00  1.721397e+00  1.721397e+00  1.721397e+00
-0.899329  1.745202e+00  1.745202e+00  1.745202e+00  1.745202e+00  1.745202e+00  1.745202e+00
-0.896727  1.769316e+00  1.769316e+00  1.769316e+00  1.769316e+00  1.769316e+00  1.769316e+00
-0.894125  1.793743e+00  1.793743e+00  1.793743e+00  1.793743e+00  1.793743e+00  1.793743e+00
-0.891522  1.818486e+00  1.818486e+00  1.818486e+00  1.818486e+00  1.818486e+00  1.818486e+00
-0.888920  1.843550e+00  1.843550e+00  1.843550e+00  1.843550e+00  1.843550e+00  1.843550e+00
-0.886318  1.868938e+00  1.868938e+00  1.868938e+00  1.868938e+00  1.868938e+00  1.868938e+00
-0.883716  1.894656e+00  1.894656e+00  1.894656e+00  1.894656e+00  1.894656e+00  1.894656e+00
-0.881114  1.920705e+00  1.920705e+00  1.920705e+00  1.920705e+00  1.920705e+00  1.920705e+00
-0.878512  1.947092e+00  1.947092e+00  1.947092e+00  1.947092e+00  1.947092e+00  1.947092e+00
-0.875910  1.973820e+00  1.973820e+00  1.973820e+00  1.973820e+00  1.973820e+00  1.973820e+00
-0.873308  2.000893e+00  2.000893e+00  2.000893e+00  2.000893e+00  2.000893e+00  2.000893e+00
-0.870706  2.028316e+00  2.028316e+00  2.028316e+00  2.028316e+00  2.028316e+00  2.028316e+00
-0.868104  2.056093e+00  2.056093e+00  2.056093e+00  2.056093e+00  2.056093e+00  2.056093e+00
-0.865502  2.084228e+00  2.084228e+00  2.084228e+00  2.084228e+00  2.084228e+00  2.084228e+00
-0.862900  2.112726e+00  2.112726e+00  2.112726e+00  2.112726e+00  2.112726e+00  2.112726e+00
-0.860298  2.141592e+00  2.141592e+00  2.141592e+00  2.141592e+00  2.141592e+00  2.141592e+00
-0.857696  2.170829e+00  2.170829e+00  2.170829e+00  2.170829e+00  2.170829e+00  2.170829e+00
-0.855094  2.200443e+00  2.200443e+00  2.200443e+00  2.200443e+00  2.200443e+00  2.200443e+00
-0.852492  2.230439e+00  2.230439e+00  2.230439e+00  2.230439e+00  2.230439e+00  2.230439e+00
-0.849889  2.260820e+00  2.260820e+00  2.260820e+00  2.260820e+00  2.260820e+00  2.260820e+00
-0.847287  2.291593e+00  2.291593e+00  2.291593e+00  2.291593e+00  2.291593e+00  2.291593e+00
-0.844685  2.322760e+00  2.322760e+00  2.322760e+00  2.322760e+00  2.322760e+00  2.322760e+00
-0.842083  2.354329e+00  2.354329e+00  2.354329e+00  2.354329e+00  2.354329e+00  2.354329e+00
-0.839481  2.386303e+00  2.386303e+00  2.386303e+00  2.386303e+00  2.386303e+00  2.386303e+00
-0.836879  2.418688e+00  2.418688e+00  2.418688e+00  2.418688e+00  2.418688e+00  2.418688e+00
-0.834277  2.451488e+00  2.451488e+00  2.451488e+00  2.451488e+00  2.451488e+00  2.451488e+00
-0.831675  2.484710e+00  2.484710e+00  2.484710e+00  2.484710e+00  2.484710e+00  2.484710e+00
-0.829073  2.518357e+00  2.518357e+00  2.518357e+00  2.518357e+00  2.518357e+00  2.518357e+00
-0.826471  2.552436e+00  2.552436e+00  2.552436e+00  2.552436e+00  2.552436e+00  2.552436e+00
-0.823869  2.586952e+00  2.586952e+00  2.586952e+00  2.586952e+00  2.586952e+00  2.586952e+00
-0.821267  2.621910e+00  2.621910e+00  2.621910e+00  2.621910e+00  2.621910e+00  2.621910e+00
-0.818665  2.657316e+00  2.657316e+00  2.657316e+00  2.657316e+00  2.657316e+00  2.657316e+00
-0.816063  2.693175e+00  2.693175e+00  2.693175e+00  2.693175e+00  2.693175e+00  2.693175e+00
-0.813461  2.729492e+00  2.729492e+00  2.729492e+00  2.729492e+00  2.729492e+00  2.729492e+00
-0.810859  2.766275e+00  2.766275e+00  2.766275e+00  2.766275e+00  2.766275e+00  2.766275e+00
-0.808257  2.803527e+00  2.803527e+00  2.803527e+00  2.803527e+00  2.803527e+00  2.803527e+00
-0.805654  2.841256e+00  2.841256e+00  2.841256e+00  2.841256e+00  2.841256e+00  2.841256e+00
-0.803052  2.879467e+00  2.879467e+00  2.879467e+00  2.879467e+00  2.879467e+00  2.879467e+00
-0.800450  2.918166e+00  2.918166e+00  2.918166e+00  2.918166e+00  2.918166e+00  2.918166e+00
-0.797848  2.957359e+00  2.957359e+00  2.957359e+00  2.957359e+00  2.957359e+00  2.957359e+00
-0.795246  2.997052e+00  2.997052e+00  2.997052e+00  2.997052e+00  2.997052e+00  2.997052e+00
-0.792644  3.037252e+00  3.037252e+00  3.037252e+00  3.037252e+00  3.037252e+00  3.037252e+00
-0.790042  3.077964e+00  3.077964e+00  3.077964e+00  3.077964e+00  3.077964e+00  3.077964e+00
-0.787440  3.119196e+00  3.119196e+00  3.119196e+00  3.119196e+00  3.119196e+00  3.119196e+00
-0.784838  3.160952e+00  3.160952e+00  3.160952e+00  3.160952e+00  3.160952e+00  3.160952e+00
-0.782236  3.203241e+00  3.203241e+00  3.203241e+00  3.203241e+00  3.203241e+00  3.203241e+00
-0.779634  3.246069e+00  3.246069e+00  3.246069e+00  3.246069e+00  3.246069e+00  3.246069e+00
-0.777032  3.289441e+00  3.289441e+00  3.289441e+00  3.289441e+00  3.289441e+00  3.289441e+00
-0.774430  3.333366e+00  3.333366e+00  3.333366e+00  3.333366e+00  3.333366e+00  3.333366e+00
-0.771828  3.377849e+00  3.377849e+00  3.377849e+00  3.377849e+00  3.377849e+00  3.377849e+00
-0.769226  3.422898e+00  3.422898e+00  3.422898e+00  3.422898e+00  3.422898e+00  3.422898e+00
-0.766624  3.468520e+00  3.468520e+00  3.468520e+00  3.468520e+00  3.468520e+00  3.468520e+00
-0.764022  3.514722e+00  3.514722e+00  3.514722e+00  3.514722e+00  3.514722e+00  3.514722e+00
-0.761419  3.561510e+00  3.561510e+00  3.561510e+00  3.561510e+00  3.561510e+00  3.561510e+00
-0.758817  3.608893e+00  3.608893e+00  3.608893e+00  3.608893e+00  3.608893e+00  3.608893e+00
-0.756215  3.656877e+00  3.656877e+00  3.656877e+00  3.656877e+00  3.656877e+00  3.656877e+00
-0.753613  3.705471e+00  3.705471e+00  3.705471e+00  3.705471e+00  3.705471e+00  3.705471e+00
-0.751011  3.754681e+00  3.754681e+00  3.754681e+00  3.754681e+00  3.754681e+00  3.754681e+00
-0.748409  3.804515e+00  3.804515e+00  3.804515e+00  3.804515e+00  3.804515e+00  3.804515e+00
-0.745807  3.854981e+00  3.854981e+00  3.854981e+00  3.854981e+00  3.854981e+00  3.854981e+00
-0.743205  3.906086e+00  3.906086e+00  3.906086e+00  3.906086e+00  3.906086e+00  3.906086e+00
-0.740603  3.957840e+00  3.957840e+00  3.957840e+00  3.957840e+00  3.957840e+00  3.957840e+00
-0.738001  4.010248e+00  4.010248e+00  4.010248e+00  4.010248e+00  4.010248e+00  4.010248e+00
-0.735399  4.063321e+00  4.063321e+00  4.063321e+00  4.063321e+00  4.063321e+00  4.063321e+00
-0.732797  4.117065e+00  4.117065e+00  4.117065e+00  4.117065e+00  4.117065e+00  4.117065e+00
-0.730195  4.171489e+00  4.171489e+00  4.171489e+00  4.171489e+00  4.171489e+00  4.171489e+00
-0.727593  4.226602e+00  4.226602e+00  4.226602e+00  4.226602e+00  4.226602e+00  4.226602e+00
-0.724991  4.282412e+00  4.282412e+00  4.282412e+00  4.282412e+00  4.282412e+00  4.282412e+00
-0.722389  4.338928e+00  4.338928e+00  4.338928e+00  4.338928e+00  4.338928e+00  4.338928e+00
-0.719786  4.396158e+00  4.396158e+00  4.396158e+00  4.396158e+00  4.396158e+00  4.396158e+00
-0.717184  4.454111e+00  4.454111e+00  4.454111e+00  4.454111e+00  4.454111e+00  4.454111e+00
-0.714582  4.512796e+00  4.512796e+00  4.512796e+00  4.512796e+00  4.512796e+00  4.512796e+00
-0.711980  4.572223e+00  4.572223e+00  4.572223e+00  4.572223e+00  4.572223e+00  4.572223e+00
-0.709378  4.632399e+00  4.632399e+00  4.632399e+00  4.632399e+00  4.632399e+00  4.632399e+00
-0.706776  4.693335e+00  4.693335e+00  4.693335e+00  4.693335e+00  4.693335e+00  4.693335e+00
-0.704174  4.755040e+00  4.755040e+00  4.755040e+00  4.755040e+00  4.755040e+00  4.755040e+00
-0.701572  4.817523e+00  4.817523e+00  4.817523e+00  4.817523e+00  4.817523e+00  4.817523e+00
-0.698970  4.880794e+00  4.880794e+00  4.880794e+00  4.880794e+00  4.880794e+00  4.880794e+00
